Outfile_3.asc
NCOLS 201
NROWS 151
XLLCORNER 730592.938286
YLLCORNER 2561222.529137
CELLSIZE 145.176046
NODATA_VALUE NaN
[rows 66 to 98 of 151, columns 75 to 149 of 201]
NaN NaN NaN NaN NaN NaN NaN NaN NaN NaN NaN NaN NaN NaN NaN NaN NaN NaN NaN NaN NaN NaN NaN NaN NaN NaN 6.1 5.099076262 4.6506636589 2.5553296488 9.8846975047 30.2400621611 30.6502212362 NaN NaN NaN NaN NaN 8.3874258846 19.5134491708 30.7223216919 15.0111111111 18.7084518793 6.9666666667 1.7555555556 1.6714045971 4.8042261031 5.4615508071 16.0453558739 15.4333333333 6.55 30.4540925512 30.4666666667 30.2666666667 30.0666666667 30.3666666667 9.85 6.85 30.0666666667 30.55 30.3361506991 7.15 24.95 7.35 9.85 7.05 7.25 11.3333333333 13.6666666667 25.3666666667 8.4888888889 5.9149362158 9.1348730697 30.7539126131 30.5203870548
NaN NaN NaN NaN NaN NaN NaN NaN NaN NaN NaN NaN NaN NaN NaN NaN NaN NaN NaN NaN NaN NaN NaN NaN NaN 1.6205792798 6.2 8.6990906338 8.2761588859 7.0289342698 6.1 6.1 NaN NaN NaN 7.8 9.9 30.6840685946 30.5876160094 7.6874258846 3.1994767825 6.6 22.3333333333 7.1333333333 10.3666666667 15.5540925512 9.5453558739 30.4205792798 5.9727786529 6.6 20.0919346658 14.8727786529 15.6901371761 5.7703703704 10.9703703704 30.2703703704 5.4703703704 7.05 7.15 7.45 7.45 7.35 7.15 6.95 7.05 7.25 9.85 6.95 7.05 7.45 7.05 30.3714285714 7.25 7.3333333333 16.1666666667
NaN NaN NaN NaN NaN NaN NaN NaN NaN NaN NaN NaN NaN NaN NaN NaN NaN NaN NaN NaN NaN NaN NaN NaN 28.1269562388 3.0440446391 NaN NaN NaN 5.9 6 NaN NaN NaN NaN 6.3 15.3 30.3 5.3859420902 1.8737387429 6.9302830782 1.7666666667 17.2333333333 4.7540925512 5.3666666667 10.9333333333 6.4 30.8954770164 8.7223216919 30.15460281 6.0148090607 8.4283329622 8.1905960329 30.2380952381 30.3380952381 9.6380952381 6.95 6.85 15.8380952381 7.05 7.15 7.15 6.95 7.25 9.65 14.85 7.25 6.85 6.95 7.35 30.1761904762 7.25 7.7921691488 6.85 30.3084518793
NaN NaN NaN NaN NaN NaN NaN NaN NaN NaN NaN NaN NaN NaN NaN NaN NaN NaN NaN NaN NaN NaN NaN 22.4578685395 7.1 30.6726526899 30.3230769231 6.1 NaN NaN NaN NaN NaN NaN 6.1 30.575 30.535446344 25.8313839675 17.05559494 4.3858309864 3.898142394 1.3333333333 4.4703703704 11.8134491708 30.3761904762 30.4716618094 7.1 14.6054744498 6.6 9.8 30.3381572756 6.5282174738 5.7752416018 17.5135735976 12.25 7.25 7.35 7.15 9.75 7.25 7.25 7.05 7.25 6.95 23.75 6.95 7.05 7.05 7.05 12.1694840324 30.45 6.8033108961 1.6952247076 17.7051154274 1.5681050248
NaN NaN NaN NaN NaN NaN NaN NaN NaN NaN NaN NaN NaN NaN NaN NaN NaN NaN NaN NaN NaN NaN 30.2399385949 30.4758255781 6.6 4.8351191813 8.338878435 6.1 6.673998276 6.1 NaN NaN NaN NaN 6.5 6.3 30.6181192171 5.1 30.4615508071 11.4393193566 7.0108185325 7.9242242458 15.5393193566 30.0564102564 15.3 31 5.6 5.3 5.4 4.9 30.1240453033 8.8047379305 6.2013189489 8.2205792798 30.0615508071 30.2768182948 30.3345325216 7.25 30.6 6.75 7.6 7.7 7.4 22.8 6.95 7.05 7.35 5.1 16.2 30.2 30.2 9.1222222222 1.6336139264 10.0956009364 3.9374901471
NaN NaN NaN NaN NaN NaN NaN NaN NaN NaN NaN NaN NaN NaN NaN NaN NaN NaN NaN NaN NaN 4.2 6.7 6.7853044011 30.4897412037 11.4146632187 5.9 5.9795713869 6.2 9.7 5.9 NaN NaN 6.1 5.0538357466 6.2 5.5 5.4 5.2 5.3 5 4.9 5.8 10.04984391 6 6 5.3 30.496856485 4.5 4.5 30.402378304 6.1041611408 1.2635231517 6.2 6.1 6.95 12.45 9.95 30.0047650464 7.5 7.5 7.2 7.7 24.9 6.75 6.65 7.05 7.65 7.1 9 30.4 6.4147188482 6.5094922192 6.85 8.5570224301
NaN NaN NaN NaN NaN NaN NaN NaN NaN NaN NaN NaN NaN NaN NaN NaN NaN NaN NaN 1.2 6.6 6.6 15.2668015807 6.4 6.4 6.5 6.2 6.2 6 24.1 NaN NaN 6.2 30.2587251934 5.9 30.2333333333 6 5.3 5 5.6270461645 23.8166666667 5 6.3 6 5.8 5.8 21.6 5.8 9.9018449158 30.306919727 16.8282174738 2.8830646666 2.1306741015 7.3570224301 6.1 6.6 7.7 7.8 7.7 10 30.1 12.7 7.8 12.2 24.7 6.75 6.55 7.55 30.3 30.5 1.1 1.1 9.0777777778 27.2761904762 5.4666666667
NaN NaN NaN NaN NaN NaN NaN NaN NaN NaN NaN NaN NaN NaN NaN NaN 6.6 1.1 8.7 5.1 6.3 6.9 6.5 6.1224739802 30.1955834467 5.9084518793 9.3559224131 6.1 30.0212869664 NaN 6 6 13.1863806577 5.8 1.7205792798 5.8 5.9 6.4 5.9 5.9 6.2 6.3 6.2 6.2 12.7928371643 5.7 5.9 5.8 5.6514076045 13.7994767825 13.7690355763 5.467051395 6.6622501134 5.8453558739 16.9666666667 30.3333333333 7.6 7.1 7.3 7.2 7.5 30.4703703704 7.1 7.4 7.2 14.8 30.4222222222 6.75 4.1 1.1 30.4 4 3.9777777778 17.3761904762 5.7666666667
NaN NaN NaN NaN NaN NaN NaN 6.75 4.6 NaN NaN NaN NaN NaN 21.3 3.8 6.2 7.9 6.3 5.8 25.1242242458 6.7 9.5928371643 30.1117382165 6.5 6.2801158374 12.8060112703 5.3 5.7 6.4 5.8 6.2 5.8 5.9 5.8 5.8 7.320674489 6.1 6.1 6 6 6.1 6 6 5.6666666667 6 6.1 25.653428636 5.5042261031 8.7245006541 30.4 19.2453558739 7 5.3874920661 30.1716618094 30.1111111111 7.8 30.31898463 12.1 7.2 17.4 7.1 6.1333333333 7.3 7.2 7.2 7.1 7.5 30.6 1.4 1.2 1.1 4.1777777778 4.5761904762 30.4666666667
NaN NaN NaN 6.55 4.4 4.5 4.9 30.2 4.9 14.3 4.7 4.5 6.85 7 6.15 5.85 7.3 6 7.3 30.0242242458 5.2946277864 5.6267895821 6.5 19.1570224301 8.6661434492 30.2413293538 5.2 2.9391639897 4.7660740412 5.9 4.7167993852 5.7 6.1 30.5485927876 5.9 5.569983854 24.7545637691 30.3621827039 6.5 6.2 6.2 6.3 30.5666666667 6.3 5.8 8.3453558739 12.5267895821 15.0946277864 30.3714045971 2.59071197 8.3333333333 2.1716618094 4.6192754236 18.3602895721 13.3726779369 30.1333333333 30.3 6.1084518793 8.2681050248 7 7.5 7.2 7.2 7.6 7.6 30.4333333333 30.1222222222 7.1 7.6 4.1 6.2 6.2 3.9777777778 4.4761904762 8.4666666667
NaN 6.85 4.7 4.9 3.9 4.4 4 4.9 4.4 4.6 18.4 6.55 5.85 4 6.15 10.3 5.9 5.8 30.2242242458 5.9 13.3267895821 6.3 13.1333333333 6.59071197 23.5666666667 12.6267895821 9.6223216919 5.6 8.2499159511 5.4161994504 29.1135735976 8.0164737863 30.4892557464 4.0928371643 5.9 6.1 13.1147188482 30.4328101159 1.2694840324 6.4 6.4 16.903030303 6.5 6.2 8.59071197 5.7 12.9856743286 8.4267895821 7.4555555556 25.0333333333 24.29071197 5.7714045971 30.5768182948 30.1242242458 30.2333333333 15.8666666667 30.0333333333 7.9540925512 30.4134491708 7.2 7.5 7.6 7.2 7.6 30.5453558739 4.7615508071 7.6 30.2 5 7.7 6.2 1.1 1.2777777778 6.85 30.2666666667
4.7 7 6.7 30.2 4.1 12 4.4 4.2 4.1 4.4 6.75 6.45 5.85 6.05 10.3 7.3 6.2 30.313394791 6.3 6 5.9856743286 6.6 19.29071197 5.7892557464 1.7928371643 29.5925555291 1.7249319761 19.0127204931 30.4240453033 7.9578339874 2.7287267571 4.4740079158 14.6615508071 6.4 6.2 6.3 6.3 24.5 6.3 6.2 6.6 30.114274771 1.3768182948 6.2 4.7892557464 2.69071197 16.0333333333 8.6859549217 10.0956009364 6 30.1487248999 8.2042261031 9.653428636 14.9108185325 5.703030303 30.0555555556 30.4666666667 29.3666666667 30.6761904762 7.6 30.1289342698 30.6 8.2666666667 7.9 6.3333333333 7.6 7.8 7.7 7.6 22.9 4.2 1 4.2768182948 6.95 11.19071197
4.5 3.5 3.7 3.6 4.6 4.3 4.2 4.2 4.3 4.3 6.65 6.55 5.85 4 6.35 6.05 5.8 7 6 30.0453558739 6.4 27.278511354 8.1205792798 4.0615508071 5.4946277864 30.4315546285 25.2590193633 24.1539264695 7.2111149814 5.9967854397 5.8 6.1 6 6.3 5.7 5.6 5.4 30.1289342698 30.5067245426 5 30.3 6.6 6.3 6 5.4615508071 6.1 6.4787919471 6 12.8629494148 7.1 30.1904286252 30.2991289 23.1328101159 30.5 4.1768182948 30.4714045971 10.5869026671 30.7889883586 8.8006271054 12.3138488355 7.1 7.2 7.8 30.4550633642 20.6 7.6 4.4380952381 30.1 27.7 8 6.85 7.05 4.2564102564 7.15 13.4492063492
3.6 3.7 4.3 4.6 4.5 4.2 4.3 4.2 4.1 4.2 6.45 6.55 5.95 3.7 30.3 6.45 6.5 30.198142394 6.5 2.7666666667 6.79071197 5.6892557464 1.6384487607 7.5135735976 1.5267895821 7.0856743286 8.6784048832 23.5240453033 3.4801158374 5.6153372142 4.8897640738 11.9073155329 5.6 5.9 6.2 7.6714045971 6 5.8 6.2 22.2961517174 30.4193279424 8.1098388924 7.5892203723 4.5564102564 17.0618913743 5.8 6.6 21.1169601147 5.7892557464 30.4903557635 20.5742996679 18.5628248883 13.4666087768 7.3 4.5556550252 5.1585207206 24.0417852127 30.5134491708 6.4 30.7383691019 6.4 7.1 2.2524976531 7.9 15.6 4.3181350989 1.3703703704 7.6 7.9 7.9 6.95 4.4901371761 7.0644313952 6.95 6.85
3.9 4.2 4.2 4.4 4.4 4.5 4.1 4.3 4.3 4.3 6.55 6.55 5.85 6.65 6.05 6.75 5.95 6.4 6.5 6.5 30.3333333333 19.0928371643 3.9135735976 6.3 6.4 7.4570224301 11.9205455818 6.6 19.2120225406 30.556466985 5.4245602819 6.8 6.5 6.3 6.1 6.6 6.3 6.3 6 8.2934849615 30.4415013475 5.2 5.9 6 5.6 6.1 6.4 5.9 5.9 4.3 13.4207592179 10.0047379305 22.599404584 30.2587567673 7.1540382048 18.5528909085 6.6159705015 30.7417852127 6.8 6.5 6.5 30.3690047263 30.6595038309 30.6813298853 9.2955834467 7.2748334564 7.8 1.8666666667 4.6666666667 30.4 9.6666666667 2.3774851991 2.5314757273 22.6047379305 6.65
4.1 4.4 4.3 4.4 4.7 4.2 4.2 4.4 4.6 4.2 6.45 6.45 6.65 6.15 5.85 30.5 6.55 6.3 6.6 5.1 5.7 5.6 6.4 6.7 30.0570224301 9.39071197 6.8 5.9475950733 10.9573786367 7.3573786367 30.3380712638 30.3434849615 8.8666666667 30.5666666667 24.1666666667 7.1 6.4 26.2570224301 30.3235829038 6 5.9 5.7 5.8 13.8181192171 5.1729948341 5.5 7.8934562487 6 31.0872459465 30.6451780206 4.2205792798 5.1782210422 12.6890396954 12.1682213103 4.643952253 11.0351191813 8.8035521076 30.0903557635 30.5084518793 6.2 16.9573786367 30.5786892072 30.2813298853 24.9903557635 30.2417852127 6.6681050248 1.3374901471 6.9 30.3 30.2 30.5 20.0222222222 12.9666666667 5.2 7.25
4.3 4.4 4.6 4.4 4.3 4.3 4.3 4.3 4.1 4.3 6.65 6.65 19.9 1.2 6.45 6.15 6.25 6 6.4 30.435446344 7.9616480027 6.7 6.6 30.2 10.89071197 10.7892557464 6.8 8.6782174738 30.1381572756 16.2937128312 6.9 6.9 6.8 6.9 6.9 7 11.2084518793 12.5 30.4223216919 6.9 6.5 5.9240453033 5.1 4.9 5 6.1 6 21.9666666667 6.2 6.1 6.4 23.5666666667 9.0009114294 21.8958674673 7 30.3993623108 6.4 15.5813298853 30.9955834467 26.8302373727 30.6540925512 30.4911673208 9.0955834467 22.9417852127 5.5225890798 6.25 25.1956009364 30.5666666667 1.8666666667 1.7666666667 7.5666666667 20.85 7.85 7.55 7.55
4.5 4.4 4.4 4.7 4.2 4.3 4.2 4.2 4.2 4.2 4.3 4.3 5.75 5.95 7.6 7.7 6.75 6.3 30.3678658549 30.6181192171 4.6207704779 7.9905296316 7 5.3292657005 6.7 7 9.6 4.269104196 30.3522349452 7.2 6.9 7 6.8 7.1 6.6 6.9 1.4726779369 7 30.2090005921 7.1 2.8754153933 6 6.1 6 6 6.1 6.2 30.5666666667 6.7 20.1051154274 30.4742996679 30.6444323581 14.5838120122 7.0475304232 13.2237619586 1.541134965 7.793075142 8.8684525146 6.6958969948 30.3 4.1134491708 7.6393446036 12.1785371601 1.9384753952 30.7088191311 6.25 7.2 4.4333333333 6.9333333333 16 24.1333333333 30.3333333333 10.55 7.85 7.95
4.5 4.2 4.3 4.7 4.3 4.3 4.4 4.5 4.1 4.3 4.2 4.2 5.85 6.65 5.95 5.85 6.55 6.4 6.6 8.8955834467 13.826507906 16.5928371643 30.026286502 15.9637572938 22.7835203106 6.9 7.2 27.5703703704 20.640057876 6.9 6.9 6.9 4.0768182948 6.9 7 1.5564102564 7.8564102564 6.8 6.9 7.2 7.2 6.9 1.9843572659 6.7 6.7 6.7 30.361450055 6 7.7807843887 6.9098879263 30.5821701562 30.4983456956 7.9191643198 14.0487248999 4.4134491708 4.603030303 7.5761904762 7.2745942812 2.7132241218 15.4661434492 30.3889883586 30.2640561799 5.0457042423 1.5755853852 9.9670295079 1.5377707402 4.5222222222 3.8222222222 14.4222222222 30.1222222222 15.45 8.25 10.75 23.3547725789 5.6461399758
3.8 3.8 4 4.3 4.4 4.3 3.9 4.3 4.5 4.4 4.2 3.6 6.25 6.35 5.85 5.95 7.9768182948 6.85 6.9 16.0869632333 11.7570224301 6.926507906 14.0564484313 30.0685658488 30.0302373727 6.6 6.7 6.9 7.1 7.5268601941 6.7 30.3737387429 17.0746415108 30.6761904762 7.0761904762 4.3166666667 7 30.4166666667 7.3419755892 25.2916625669 6.9 9.0238672278 6.7 6.6 4.735446344 6.9 30.4827011897 13.8434982679 1.2923526966 4.9223216919 7.6850892186 5.7 30.3893298864 30.20209398 21.2273168347 10.9630813152 5.35 6.05 8.3111111111 4.5333333333 30.2333333333 1.6555555556 25.803030303 30.5222222222 1.4 6.05 6.8 1.2 6.95 7.25 6.95 7.85 8.15 30.5570227079 14.7245006541
5.4 5.5 4.7 4.7 3.6 3.7 3.8 3.8 3.7 3.5 3.7 3.7 5.95 6.05 4.3047650464 6.15 6.75 12.25 7.1 6.8 6.8 14.0603794978 30.2240453033 12.3911673208 30.3153372142 13.7618805153 30.31898463 30.0422194537 6.8 30.0270461645 19.2302373727 6.3 25.5869026671 6.3 15.4111111111 6.9 10 7.1 7.1 9.7 30.7444444444 19.1 7.05 30.5363636364 16.9083333333 6.9 7 13.4032244134 14.6376880965 7 6.7 6.6 7 9.6384487607 4.9765569041 5.8138991347 2.0239552048 2.9666666667 25.1111111111 4.8111111111 6.0570224301 24.247996552 6.65 30.5217300308 6.25 6.7 7.05 7.0067245426 9.5484520197 1.4081667897 6.6134491708 5.0406649427 12.55 2.378511354 30.6578339874
5.5 5.7 9.2 5.5 5.4 7.2 5.4 5.4 5.7 4.3 4.1 4.7 4.3 6.05 6.25 6.35 6.45 7.35 5.3768182948 30.497178591 30.0848537679 6.163570706 6.2540925512 9.7641856825 30.2471596063 12.44984391 6.55 14.1684525146 30.2813298853 30.2240453033 6.85 30.5134491708 30.4889883586 6.95 29.7570224301 12.6333333333 30.6333333333 30.1333333333 11.4059860233 11.4644437802 7.15 6.65 6.45 6.55 6.75 6.95 7.15 7.05 30.4815230842 5.7032244134 16.4194011491 23.8805354371 6.0838046346 30.4799677164 9.175118546 2.2476254443 12.6856826954 8.5813855149 9.9111111111 4.8111111111 20.8666666667 6.95 4.4777777778 6.65 30.2564102564 6.35 7.1564102564 7.05 6.95 12.2714045971 7.25 3.996961025 30.4937398861 7.3435428681 6.0043547631
NaN 1.4 5.6 5.5 5.4 30.3 5.4 5.6 5.4 5.5 5.3 5.6 7.65 6.45 5.85 6.25 30.49071197 7.05 11.4353191866 27.916476147 7.7598811283 16.5578339874 6.95 6.1091218061 6.75 13.1850406063 30.4266136648 6.3958969948 6.95 30.3120225406 30.5236890968 30.4393446036 6.05 10.8794273899 4.847996552 1.6555555556 6.05 8.1555555556 13.0302830782 6.55 6.85 30.1585392229 10.1839733804 6.65 30.4615508071 5.0829332032 5.0093499059 30.1490013082 7.45 7.25 28.7477344001 27.6603794978 11.6681050248 18.0417852127 30.3570224301 30.4621722674 10.0078695051 30.3883966975 7.7111111111 5.6111111111 5.2666666667 1.4761904762 7.0901371761 9.85 7.05 6.45 9.85 27.45 12.25 9.75 6.95 23.39071197 30.2589232249 12.5874474468 30.8148399063
NaN NaN 5.8 9.6 30.6 5.6 5.5 5.4 4 9.6 7.4 5.1 7.85 6.75 6.55 6.75 9.65 6.95 15.8622501134 6.95 6.95 6.75 9.6223216919 5.7260343862 6.75 6.15 5.6042261031 15.3511991882 6.15 5.65 6.35 9.4501731634 24.6440446391 11.3934119078 21.2084518793 4.7666666667 9.0969040394 1.3901371761 12.0094922192 4.2694840324 6.85 9.65 12.5266010238 14.95 7.05 4.7971540342 29.5373355562 30.3176752738 5.9617989856 6.75 17.0207592179 2.5302373727 4.9748334564 5.0178056689 16.538708522 5.8934562487 7.8048156164 8.6729948341 4.8111111111 9.75 7.05 6.85 7.05 25.0111111111 10.1111111111 18.4111111111 2.5111111111 6.95 7.05 9.85 6.95 6.85 7.0615508071 30.4923526966 30.7376880965
NaN NaN 5.3 30.4 6 6 5.7 5.7 5.6 10.35 7.85 5.2 7.65 6.95 6.65 6.85 6.55 6.45 6.65 7.05 6.85 6.65 30.2540925512 13.0134491708 5.3768182948 7.9758686137 12.9533326691 10.4705834467 6.25 6.15 5.5666666667 6.8777777778 7.0833333333 10.6897435897 6.35 6.25 6.05 5.8084518793 5.937864697 8.335208726 30.5651472445 6.75 30.3300971077 30.703030303 8.298142394 7.2768182948 27.45 7.25 6.85 8.0060112703 2.3219010501 6.95 5.5835203106 1.8574638207 7.2471417218 17.0758686137 2.378316797 8.1733912093 8.5158761576 30.2084518793 6.35 10.1333333333 6.25 5.8666666667 8.1666666667 8.0666666667 5.4666666667 5.8666666667 30.3666666667 8.3245006541 6.75 7.05 7.15 9.7311250567 8.15
NaN NaN NaN 5.4 5.2 NaN 5.7 10.4 13.15 7.85 7.85 7.85 10.45 5.7578685395 7.15 7.35 30.3270461645 4.5384487607 7.05 12.45 7.15 6.65 7.15 8.0615508071 5.3946277864 5.6267895821 5.71898463 6.478511354 6.35 9.8541587328 6.95 6.05 7.9295231453 15.9948749122 6.15 30.2333333333 5.9666666667 1.4067245426 14.7434849615 2.2811298163 6.05 6.25 10.15 7.15 7.05 16.2897785367 30.022521847 6.55 6.65 2.6235829038 6.85 6.95 20.0289342698 7.3116052299 16.5349737791 16.7117382165 11.22568603 5.7648090607 6.15 6.25 5.95 6.15 7.1555555556 4.4270461645 6.15 6.45 15.6761904762 7.3761904762 23.3761904762 1.7376880965 30.1135735976 5.8311250567 5.1 8.2147188482 30.45
13.15 7.95 NaN NaN 5.4 5.5 5.5 7.65 12.85 16.8 7.95 5.4242242458 7.85 6.85 9.55 6.95 NaN 11.6847858837 6.75 6.85 6.45 11.0333333333 16.0537203881 5.5316790289 5.7267895821 16.0856743286 30.4333333333 30.3333333333 7.25 7.25 7.15 29.55 6.55 1.7062672167 6.85 6.65 5.85 6.85 6.25 5.75 26.7207592179 6.95 17.4526087569 9.65 30.1850406063 30.6853397564 7.45 6.65 6.8705960277 7.0343272963 1.3874920661 3.8564102564 12.3 4.7564102564 1.9385891958 8.1417852127 10.9302373727 30.6937128312 6.85 6.95 1.7358404189 1.303030303 4.303030303 6.598142394 19.7777777778 30.2777777778 5.7777777778 6.9777777778 11.8777777778 30.0694840324 22.9311250567 5.3328101159 30.6660289775 23.0094922192 7.15
13.35 7.85 10.25 NaN NaN NaN 4.1 7.85 7.65 7.75 NaN 9.6558900823 7.95 6.95 9.75 7.05 7.15 7.05 7.3768182948 5.5513641714 16.1666666667 7.8 11.21056489 5.7011704976 5.91898463 30.0570224301 6.8666666667 22.45 7.15 7.25 12.35 9.6727487108 9.8175430751 30.1242242458 13.1393193566 6.85 6.25 6.95 6.85 30.4625444306 31.0570224301 16.5591076631 6.65 5.1328411419 26.2117382165 30.8060112703 22.2236890968 30.3453558739 2.4219010501 9.9115754658 9.2002554047 7.2222222222 6.55 3.8257618163 4.5977602346 6.85 11.7911673208 8.7118446873 5.7356117652 1.8208927697 4.3169517877 1.2222222222 9.0222222222 21.8202728564 30.5083333333 30.0083333333 14.8083333333 11.6083333333 4.4183739396 19.6450715499 14.5758686137 7.3192754236 30.2726779369 7.05 12.25
7.85 30.35 30.25 7.95 10.25 7.75 NaN NaN NaN NaN NaN 7.75 4.4893446036 19.75 30.102378304 7.25 6.95 9.9687796773 7.05 7.05 5.5969040394 7.0252444916 27.8418083139 5.9922860495 6.8665805837 7.5812466759 13.4666666667 7.05 6.85 6.85 6.95 6.95 7.05 6.85 6.55 5.95 6.15 6.05 6.35 6.85 26.638708522 30.7595038309 6.55 6.35 9.5318455014 30.5801158374 3.6326039052 30.3573786367 30.4683086365 6.95 9.8909187831 30.3752543046 15.573998276 1.5847858837 13.3963442264 13.5480057157 11.9101749826 30.6578339874 21.7523409952 10.1870412155 7.4421966066 6.4380952381 7.0380952381 6.9380952381 12.1380952381 12.3450715499 6.65 9.9758686137 7.05 9.4726779369 30.4578685395 4.9716618094 30.1084518793 29.19071197 7.25
10.15 9.95 4.1 7.35 7.25 7.45 7.55 7.95 10.75 10.65 7.95 NaN NaN 7.15 7.25 NaN NaN 6.85 6.95 30.0134491708 12.2915219852 6.85 5.5622501134 14.5340669095 5.6267895821 8.771505315 30.4197773382 6.55 6.75 6.95 6.85 7.05 6.6 30.4 30.2 6.35 6.45 5.95 6.85 4.6574638207 6.95 28.0993623108 5.15 6.15 6.35 30.5095238095 14.063570706 30.4055575185 5.6194193466 5.0088191311 14.9723311278 2.0248334564 20.6924010611 21.9761904762 13.6501096867 6.6314757273 6.9825157082 30.3 7.5047379305 7.7671695589 17.62568603 30.4833292142 5.95 5.85 30.4703703704 27.3726779369 30.5166666667 30.1578685395 7.6716618094 8.6453558739 14.178511354 30.3333333333 21.7 6.85 30.6245006541
20.75 15.45 7.25 7.75 7.85 7.85 7.45 7.65 7.85 13.25 7.95 10.3297141553 13.45 30.4302373727 NaN NaN 6.85 4.8 30.5570224301 6.95 5.2041568138 18.2347716914 10.9869632333 11.8666666667 30.3782210422 13.703083626 5.9198724248 5.3222222222 6.55 6.85 6.55 6.65 6.95 30.7 6.65 6.05 6.25 9.55 7.35 7.15 7.05 6.95 10.2111111111 6.15 30.4923526966 30.3419755892 8.5590193633 8.1092535051 2.4060112703 6.85 30.4329525334 6.55 6.6632972377 11.1687796773 4.8714285714 1.5333333333 8.1236890968 16.9 27.5240453033 10.7786892072 30.1282174738 5.95 30.3333333333 9.9333333333 30.4333333333 30.4333333333 30.6111111111 22.178511354 30.2333333333 5.4 21.8570224301 5.4540925512 5.9666666667 10.0270461645 14.85
15.55 30.3 10.55 30.9 12.7 30.2 7.45 7.75 8.15 7.15 7.65 7.25 30.0450715499 13.55 NaN NaN 6.75 4.7 4.6 4.8 6.95 30.2384487607 8.9225890798 9.3578339874 8.8174833192 5.9230658168 8.0504210912 6.65 6.75 6.55 6.65 7.25 7.25 7.05 6.65 6.65 6.55 9.55 7.05 8.0094922192 6.85 30.3333333333 27.9540925512 30.7714045971 NaN 7.047996552 30.5617874766 10.2889883586 4.7467825041 23.2417852127 6.6903557635 16.8146632187 5.6684525146 2.4190387257 6.2487248999 5.0648090607 6.75 8.7911673208 6.45 25.3540925512 4.6134491708 25.0889883586 4.4333333333 10.1333333333 27.5333333333 22.7333333333 11.0666666667 23.7666666667 10.3540925512 9.9453558739 30.847996552 12.2134491708 15.45 8.15 10.15
30.75 30.25 13.15 7.85 10.35 7.55 7.75 7.15 7.7761904762 30.1761904762 30.447996552 30.8666666667 8.5333333333 7.95 NaN 4.5 4.5 4.6 4.6 4.4 8.6669472598 8.6285580409 6.2574333907 7.7326204837 5.6604794146 30.3928362784 4.1 7.05 NaN 6.75 7.15 7.15 6.9 6.95 7.05 6.75 7.05 30.5 7.05 30.1513641714 5.2666666667 30.8 6.15 NaN 30.1660289775 29.8928371643 4.447996552 10.0883656714 2.0888888889 2.2955834467 1.747996552 2.0595038309 30.5422194537 6.75 30.2042261031 5.6741510037 4.4117159916 30.8268983415 30.3994484251 30.5 2.0393446036 6.75 17.3555555556 12.1555555556 4.4555555556 30.4555555556 13.3270461645 7.3761904762 4.8134491708 30.9615508071 30.5094922192 4.5660289775 30.0328101159 22.4108185325 7.05
