Outfile_2.asc
NCOLS 201
NROWS 151
XLLCORNER 733748.947016
YLLCORNER 2561541.418206
CELLSIZE 137.483444
NODATA_VALUE NaN
[rows 40 to 79 of 151, columns 90 to 179 of 201]
6.2 6.6 30.4 7.2 8.2 6.9 8 9.1 6.5 7.8 3.7 3.8 6.55 5.3 30.2 6.7 6.5 30.4 7.5 6.2 6.3 7.2 7.2 7.4 5 9.75 14.75 7.25 25.9 7.45 1 14.7 7.55 17.55 7.45 9.2 6.95 6.85 6.85 3.3 6.75 6.25 30.2 6.3 1.1 7.1 30.6 30.7 NaN NaN NaN NaN NaN NaN NaN NaN NaN NaN NaN NaN NaN NaN NaN NaN NaN NaN NaN NaN NaN NaN NaN NaN NaN NaN NaN NaN NaN NaN NaN NaN NaN NaN NaN NaN NaN NaN NaN NaN NaN NaN
6.6 6.4 6.5 6.5 6.5 3.1 6.1 6.3 24.6 16.7 4.1 5.2 5.2 12.8 12.6 1.3 6.2 7 30.2 6.6 6.3 7.1 7.1 9.9 7.3 7.15 7.45 26.7 3.1 5.7 7.15 24.3 7.55 6.25 6.15 30.3 26.9 6.75 30.3 6.05 7.1 30.3 30.6 1.1 5.3 1.2 7.3 9.2 20.6 NaN NaN NaN NaN NaN NaN NaN NaN NaN NaN NaN NaN NaN NaN NaN NaN NaN NaN NaN NaN NaN NaN NaN NaN NaN NaN NaN NaN NaN NaN NaN NaN NaN NaN NaN NaN NaN NaN NaN NaN NaN
7 6.6 6.7 6.5 6.4 30.3 30.2 25.2 5.2 6.3 7.9 1.2 5.1 6.6 30.3 6.4 5.3 6.5 30.4 5.2 30.4 10.3 7.1 7.2 7.6 30.6 6.45 6.25 9.1 16.7 7.15 7.05 6.55 30.6 11.6 6.75 6.35 6.75 6.65 5.4 6.45 30.4 10.2 10.3 6.1 3.8 19.6 8.1 20.5 25.5 NaN NaN NaN NaN NaN NaN NaN NaN NaN NaN NaN NaN NaN NaN NaN NaN NaN NaN NaN NaN NaN NaN NaN NaN NaN NaN NaN NaN NaN NaN NaN NaN NaN NaN NaN NaN NaN NaN NaN NaN
9.4 30.7 6.3 10.5 7.1 9.7 5.2 7.1 1.1 3.1 13.3 1.1 7.8 6.6 6.4 6.3 6.3 5 7.2 6.5 5.3 12.4 7.6 7.4 7.5 9.8 6.55 6.45 6.25 9.3 9 9 14.2 9 30.7 30.6 30.7 30.3 7 30.3 30.2 30.2 1.1 11.4 13.9 6.75 18.1 30.4 13.2 17.9 30.4 NaN NaN NaN NaN NaN NaN NaN NaN NaN NaN NaN NaN NaN NaN NaN NaN NaN NaN NaN NaN NaN NaN NaN NaN NaN NaN NaN NaN NaN NaN NaN NaN NaN NaN NaN NaN NaN NaN NaN
30.3 6.7 5.4 5.7 3.2 6 1.1 1.2 1.1 5.1 17.7 6.7 7.4 30.3 9.7 9.1 9 9 6.3 10.1 7.3 7.4 7.2 7.5 7.4 7.6 7.3 6.75 6.45 14.3 9.2 5.6 30.4 30.3 14.4 30.3 11.9 30.5 30.4 30.5 11.8 3.3 30.4 3.7 30.3 26.1 18.1 8.8 6.25 6.45 12.3 6.05 NaN NaN NaN NaN NaN NaN NaN NaN NaN NaN NaN NaN NaN NaN NaN NaN NaN NaN NaN NaN NaN NaN NaN NaN NaN NaN NaN NaN NaN NaN NaN NaN NaN NaN NaN NaN NaN NaN
16.8 30.3 6.5 6.6 22.8 3.2 6.3 6.5 5.2 7.6 7.2 7.3 20.1 7.2 7.6 7 9 7 7.2 7.2 7.3 7.2 7.4 7.3 7.3 6.7 30.6 30.6 6.55 30.4 30.4 9.2 24.95 7.25 7.45 16.9 30.3 30.4 6.45 30 30.4 11.8 5.1 29.6 5.3 30.5 7.2 30.2 30.4 9.1 30.3 6.85 NaN NaN NaN NaN NaN NaN NaN NaN NaN NaN NaN NaN NaN NaN NaN NaN NaN NaN NaN NaN NaN NaN NaN 7.3 10.4 5 NaN NaN NaN NaN NaN NaN NaN NaN NaN NaN NaN NaN
14.2 14.6 6.1 6.1 21.5 3.7 30.3 1.2 30.3 7.4 7.5 3.1 17.3 30.1 12.3 7.1 7 7.2 9.8 30.2 12.4 9.7 7.3 12.9 7.7 8.3 5.2 30.2 6.45 9.85 30.15 24.75 7.25 30.2 7.25 14.75 14.95 14.3 30 30.7 30.5 9.2 6.25 19.2 14.8 30.5 9.3 13.1 5.6 12.2 7.15 30.6 6.95 NaN NaN NaN NaN NaN NaN NaN NaN NaN NaN NaN NaN NaN NaN NaN NaN NaN 10.7 10.1 30.8 7.7 30.4 8.1 19.8 30.6 30.3 30.5 6 30.7 30.9 5.9 5.7 18.2 6 6 10.3 5.3
7 1.1 5.3 6.1 15.4 11.6 3.7 1 15.2 25 7.4 7.5 10 30.3 30.4 7.5 7.2 9.1 5.1 5 11.6 7.3 5.1 7.7 30.4 30.3 6.4 5.7 11.1 9.85 7.55 7.45 7.35 14.85 9.85 9.6 7.45 30.1 7.1 30.4 30.4 20 6.45 6.35 30.5 30.4 30.1 6.45 6.25 20.9 7.4 9.85 7.25 7.15 NaN NaN NaN NaN NaN NaN NaN NaN NaN NaN NaN NaN NaN NaN NaN NaN 30.9 30.5 30.9 8.2 30.4 7.6 10.6 7.3 30.5 16.9 30.9 7.9 18.1 30.3 5.5 6 15.8 6.4 5.2 5.3
5.1 30.2 30.4 20 9.8 6.5 3.8 13.8 10.1 9.7 7.3 1.1 5.8 6.2 30.3 19.8 6 7.1 14.7 17.2 9 27.3 6.1 25.9 28.5 6.2 6.4 30.6 30.2 30 7.25 12.45 30.25 17.85 7.65 17.4 14.8 30.2 9.9 30.4 6.35 6.2 6.35 15.9 30.2 9.1 6.35 6.45 30.6 6.55 19.3 30.4 30.3 9.75 NaN NaN NaN NaN NaN NaN NaN NaN NaN NaN NaN NaN NaN NaN NaN NaN NaN 7.5 22.8 31.2 8.5 9 8.1 30.5 8 20.8 8.1 10.9 5.8 30.5 5.2 5.9 7.6 7.3 5.6 NaN
5.1 5.85 30.5 7.1 7.3 6.2 1.1 6.2 3.7 7.1 8.4 1.2 7.7 5.9 6 7 30.6 30.3 30.4 14.8 30.6 30.6 10.3 5.7 14.6 9.1 30.2 9.3 30.4 5.85 6.55 30.7 12.25 31 30.1 30.05 7.45 9.7 7 6.45 5.6 5.2 6.15 3.2 19.3 7.4 30.2 6.45 14.5 7.25 30.6 30.3 30.3 7.25 7.45 NaN NaN NaN NaN NaN NaN NaN NaN NaN NaN NaN NaN NaN NaN NaN 30.5 8.4 8 8.1 8.3 10.7 8.7 13.2 8.5 30.7 8.2 18.3 5.6 5.6 5.4 5.6 7.3 7.3 NaN NaN
5.85 6.05 13.7 13.9 3.7 11.3 11.2 6.5 9 12.2 10.9 3.5 30.4 19.3 29.4 6 5.8 30.4 27.4 10.2 5.9 3.1 8.2 8.1 5.7 30.3 6 8 30.5 9.2 9.2 19.6 6.25 30.5 19.2 7.1 6.75 30.7 30.5 6.65 7.9 30.5 6.05 5.7 30.5 30.5 30.3 19.7 5.85 6.95 10.9 6.75 7.05 7.15 7.5 7.1 NaN NaN NaN NaN NaN 6.6 NaN NaN NaN NaN NaN NaN NaN NaN 7.8 7.7 8.3 10.7 18 13 30.7 10.4 11 15.7 7.8 8.3 30.5 5.8 5.8 5.7 5.4 NaN NaN NaN
6.3 1.1 1.1 1.2 3.8 1.4 6.2 6.3 1.5 18.6 3.1 30.4 30.5 30.4 30.2 30.3 1.1 3.7 12.5 7.3 30.4 3.3 8.3 16.6 7.6 5.1 30.4 17.7 25.5 7.1 30.2 12.1 6.35 5.85 30.8 29.3 6.65 8.3 30.8 3.1 8.1 3.4 5.95 6.05 7.2 8.2 5.85 30.2 30.5 30.7 6.85 6.75 11.7 5.9 7 30.2 7 6.7 6.7 6.9 6.6 6.8 6.4 NaN NaN NaN NaN NaN NaN 7.8 10.5 8.6 7.7 7.7 7.6 7.9 7.5 13.1 20.4 11 30.2 8 10.1 5.8 6 5.5 NaN NaN NaN NaN
3.8 8.3 3.9 3.7 3.8 6.3 6.6 1.2 1.3 6.4 1.1 5.1 30.4 21.7 30.2 6.1 8.7 3.7 6.2 7.8 5.85 7 7.3 24.2 7.1 19 5.85 5.95 30.3 5.3 5.75 30.2 30.5 30.3 11.6 5.8 6.65 30.5 18.4 5.9 3.6 15.8 3.2 30.4 9.6 30.3 30.3 30.5 11.1 6.15 5.75 26.6 6.7 6.3 30.3 6.9 6.8 7.2 7 6.9 6.7 6.6 6.9 NaN NaN NaN NaN NaN 6 30.1 13.4 7.8 12.8 17.7 8.1 7.6 30.7 30.2 7.9 10.3 30.1 8 7.7 8 NaN NaN NaN NaN NaN NaN
1.4 30.4 3.9 1.3 1.1 1.2 1.1 3 6.4 10.7 10.1 7.6 6.2 7.3 7.3 30.3 14.3 9 6.1 7.2 5.75 7 7 22.4 30.5 30.3 14.1 8.6 30.4 12.8 7.7 19.8 5.3 11.7 6.65 30.3 6.95 30.2 30.2 9.3 3.3 30.6 30.6 30.4 11.1 30.6 9.9 30.3 14.3 6.15 6.15 6.9 6.8 30.2 21.9 7 30.7 30.2 6.8 12.2 7 7.2 5.6 NaN NaN NaN NaN NaN 7.3 7.1 7.2 30.6 6.2 10.3 13.2 30.3 8 10.2 7.9 10.8 30.3 8.3 25.2 7.7 NaN NaN NaN NaN NaN NaN
7.2 30.4 30.2 1.1 1.3 6.2 7.6 5.2 5.1 7.7 7.9 19.1 30.3 6 24.1 9 16.8 22.1 6.3 5.1 14.8 7 16.7 9.7 14.1 30.2 30.7 5.95 7.2 8.5 30.6 30.7 22.4 5.95 30.5 6.65 6.15 30.5 6.55 7.9 3.1 3.1 3.2 8.5 3.3 30.5 7.3 30.3 12.5 10.9 30.3 6.55 6.8 6 6.1 6.9 6.8 6.6 6.6 7 7 6.8 7 NaN NaN NaN NaN 7.1 6.9 7.1 15.9 24.8 17.8 8 15.5 7.7 7.4 7.4 7.6 10.1 20.5 8 14.4 8.2 NaN NaN NaN NaN NaN NaN
3.7 28.5 6.4 13.5 3.9 11.5 30.4 30.5 30.3 15.1 9.6 26.9 6.3 7 6.2 12.1 17.1 19.7 30.3 5 19.2 30.6 30.3 5.75 5.95 5.85 5 3.3 16.6 30.3 6.25 7.3 30.4 5.85 7.6 6.15 6.05 6.15 6.2 7.7 10.9 18.5 3.1 3.1 5.9 5.7 14.5 5.75 30.3 3.1 30.1 30.6 19.2 6 30.3 6.2 6.2 6.9 30.5 7 7 30.5 NaN NaN NaN 7.2 6.6 6.4 26.8 21.9 7.5 7.1 7.1 7.4 7.9 7.7 7.6 7.5 7.8 7.5 7.9 10.6 20.7 NaN NaN NaN NaN NaN NaN NaN
1.1 3.8 8.8 1 1.4 6.2 7.3 7.7 27.9 5.2 14.7 6.4 9.9 30.1 7.2 14.7 7.7 10.1 26.7 30.2 27.3 7.2 5.1 5.1 6.05 5.85 5.95 30.4 5.85 18 30.6 6.55 6.45 30.9 12.8 5.75 30.3 5.2 30.5 17.9 5.7 7.1 8.1 3.2 5.7 30.4 30.2 14.3 9.1 7.3 30.3 30.3 5.1 7.2 10 19.6 6.9 6.7 29.4 6.5 6.9 NaN NaN NaN NaN 30.6 6.4 5.6 11.7 7.1 30.2 6.5 30.4 7.4 28 7.5 7.6 7.5 7.6 12.8 8.1 30.7 7.7 NaN NaN NaN NaN NaN NaN NaN
3.7 30.5 1.2 3.8 11.3 13 30.4 5.2 7.8 15.4 30.3 6.4 9.7 9.7 17.6 3 7.1 7.1 7.7 5.1 9.8 12.4 25.3 6.15 5.85 5.95 5.75 30.2 30.6 7.9 30.8 30.3 30.5 25.1 6.7 5.8 30.4 29.3 6.25 5.6 3.1 5.1 30.4 5.2 3.1 7.8 19.6 29.9 9.6 9.7 5.75 5.85 30.7 19.3 5.9 5.9 6.1 7 6.7 6.8 6.6 6.5 NaN NaN 13.4 28.9 30.5 7.1 14.8 7 7 7.1 9.7 30.4 7 7.1 7.3 13.1 7.9 30.5 30.5 13.1 7.9 NaN NaN NaN NaN NaN NaN NaN
1.2 6.3 5.7 30.5 24.8 6.6 5.2 5.3 5.1 20.5 7.8 25.3 5.2 5 17.4 9 5 30.3 10.3 30.1 10.1 30.3 5.3 19.8 5.65 5.75 5.65 5.95 7.9 6.15 30.3 30.3 11 30.3 30.6 30.7 30.7 30.3 30.6 7.9 30 30.4 26.7 3 3 30.2 12.8 20.2 30.5 21.9 5.85 5.75 6.05 6.05 30.5 24.8 5 7 6.8 3 3.1 6.5 6.6 6.8 NaN 6.8 10.1 7.1 6.6 7.5 5.9 3.3 30.9 7.5 11.3 7.4 7.7 7.9 8.2 20.7 15.8 7.9 10.4 7.9 NaN NaN NaN NaN NaN NaN
3.9 1.1 1.1 7 6.6 6.5 30.3 30.4 1.1 9 10.7 7.8 5.1 7.7 22.9 12.2 3.2 30.3 7.8 5.2 5.1 30.3 10.1 5.85 5.85 5.85 5.85 6.05 6.05 17.4 30.6 30.4 30.2 1.2 1.2 3.2 30.4 30.6 30.5 7.9 6.15 5.9 5.95 5.95 5.95 7.8 5.85 10.2 7.8 5.4 7.6 5.95 6.05 6.15 30.5 10.3 6.1 24.3 3.5 30.3 30.4 6.6 7.6 6.7 3.7 3.8 7.2 6.6 24.8 7.4 17.5 30.4 16.2 17.6 7.1 7.4 30.1 22.9 13 30.1 25.8 8.1 8.1 10.6 10.7 NaN NaN NaN NaN NaN
3.9 1.4 1.1 6.5 7.6 5 1.2 3.8 1 6.3 21.6 12.9 30.5 5.1 7.6 10.2 5.5 9.7 10.2 5.1 5.1 5.1 7.2 5.75 5.75 5.85 6.15 6.25 30.2 5.95 15.8 1.3 6.1 8.5 3.9 3.3 30.4 6.15 17.2 5.85 14.2 5.1 7.1 10.3 5.85 5.95 5.95 25.7 5.85 30.1 22.7 9.1 7.8 30.4 30.8 6.7 30.7 6.2 7.4 12.3 11.7 10.7 6.6 10.4 3.2 3.3 11 6.7 30.9 16.9 9.9 30.3 6.9 27.6 7.5 27.8 30.2 13.5 7.9 12.1 7.6 7.8 7.9 29.7 8 NaN NaN NaN NaN NaN
1.1 1.2 1.3 7.6 11.6 6.2 3.6 3.7 1.4 1.5 3.8 3.9 12.2 5.2 7.7 5.2 5.3 27.3 7.8 13 9.7 5.4 7.1 5.1 5.95 19.6 5.7 9 11.6 30.3 5.95 4 28.9 1.1 3.7 5.65 5.65 5.95 15.3 30.3 5.3 7.7 5 5.65 5.65 5.85 5.55 9.8 6.35 30.3 30.5 6.05 6.25 12.3 6.15 11.3 8.2 6 30.7 12.5 22.8 7.2 13.5 6.5 5.9 10.3 6.7 6.4 27.6 6.3 6.9 6.7 6.9 6.8 6.6 7.7 7.8 30.2 28.2 31 5.8 7.8 10.1 8.2 NaN NaN NaN NaN NaN NaN
1 11.2 6.2 13.1 5.7 6 1.4 1.1 3.3 30.3 3.2 30.6 6.5 14.9 14.7 30.4 30.5 26.5 15.6 7.6 5.1 5.2 7 6.05 16.3 5.85 7.7 5.95 5.7 30.8 3.4 6.15 6.2 10.3 5.65 5.65 5.85 5.85 5.1 14.8 8.5 17.9 27.8 5.7 7.3 30.7 30.5 7.7 27.8 12.4 30.2 28.3 13.1 28.6 30.4 3.8 6 6.1 7.7 30.5 13.1 13.3 10.2 5.9 6.5 9.8 30.1 10.3 6.3 30.2 7.1 30.5 30.6 7.7 7.5 7.5 7.3 10.4 9.4 7.9 7.95 7.85 7.95 30.15 NaN NaN NaN NaN NaN NaN
1.1 1.2 NaN NaN NaN 7.7 6.4 6.4 1.5 1.3 1.2 26.3 3.8 6.4 1.2 5.1 5 30 29.7 5 30.3 30.3 30.3 20.3 5.1 30.3 6.25 6.45 6.85 7.8 5.7 18.3 18.4 6.15 6.35 6.15 6.55 6.35 5.7 30.7 8.4 20.3 30.4 5.3 10.8 16.2 3 5.7 20.9 18.6 12.2 5.1 15.4 17.9 6.4 5.3 6.5 6.2 30.3 6.5 30.6 30.4 30.2 30.5 30.4 30.5 30.6 18.1 6.6 5 5.3 6.8 6.5 7.6 7.6 20.1 10.05 7.95 30.15 20.85 7.85 7.85 7.95 10.35 7.75 NaN NaN NaN NaN NaN
30.4 NaN NaN NaN NaN NaN 5 3.7 4 6.3 1.2 4.1 4.2 20.8 3 3.2 7.8 5 30.3 6.25 20.4 30.2 30.4 30.3 30.5 10.9 6.55 6.65 6.65 5.2 30.5 6.45 6.85 12.8 6.25 6.15 6.25 6.55 6.35 5.6 3.1 30.3 5.1 5.2 5.8 5.7 3.4 18 30.7 7.1 10.1 3 1.1 9.9 1.3 5.1 1.1 6 16.1 6.2 30.5 30.5 30.4 11.2 30.8 30.2 30.9 6.9 7.2 7.9 12.8 30.8 30.5 7.75 7.95 10.25 7.95 8.25 8.25 8.05 8.15 20.25 7.85 7.7 7.65 7.75 30.4 7.75 NaN NaN
NaN NaN NaN NaN 6.7 1.2 5.6 3.6 1.3 6.3 1.4 6.4 17.9 11.9 10.9 18.9 18 23 25.5 30.6 30.5 29.3 30.1 7.8 30.1 6.15 9.7 15.5 6.75 6.15 6.15 6.25 6.55 6.35 6.15 6.25 6.65 6.35 6.35 6.35 6.05 6.15 6.15 6.05 6.3 6.35 14 5.3 5.1 5.8 5.7 8.1 8.4 6.25 10.3 27.1 6.15 30.6 16.6 9.4 26.3 3.7 19.2 3.7 19.1 14.2 30.7 7.4 8.5 7.5 10.05 21.3 6.95 6.95 7.85 7.65 30.45 18.15 10.85 8.05 8.35 30.45 8.15 10.3 20.45 7.95 8.05 25.55 8.15 NaN
NaN NaN NaN 5.8 5.4 9.2 6.2 6.3 6.3 6.5 1.1 1.1 1.2 16.2 5.8 19.2 3.7 5.3 10.5 25.6 5.5 5.4 8 30.6 6.65 6.45 5.3 6.25 6.15 6.35 6.05 6.25 6.45 6.45 6.15 6.25 6.35 6.25 6.45 6.35 10.6 9 30.4 8.5 6.2 11.7 6.25 7.7 5.7 3.1 5.95 6.15 6.25 5.95 6.15 5.95 3.7 5.75 6.7 6.6 3.2 6.6 7.7 6.3 7 30.1 7.4 5.8 30.75 13.2 7.35 30.3 30.6 6.85 15.05 15.35 12.65 7.65 12.15 15.75 25.55 30.25 10.55 7.85 7.85 7.95 3.1 8.05 10.45 NaN
NaN NaN 8.2 30.6 30.3 3 1 5.6 1.2 6.2 5.6 3.1 10.7 13.3 9.1 6.2 30.3 6.6 7.1 7.9 30.3 5.5 20.6 6.55 6.35 6.35 6.45 27.8 6.25 6.25 6.35 6.35 6.8 6.25 6.65 6.55 6.55 6.35 6.35 10.8 6.35 6.3 3.8 6.15 1.5 8.8 3.1 11.2 1 5.75 5.85 6.15 6.05 5.95 6.55 6.15 6.15 8.9 1 1.2 11.7 7.05 6.95 8.2 7.05 7.25 7.8 7.65 7.85 9.95 12.85 16.8 6.85 6.55 10.05 12.65 30.25 7.35 7.75 7.65 7.65 30.35 8.05 7.85 7.75 10.25 7.85 7.65 NaN NaN
NaN NaN 5.5 5.8 8.2 4.7 5.2 4.7 3.1 3.1 5.3 5.1 5.4 6.9 6.3 5.2 5.1 5.1 7.8 3.1 5.1 7.8 12.6 10.4 7.8 6.15 6.35 15.4 10.3 7 9.7 6.7 9.8 6.65 6.45 6.25 6.55 5.4 30.4 30.3 3.1 1.1 1.2 8.3 1.2 5.2 6.05 7.8 3.1 6.05 5.85 5.75 6.35 7.8 6.35 1.3 6.15 6.35 6.75 6.75 14.2 30.4 11.8 6.95 30.7 30.4 14.2 16.8 12.55 7.55 14.95 7.65 6.85 6.75 7.25 7.55 30.3 17.75 30.55 7.45 14.95 7.35 8.15 30.6 7.95 21.05 NaN NaN NaN NaN
NaN 5.5 5.9 19.3 4.7 4.8 4.8 4.6 4.5 4.5 5.2 5.5 30.4 5.2 5.4 4.6 15.3 4.1 4.1 7.9 13.2 1.1 6 5.6 5.8 6.45 6.35 8.5 6.8 6.8 6.9 7.1 7 6.75 6.05 6.05 6.25 6.35 8.3 3.9 5.7 8.7 1.2 1 1.2 6.05 5.6 6.45 NaN 5.95 6.15 6.35 5 6.55 5.8 5 6.15 6.1 6.55 6.35 6.75 30.2 30.15 30.3 30.7 30.6 5.2 30.3 9.75 7.35 7.55 12.25 7.65 9.95 30.45 17.45 7.65 12.65 7.95 7.35 7.55 9.95 7.55 10.35 12.75 NaN NaN NaN NaN NaN
5.3 30.8 5.6 5.1 4.5 4.9 4.7 4.8 7.4 4.7 5.4 5.3 5.7 5.8 14.4 5.3 5.4 30.6 7.2 30.3 1 13.7 5.7 12.6 5.8 6.35 6.6 6.8 6.9 6.8 6.9 6.7 7.3 6.4 6.7 30.5 6.25 6.25 30.3 30.5 28.4 6.1 1.1 1.1 1.1 5.6 20.2 6.05 30.3 3.8 30.2 6.25 6.25 6.25 8.2 6.45 6.45 7.15 5 30.3 5.3 6.95 5.85 30.5 30.3 9.7 6.55 6.25 6.65 6.55 9.4 7.65 7.95 7.35 7.25 7.75 7.55 7.75 7.65 7.55 7.65 30.85 7.55 7.75 8.05 7.95 NaN NaN NaN NaN
5.4 5.4 1.4 5.3 5.2 5.2 5.3 5.5 5.1 17.7 5.4 5.6 5.7 5.4 9.6 5.4 5.3 4.7 5 30.3 14.1 1.3 5.7 5.1 30.3 6.6 6.5 6.7 6.7 6.6 6.3 30.5 6.7 6.6 6.6 6.7 5.95 6.05 30.1 30.4 1.2 3.8 3.8 1.1 1.1 6.25 3 6.15 30.8 5.8 6.05 6.25 7.1 6.15 6.65 6.55 7.05 30.3 7.05 6.95 5.1 8.9 5.1 21 30.3 29 15 7.3 6.35 30.8 31 30.4 13.4 7.55 17.85 7.65 30.45 7.65 7.75 7.65 7.35 7.35 7.45 7.35 7.85 7.45 9.25 11.6 NaN NaN
5.8 30.3 5.8 5.6 13.9 7.3 5.5 5.3 5.3 5.2 5.4 5.2 30.7 29.9 5.4 30.1 15.2 5.2 22.6 30.4 10.4 5.1 1.2 9.6 5.3 5.1 6.6 6.6 6.5 6.3 6.4 6.5 6.4 6.7 6.6 6.8 6.7 6.6 5.7 1.6 1.1 6.3 3.6 4 3.1 1.3 1.2 5.5 6.45 6.25 6.25 6.05 6.05 6.15 6.65 21.4 7.25 6.85 7.05 6.85 6.45 6.75 30.6 30.7 3.7 16.7 6.45 7.05 6.95 1.6 30.25 9.65 10.25 30.35 7.75 9.95 25.05 7.45 7.35 7.65 7.35 7.35 7.55 10.05 7.55 7.45 10.35 6.4 20.75 3.3
5.6 9.2 5.9 4.8 30.3 7.7 14.6 19.9 5.6 5.4 5.5 5.8 5.6 5.4 10.3 9.8 30.6 16 6.4 30.3 8.8 5.6 15.1 5.3 10.2 7.6 7.8 29.8 6.5 6.3 6.3 6.4 6.3 6.3 6.7 1.4 6.5 6.9 7 5.8 3.8 1.3 28.7 1.1 30.4 6.25 6.35 6.25 3.2 14 1.4 3.8 6.15 6.75 6.75 6.85 3 7.7 7.15 7.05 6.65 6.75 20.1 6.55 7.2 18.3 5.2 6.85 7.15 9.7 6.95 7.45 7.45 7.95 7.65 10.25 7.55 7.55 7.45 7.55 7.55 7.55 7.85 7.65 7.65 7.75 26.8 9.3 7.45 7.65
1.4 5.9 30.5 5.9 5.8 5.3 3.8 5.4 5.6 5.7 5.2 5.6 5.5 15.8 5.2 9.7 5.3 3 3 8 25.6 30.6 6.7 30.5 17.7 12.7 22.7 5.4 30.2 6.4 6.2 6.2 6.6 6.4 3.1 30.2 6.4 7.2 30.5 6.9 6.6 6.1 1.2 5.9 30.4 13.6 6.15 5.8 30.3 8.3 11.2 8.8 6.55 12.25 1.2 9.75 7.05 6.95 6.95 6.95 6.95 19.6 14.3 7.8 30.2 9.1 17.1 30.4 5.5 7.35 6.4 30.45 19.1 12.85 7.35 8.4 7.55 6.65 6.75 7.75 5.8 7.65 7.75 9 16 3.4 30.5 30.3 7.65 21.3
5.4 5.3 30.2 5.8 5.7 5.6 8.9 5.3 5.7 22.2 1.2 1.1 5.1 6.2 5.3 5 5.1 5.2 5.2 30 10.3 3 3 25.3 7.7 10.4 15 30.4 17.9 6.5 6.4 5.2 6.4 7.1 30.6 7.6 7.2 7 6.7 30.1 5.9 6.3 5.7 6.25 7.3 6 8.6 6.85 6.45 8.9 5.7 6.65 6.75 6.75 5.7 6.85 6.95 6.95 6.95 7.05 6.95 30.7 7.05 6.75 7.75 9 11.6 14.4 7.05 30.7 6.75 30.3 3.8 6.85 8.3 7.2 12.2 7.05 12.55 10.25 10.05 15.45 13.3 3.6 1.4 30.3 30.2 7.55 7.55 7.95
5.8 5.8 5.5 5.3 5.2 6 12.3 5.1 5.3 5.8 8.3 3.1 5.6 5.2 5.1 5.1 14.3 5.4 6.7 12.1 5.2 5 3.2 1.1 15.1 19.9 5.9 5.3 15.4 30.4 6.5 6.5 9.6 7.4 7 7.4 3.2 7.2 7.4 12.9 30.7 19.1 6.75 6.35 12.2 5.8 6.45 6.65 6.35 6.85 6.55 6.35 30.4 6.85 6.95 5 6.85 6.95 6.95 6.85 30.3 7.25 6.85 10.25 7.55 26.7 6.65 6.95 8.05 12.45 7.55 5.4 20.35 7.8 6.85 7.15 6.95 7.85 7.65 30.35 13.05 7.35 7.65 7.65 13.3 12 24.2 30.6 9.6 6.3
4.9 4.8 5 5.5 5.5 4.8 30.3 24.2 26.6 19.3 7.1 24.3 5.9 5.4 5.4 5.4 5.3 5.3 22.8 6.6 12.7 6.8 5.1 7.8 14.4 10.4 5.2 30.2 7.8 6.2 11 6.7 10 17.5 29.8 10 3.7 7.2 7.1 7.7 6.45 11 3.2 6.25 6.15 6.45 6.25 6.35 6.1 6.75 6.65 6.95 6.95 20.85 3.1 6.95 24.75 7.25 6.95 3 6.85 6.95 6.95 6.85 7.35 30.6 11.9 6.85 7.75 12.75 22.65 25.55 7.65 7.75 7.65 7.55 7.45 7.65 7.65 8.05 7.95 7.85 25.15 16.4 8.2 9.95 7.25 30.2 30.8 7.75
5.3 30.7 5.8 7.8 5.5 5.6 4.8 30.2 16.7 9 5.2 5.7 30.5 22.5 5.2 5.1 8.1 8.1 6.5 10.2 5 5.4 7.6 3.3 6.3 17.7 8 5.4 22.7 5.9 5.9 6.9 7.1 6.9 15 6.3 14.1 7.6 7.6 12.7 5.9 5.7 26.4 10.7 6.45 6.35 6.55 6.25 6.55 6.25 6.45 6.95 6.85 6.95 15.5 12.25 7.15 6.95 7.25 7.7 30.3 24.4 30.6 30.4 7.45 7.65 25.35 30.5 30.7 7.55 10.05 30.15 30.6 7.65 7.55 15.25 7.65 7.75 30.2 7.75 7.85 7.45 17.85 7.35 7.45 5.1 7.35 22.45 7.45 7.55
3.8 7 5.6 5.8 5.4 14 5.3 5.1 4.6 12.3 4.7 5.2 5.5 4.7 5.1 5.2 5.3 30.5 7.7 16.4 5.3 15.8 5.7 6 5.3 7.9 5.1 5.9 5.8 7.1 7.1 9.6 12.3 30.2 8.9 1.4 7.5 6.5 6 7.3 6.5 9 3.7 30.6 6.75 1.3 6.55 6.55 6.75 5.7 6.95 7.05 7.15 7.25 30.3 13.9 5.2 7.05 6.85 9.55 30.2 24.3 30.5 30.3 30.5 31.1 10.25 7.75 17.35 10.35 5.7 6.75 30.55 12.95 8.05 17.75 7.65 12.65 7.65 7.35 7.75 7.55 9.95 7.45 7.75 5 7.45 7.25 7.15 7.15
