Outfile_4.asc
ncols         201
nrows         151
xllcorner     733748.947016
yllcorner     2561541.418206
cellsize      137.483444
NODATA_value  -9999
[rows 0 to 36 of 151, columns 0 to 83 of 201]
-9999 -9999 -9999 -9999 -9999 -9999 -9999 -9999 -9999 -9999 -9999 -9999 -9999 -9999 -9999 -9999 -9999 -9999 -9999 -9999 -9999 -9999 -9999 -9999 -9999 -9999 -9999 -9999 -9999 -9999 -9999 -9999 -9999 -9999 -9999 -9999 -9999 -9999 -9999 -9999 7.1 -9999 -9999 -9999 10.6 8 -9999 -9999 -9999 -9999 -9999 -9999 -9999 -9999 -9999 -9999 -9999 -9999 -9999 -9999 -9999 -9999 -9999 -9999 -9999 -9999 -9999 -9999 -9999 -9999 -9999 -9999 -9999 -9999 -9999 -9999 -9999 -9999 -9999 -9999 -9999 -9999 -9999 -9999
-9999 -9999 -9999 -9999 -9999 -9999 -9999 -9999 -9999 -9999 -9999 -9999 -9999 -9999 -9999 -9999 -9999 -9999 -9999 -9999 -9999 -9999 -9999 -9999 -9999 -9999 -9999 -9999 -9999 -9999 -9999 -9999 -9999 -9999 -9999 -9999 -9999 -9999 -9999 13.7 8.5 30.7 23.6 8.3 7.9 7.9 10.6 -9999 -9999 -9999 -9999 -9999 -9999 -9999 -9999 -9999 -9999 -9999 -9999 -9999 -9999 -9999 -9999 -9999 -9999 -9999 -9999 -9999 -9999 -9999 -9999 -9999 -9999 -9999 -9999 -9999 -9999 -9999 -9999 -9999 -9999 -9999 -9999 -9999
-9999 -9999 -9999 -9999 -9999 -9999 -9999 -9999 -9999 -9999 -9999 -9999 -9999 -9999 -9999 -9999 -9999 -9999 -9999 -9999 -9999 -9999 -9999 -9999 -9999 -9999 -9999 -9999 -9999 -9999 -9999 -9999 -9999 -9999 -9999 -9999 -9999 -9999 -9999 11.2 9.1 30.7 18.7 18.5 10.9 8.4 8.5 10.7 8 8.1 8.1 13.2 18.3 8.1 8 -9999 -9999 -9999 -9999 -9999 -9999 -9999 -9999 -9999 -9999 -9999 -9999 -9999 -9999 -9999 -9999 -9999 -9999 -9999 -9999 -9999 -9999 -9999 -9999 -9999 -9999 -9999 -9999 -9999
-9999 -9999 -9999 -9999 -9999 -9999 -9999 -9999 -9999 -9999 -9999 -9999 -9999 -9999 -9999 -9999 -9999 -9999 -9999 -9999 -9999 -9999 -9999 -9999 -9999 -9999 -9999 -9999 -9999 -9999 -9999 -9999 -9999 -9999 -9999 -9999 -9999 -9999 -9999 15.9 30.7 30.6 8.9 20.6 21.1 11.3 10.9 13.2 8.4 10.7 8 25.8 10.6 8.7 13.2 15.7 -9999 -9999 -9999 -9999 -9999 -9999 -9999 -9999 -9999 -9999 -9999 -9999 -9999 -9999 -9999 -9999 -9999 26 16.2 8.1 -9999 -9999 -9999 -9999 -9999 -9999 -9999 -9999
-9999 -9999 -9999 -9999 -9999 -9999 -9999 -9999 -9999 -9999 -9999 -9999 -9999 -9999 -9999 -9999 -9999 -9999 -9999 -9999 -9999 -9999 -9999 -9999 -9999 -9999 -9999 -9999 -9999 -9999 -9999 -9999 -9999 -9999 -9999 -9999 -9999 30.1 16.1 8.8 9.2 21 30.4 8.7 30.3 13.3 16.1 18.7 30.8 30.3 10.9 11.4 11 23.9 8.9 17.6 -9999 -9999 -9999 -9999 -9999 -9999 -9999 -9999 -9999 -9999 -9999 -9999 -9999 -9999 -9999 -9999 13.4 8.1 30.8 18.8 -9999 -9999 -9999 -9999 -9999 -9999 -9999 -9999
-9999 -9999 -9999 -9999 -9999 -9999 -9999 -9999 -9999 -9999 -9999 -9999 -9999 -9999 -9999 -9999 -9999 -9999 -9999 -9999 -9999 -9999 -9999 -9999 -9999 -9999 -9999 -9999 -9999 -9999 -9999 -9999 -9999 -9999 -9999 -9999 -9999 16.2 30.7 30.2 11.6 30.4 13.3 10.9 15.7 8.3 10.8 30.4 18.3 27.9 12.7 15.1 30.4 13.6 30.2 10.9 -9999 -9999 -9999 -9999 -9999 -9999 -9999 -9999 -9999 -9999 -9999 -9999 -9999 30.7 8.5 30.9 8 10.8 30.7 30.5 10.7 -9999 -9999 -9999 -9999 -9999 -9999 -9999
-9999 -9999 -9999 -9999 -9999 -9999 -9999 -9999 -9999 -9999 -9999 -9999 -9999 -9999 -9999 -9999 -9999 -9999 -9999 -9999 -9999 -9999 -9999 -9999 -9999 -9999 -9999 -9999 -9999 -9999 -9999 -9999 -9999 -9999 -9999 -9999 -9999 30.1 11 8.7 8.4 30.3 30.3 30.7 13.6 13.2 30.8 30.6 7.2 7 7.5 7.4 7.9 13.2 8.2 7.9 -9999 -9999 -9999 -9999 -9999 -9999 -9999 -9999 -9999 -9999 -9999 13.3 30.6 18.4 30.7 30.6 21.3 30.3 8.3 10.4 10.9 -9999 -9999 -9999 -9999 -9999 -9999 -9999
-9999 -9999 -9999 -9999 -9999 -9999 -9999 -9999 -9999 -9999 -9999 -9999 -9999 -9999 -9999 -9999 -9999 -9999 -9999 -9999 -9999 -9999 -9999 -9999 -9999 -9999 -9999 -9999 -9999 -9999 -9999 -9999 -9999 -9999 -9999 -9999 -9999 30.3 26.2 30.4 30.6 11.2 13.5 8.2 13.5 8.8 30.3 15.2 7.7 12.6 7.4 7.8 9.7 6.7 13.3 8 -9999 -9999 -9999 -9999 -9999 -9999 -9999 -9999 -9999 -9999 30.1 30.2 30.9 8.3 30.5 8.6 8.6 18.9 30.3 8 30.4 -9999 -9999 -9999 -9999 -9999 -9999 -9999
-9999 -9999 -9999 -9999 -9999 -9999 -9999 -9999 -9999 -9999 -9999 -9999 -9999 -9999 -9999 -9999 -9999 -9999 -9999 -9999 -9999 -9999 -9999 -9999 -9999 -9999 -9999 -9999 -9999 -9999 -9999 -9999 -9999 -9999 -9999 -9999 -9999 30.1 30.6 10.6 11 8.5 13.4 30.1 8 7.2 10 7.2 15.1 7.7 30.1 30.4 30.8 6.7 7.5 -9999 -9999 -9999 -9999 -9999 -9999 -9999 -9999 -9999 -9999 8.3 8.6 18.4 31 8.2 10.7 11.2 18.5 8 30.4 30.9 8.1 5.1 -9999 -9999 -9999 -9999 -9999 -9999
-9999 -9999 -9999 -9999 -9999 -9999 -9999 -9999 -9999 -9999 -9999 -9999 -9999 -9999 -9999 -9999 -9999 -9999 -9999 -9999 -9999 -9999 -9999 -9999 -9999 -9999 -9999 -9999 -9999 -9999 -9999 -9999 -9999 -9999 -9999 -9999 18.5 30.6 30.5 15.9 30.5 8.4 8.4 12.4 7.2 7.2 7.3 7.5 9.9 15.2 30.3 10.7 7.5 7.4 7 7.3 -9999 -9999 -9999 -9999 -9999 -9999 -9999 -9999 -9999 8.5 8.2 8.1 30.5 8.5 8.1 10.7 8.7 30.2 15.6 26.1 18.7 10.5 -9999 -9999 -9999 -9999 -9999 -9999
-9999 -9999 -9999 -9999 -9999 -9999 -9999 -9999 -9999 -9999 -9999 -9999 -9999 -9999 -9999 -9999 -9999 -9999 -9999 -9999 -9999 -9999 -9999 -9999 -9999 -9999 -9999 -9999 -9999 -9999 -9999 -9999 -9999 -9999 -9999 24.3 10.9 8.2 11.1 30.5 10.8 26 9.9 7.3 9.8 7.1 7.3 7.1 7.5 30.3 7.4 15.2 12.8 6.9 6.9 6.7 -9999 -9999 -9999 -9999 -9999 -9999 -9999 -9999 28.5 30.1 30.6 30.3 30.1 10.3 7.9 7.9 13.2 6.2 8.2 10.5 11 30.6 8 -9999 -9999 -9999 -9999 -9999
-9999 -9999 -9999 -9999 -9999 -9999 -9999 -9999 -9999 -9999 -9999 -9999 -9999 -9999 -9999 -9999 -9999 -9999 -9999 -9999 -9999 -9999 -9999 -9999 -9999 -9999 -9999 -9999 -9999 -9999 -9999 -9999 -9999 -9999 -9999 8.2 30.4 30.7 13.3 30.4 7.9 7.2 17.4 7.8 10.1 19.4 17.5 9.8 7.7 5.9 10 7.2 7.5 7.1 6.9 6.8 -9999 -9999 -9999 10 7.6 8.1 30.3 30.9 8 30.4 8.3 8.6 28.3 25.8 10.3 7.7 7.8 23.4 23.6 12.8 10.8 31 13.3 -9999 -9999 -9999 -9999 -9999
-9999 -9999 -9999 -9999 -9999 -9999 -9999 -9999 -9999 -9999 -9999 -9999 -9999 -9999 -9999 -9999 -9999 -9999 -9999 -9999 -9999 -9999 -9999 -9999 -9999 -9999 -9999 -9999 -9999 -9999 -9999 -9999 -9999 -9999 -9999 8.8 30.3 13.1 8.1 10.7 14.9 17.7 7.2 9.9 7.3 6.6 6.5 6.8 7.5 9.9 30.6 7.6 7.5 7.4 30.3 7 6.7 -9999 -9999 7.2 7.6 10.8 10.5 18.6 30.2 8.3 8 30.3 15.6 10.5 7.8 13.1 10.2 7.9 13.3 23 10.7 10.9 8.5 18.2 -9999 -9999 -9999 -9999
-9999 -9999 -9999 -9999 -9999 -9999 -9999 -9999 -9999 -9999 -9999 -9999 -9999 -9999 -9999 -9999 -9999 -9999 -9999 -9999 -9999 -9999 -9999 -9999 -9999 -9999 -9999 -9999 -9999 -9999 -9999 -9999 -9999 -9999 30.3 30.9 25.9 7.3 7.1 6.7 6.8 7 6.6 9.6 6.9 6.2 6.8 6.7 30.6 7.5 7.3 7.6 30.4 7.5 6.4 6.9 6.6 7.3 -9999 7.3 10.5 12.3 15.9 10.8 18.2 30.6 7.9 30.8 18.3 17.3 7.7 8.2 15.5 8 30.6 10.4 30.5 8.1 8.3 29.4 13.1 -9999 -9999 -9999
-9999 -9999 -9999 -9999 -9999 -9999 -9999 -9999 -9999 -9999 -9999 -9999 -9999 -9999 -9999 -9999 -9999 -9999 -9999 -9999 -9999 -9999 -9999 -9999 -9999 -9999 -9999 -9999 -9999 -9999 -9999 -9999 -9999 13.2 15.3 10 30.3 22.3 7 6.9 6.8 10 7.1 6 7 6.9 7.5 30.4 30.3 31 7.5 25.5 18.2 30.5 6.6 6.6 6 30.2 30.6 7.2 7.4 9.6 10.8 15.7 15.6 8.1 7.8 8 15.6 10.7 7.8 8.2 7.7 8 8.3 30.5 10.8 8.1 10.8 28.2 18.3 30.3 8.5 30.2
-9999 -9999 -9999 -9999 -9999 -9999 -9999 -9999 -9999 -9999 -9999 -9999 -9999 -9999 -9999 -9999 -9999 -9999 -9999 -9999 -9999 -9999 -9999 -9999 -9999 -9999 -9999 -9999 -9999 -9999 -9999 -9999 -9999 17.3 9.8 7.5 6.9 7.1 30.2 6.8 7 7 30.5 30.5 6.8 6.8 6.8 30.6 15.5 8.4 30.6 15.3 10 12.8 23.5 6.6 30.8 6.9 7.6 7.6 15 8.1 8.2 18.3 10.6 8.2 13.1 7.9 13.3 30.7 13.4 8.3 8.1 10.7 8.1 21.1 8 8.4 8.6 15.8 8.2 8.3 21 18.4
-9999 -9999 -9999 -9999 -9999 -9999 -9999 -9999 -9999 -9999 -9999 -9999 -9999 -9999 -9999 -9999 -9999 -9999 -9999 -9999 -9999 -9999 -9999 -9999 -9999 -9999 -9999 -9999 -9999 -9999 -9999 -9999 -9999 7.9 10 7.2 7.2 7.3 7.3 6 30.5 30.6 30.7 8.4 7.1 30.6 6.9 6.7 30.5 30.7 30.5 30.7 7.9 7.6 31.3 31.4 30.6 30.7 6.1 7.2 28.1 8.3 30.1 10.9 20.5 7.9 28.1 7.9 8 8.1 10.7 8.1 10.6 30.4 10.9 8.1 30.5 10.3 25.8 8.1 8.3 8.5 15.7 8.7
-9999 -9999 -9999 -9999 -9999 -9999 -9999 -9999 -9999 -9999 -9999 -9999 -9999 -9999 -9999 -9999 -9999 -9999 -9999 -9999 -9999 -9999 -9999 -9999 -9999 -9999 -9999 -9999 -9999 -9999 -9999 -9999 7.1 7.3 6.9 7 7.1 9.6 7.3 7.1 9.7 6.8 7.1 30.3 3.8 6.8 6.6 7 19.4 5 30.4 30.7 30.4 18.5 7.1 30.5 6.5 6.3 6.3 14.8 25.1 8.2 7.3 30.5 7.9 7.9 7.8 7.6 7.9 8.2 8.3 30.1 7.8 7.6 30.2 15.6 10.2 7.7 20.6 8.3 7.4 10.9 10.5 7.5
-9999 -9999 -9999 -9999 -9999 -9999 -9999 -9999 -9999 -9999 -9999 -9999 -9999 -9999 -9999 -9999 -9999 -9999 -9999 -9999 -9999 -9999 -9999 -9999 -9999 -9999 -9999 -9999 -9999 -9999 -9999 9.6 30.3 6.9 6.9 9.7 6.8 7 30.5 6.9 7 7.1 7.3 7.3 1.6 30.6 1.6 6.8 5.7 5.9 6.2 16 6.9 7.8 7 6.4 6.6 6.5 6.8 5.7 6.5 7.5 12.6 7.5 7.9 10.9 8.1 30.3 30.2 8.2 8.1 8.2 30.5 22.3 13.6 30.7 30.1 30.8 30.3 15.7 12.3 7.6 7.4 7.3
-9999 -9999 -9999 -9999 -9999 -9999 -9999 -9999 -9999 -9999 -9999 -9999 -9999 -9999 -9999 -9999 -9999 -9999 -9999 -9999 -9999 -9999 -9999 -9999 -9999 -9999 -9999 -9999 -9999 -9999 -9999 12.3 10 6.7 6.9 9.8 6.8 7.1 6.7 6.9 6.5 9.4 6.6 3.9 6.5 30.6 9.3 14.7 30.2 6.4 6.2 6.5 6.3 6.9 8.5 6.4 30.3 6.8 6.2 6.5 6.2 6.7 7.1 7.3 8.2 30.7 30.7 7.9 8.2 13.1 7.9 8.1 5.2 8.1 17 3.5 12.6 12.9 30.8 13 8 7.3 7.7 7.2
-9999 -9999 -9999 -9999 -9999 -9999 -9999 -9999 -9999 -9999 -9999 -9999 -9999 -9999 -9999 -9999 -9999 -9999 -9999 -9999 -9999 -9999 -9999 -9999 -9999 -9999 -9999 -9999 -9999 -9999 6.9 30.1 7.3 6.7 6.8 6.9 7 6.9 7.1 6.9 31.2 7.3 18.1 30.4 13.7 9.7 30.1 16 9.7 31 30.8 6.9 6.7 6.5 15.7 6 6 23.8 6.4 6.3 6.1 6.6 15 31.1 30.2 19.2 30.3 15.6 8 23.1 23.6 30.5 28.5 23.3 15.4 8.1 30.6 7.6 7.9 30.8 6.1 30.3 30.8 18.7
-9999 -9999 -9999 -9999 -9999 -9999 -9999 -9999 -9999 -9999 -9999 -9999 -9999 -9999 -9999 -9999 -9999 -9999 -9999 -9999 -9999 -9999 -9999 -9999 -9999 -9999 -9999 -9999 -9999 -9999 7.3 10.2 3.3 6.7 7.1 6.7 7.1 7 6.8 15.8 7.2 7 30.3 23.1 30.3 30.5 5.7 25.8 6.1 6.6 6.2 11.4 6.4 -9999 5.3 6.2 5.7 29.1 6.6 6.8 5.2 -9999 19.8 30.2 9.6 13.3 30.6 30.6 13.4 10.6 15.7 30.6 13 7.7 20.6 7.5 15.1 30.3 10.2 30.9 9.8 7.2 19.3 30.6
-9999 -9999 -9999 -9999 -9999 -9999 -9999 -9999 -9999 -9999 -9999 -9999 -9999 -9999 -9999 -9999 -9999 -9999 -9999 -9999 -9999 -9999 -9999 -9999 -9999 -9999 -9999 -9999 -9999 7.3 7 30.7 6.8 6.6 23.9 6.7 10.5 30.9 6.4 27.5 6.7 7.2 6.5 6.8 30.8 29.2 19.9 6.7 30.1 6.6 6.4 5.9 6.5 18.5 6.6 6.7 6.2 6 6.3 5.9 6.6 -9999 6.3 6.6 30.4 14.9 30.5 13.1 7.9 21.7 7.9 10.6 7.7 10.4 30.4 15.3 7.4 7.5 30.5 10.6 30.8 30.6 30.8 30.9
-9999 -9999 -9999 -9999 -9999 -9999 -9999 -9999 -9999 -9999 -9999 -9999 -9999 -9999 -9999 -9999 -9999 -9999 -9999 -9999 -9999 -9999 -9999 -9999 -9999 -9999 -9999 -9999 7.5 7.4 7.7 7.2 7.1 6.9 6.7 6.8 7 6.8 6.7 6.6 30.8 6 6.5 6.5 6.5 30.6 30.5 6.1 6.6 6.4 6.5 6.1 6.7 6.6 30.4 6.2 6.8 6.1 5.9 6.4 6.6 11.8 6.1 6.5 -9999 6.9 30.4 10.5 8.4 16.9 8 10.5 8 7.7 10.1 10.2 7.5 30.2 26.3 30.8 30.2 3.5 30.5 30.4
-9999 -9999 -9999 -9999 -9999 -9999 -9999 -9999 -9999 -9999 -9999 -9999 -9999 -9999 -9999 -9999 -9999 -9999 -9999 -9999 -9999 -9999 -9999 -9999 -9999 -9999 -9999 7.5 9.7 9.8 30.1 7 6.1 29.9 6.5 5.3 30.2 6.8 6.1 6.2 6.2 30.9 6.4 11.2 6.6 8 5.7 6.8 6.8 30.6 6.6 6.7 6.8 6.7 4.2 6.6 6.5 6.5 30.4 6.4 30.7 30.1 6.4 6.6 9.8 6.1 5.4 7.9 7.9 3.8 4.4 30.2 11.4 13.1 30.5 30.6 18.4 7.2 30.6 6.2 30.5 31 7.2 30.6
-9999 -9999 -9999 -9999 -9999 -9999 -9999 -9999 -9999 -9999 -9999 -9999 -9999 -9999 -9999 -9999 -9999 -9999 -9999 -9999 -9999 -9999 -9999 -9999 -9999 -9999 30.3 30.1 6.5 6.6 27.6 7 6.4 6.2 6.6 6.8 8.1 7.3 6.4 6.6 19.9 6.4 5.1 13.1 30.4 12.9 6.2 6.5 6.8 6.3 10.9 6.3 6.7 6.6 13.5 6.8 1.6 6.4 6.3 5.9 6.5 30.5 6 30 7.2 30.4 7.3 7.1 15 5.9 20.3 10.8 8 8.1 30.9 8.1 25.6 15.2 30.7 7.4 30.6 30.2 30.6 6.4
-9999 -9999 -9999 -9999 -9999 -9999 -9999 -9999 -9999 -9999 -9999 -9999 -9999 -9999 -9999 -9999 -9999 -9999 -9999 -9999 -9999 -9999 -9999 -9999 -9999 6.2 6.3 6.7 6.4 6.5 7 7 6.5 6.7 6 7 7 6.1 6 6 6.3 6.1 17.4 30.6 11.4 29.6 30.5 6.2 6.7 6.5 6.7 6.5 6.4 6.7 1.4 30.4 5.5 5.4 5.3 5.4 5.7 5.9 9.8 25.4 6.4 6 6.3 14.3 30.4 3.4 30.8 30.2 24 8 13.4 15.6 24.3 15.3 7.8 7.1 30.1 31.1 31 8.6
-9999 -9999 -9999 -9999 -9999 -9999 -9999 -9999 -9999 -9999 -9999 -9999 -9999 -9999 -9999 -9999 -9999 -9999 -9999 -9999 -9999 -9999 -9999 -9999 -9999 6.4 6.4 6.6 6.7 6.8 6.2 6.2 6.3 6.2 6.1 8.1 6.8 6.9 6 3.7 6.8 20.5 6.2 7.9 18.1 30.5 5.3 6.5 30.6 24.8 6.6 25.6 6.5 27 18.4 5.9 5.5 5.7 5.3 5.1 5.6 5.2 30.5 6.2 6.6 6.6 6.5 6 6.2 24.4 7.1 7.6 8 12.4 30.7 6 30.7 30.2 30.7 7.5 16 28.9 8.7 10.4
-9999 -9999 -9999 -9999 -9999 -9999 -9999 -9999 -9999 -9999 -9999 -9999 -9999 -9999 -9999 -9999 -9999 -9999 -9999 -9999 -9999 -9999 -9999 -9999 6.3 6.4 6.9 6.4 6.8 6.4 6.1 6.1 6.2 6.4 6.5 6.9 6.7 7.1 7 6.7 6.2 5.9 30.3 1.5 15.9 30.7 30.5 5.9 30.4 6.5 30.7 4 14.4 6.4 30.6 5.8 5.3 6.2 5.5 5.4 5.6 5.4 5.3 6.2 30.7 5.8 6.6 6.3 6.4 7.3 7.1 7.3 30.7 30.2 7.8 7.7 30.7 7.4 6 7.3 30.7 3.5 30.9 5.5
-9999 -9999 -9999 -9999 -9999 -9999 -9999 -9999 -9999 -9999 -9999 -9999 -9999 -9999 -9999 -9999 -9999 -9999 -9999 -9999 -9999 -9999 -9999 6.4 6.3 6.7 6.4 6.3 6.8 6.4 6.4 6.4 6.4 6 12.2 7.1 6.9 7 19.6 6.5 6 30.6 30.4 25.1 22.1 6.2 30.2 26.7 11.2 6.5 6.8 3.2 30.2 6 30.7 6 30.6 5.9 6.2 5.6 5.5 5.7 5.4 3.7 5.2 5.5 6.2 6.2 5.9 6.1 6.2 30.2 7.7 30.4 30.7 7.6 30.4 7.7 28.5 30.1 8.4 8.7 5.5 30.2
-9999 -9999 -9999 -9999 -9999 -9999 -9999 -9999 -9999 -9999 -9999 -9999 -9999 -9999 -9999 -9999 -9999 -9999 -9999 -9999 -9999 -9999 -9999 6.7 30.5 7.2 6.6 6.8 5.9 5.7 6.2 6.1 5.9 6 7.1 7.1 6.9 7.1 7.1 6.4 30.5 5.6 30.5 21.8 14.5 30.6 6 30.4 6.5 6.7 6.9 6.3 6.2 6.4 10.6 6.1 5.8 5.8 6.1 5.7 30.4 5.9 5.2 5.2 5.9 5.7 5.3 6.2 6.3 6 6.3 30.5 13 15.5 17.7 7.3 7.7 30.8 30.8 5.6 30.8 30.5 26 15.5
-9999 -9999 -9999 -9999 -9999 -9999 -9999 -9999 -9999 -9999 -9999 -9999 -9999 -9999 -9999 -9999 -9999 -9999 -9999 -9999 -9999 -9999 6.1 30.5 30.8 5.9 30.5 9.2 6.6 25.9 6.1 6.2 6 5.9 7.2 7 6.7 17.1 9.1 6.3 6.4 6.2 6.4 6.2 30.4 6.8 6.7 30.5 6.8 6.9 11.4 6 10.1 6.2 30.5 6.4 6 6.7 6.6 5.3 5.6 6.1 1.1 5.8 5.6 6 5.5 6.1 6.6 6.1 6 30.7 7 7.5 16.2 13.8 7.5 12.9 6.9 5.9 21 8.4 5.9 3.2
-9999 -9999 -9999 -9999 -9999 -9999 -9999 -9999 -9999 -9999 -9999 -9999 -9999 -9999 -9999 -9999 -9999 -9999 -9999 -9999 -9999 -9999 6.1 30.4 7 30.1 31.1 9.3 3.8 6.1 6.2 6.3 6.6 6.3 23.5 6.9 6.9 30.6 30.1 5.8 3.2 6.4 6.3 6.2 13 7 8.9 8.5 6.2 6.6 6.7 6.8 6.2 6.7 30.2 12.5 6 5.4 6.2 5.6 5.6 13.5 5.8 6.3 6 5 5 5.6 6.3 6 6.3 17.5 7.5 7.2 29 26.2 16.8 12.5 6.5 5.1 6.8 5.1 8.3 5.6
-9999 -9999 -9999 -9999 -9999 -9999 -9999 -9999 -9999 -9999 -9999 -9999 -9999 -9999 -9999 -9999 -9999 -9999 -9999 -9999 -9999 -9999 -9999 6.6 14.1 30.6 31.1 30.7 16.3 3.3 6.8 6.7 6.6 6.4 30.5 29.3 6.7 9.3 6.2 20 6.1 6.4 3.4 8.5 6 31.1 6.2 6.8 6.9 6.6 6.5 6.7 6.7 7 7.2 3.2 30.4 6.1 6.1 5.4 6.3 6.4 11.7 6 5.6 4.6 5 6 5.7 6.1 30.5 10 7.5 12.4 10.2 30.6 8.4 30.5 5.8 13.4 3 6.6 10.8 5.8
-9999 -9999 -9999 -9999 -9999 -9999 -9999 -9999 -9999 -9999 -9999 -9999 -9999 -9999 -9999 -9999 -9999 -9999 -9999 -9999 -9999 -9999 -9999 26.2 6.1 1.6 6.7 6.5 6.1 5.2 6.5 7 6.6 6.9 6.2 8.3 30.2 30.2 15.9 30.2 13.4 8.5 6.5 5.9 1.1 6.5 6.7 6.5 3.1 12.2 19 7.4 7.1 6.6 7.1 9.8 7 6.9 5.4 6.3 5.9 6.4 6.4 6 5.7 5.2 5.4 6.3 6.3 6.5 6.2 12.6 30.3 7.8 15.4 17.8 8.4 5.6 30.6 30.5 5.1 5.2 30.3 30.2
-9999 -9999 -9999 -9999 -9999 -9999 -9999 -9999 -9999 -9999 -9999 -9999 -9999 -9999 -9999 -9999 -9999 -9999 -9999 -9999 -9999 5.7 6.1 5.9 5.7 6.5 6.2 6.3 6.5 6.5 6.2 6.2 6.5 6.8 6.9 1.2 10.8 22 12.3 6.2 6.1 6.8 23.6 8.9 3.1 6.9 7.2 6.7 6.2 6.5 6.3 6.3 6.6 9.3 6.5 7.1 30.4 6.7 5.9 6.3 6.2 6.2 6 5.9 6 5.5 5.5 6.5 6 7.5 18.4 7.8 12.8 8.1 10.5 7.8 7.4 8.4 3.4 10.3 30.4 10.5 3.3 3.4
-9999 -9999 -9999 -9999 -9999 -9999 -9999 -9999 -9999 -9999 -9999 -9999 -9999 -9999 -9999 -9999 -9999 -9999 -9999 30.7 19.1 5.7 6.2 17.4 30.5 13.9 17.3 6.4 6.5 5.9 6.5 6.3 6.2 6.3 6.2 3.1 30.2 5.8 6.7 6.4 3.8 9.2 6.7 3.2 12 6.3 6.8 5.9 5.5 5.6 6.1 6.2 6.1 6.2 30.9 6.1 6.7 6 5.5 6.5 6.5 6 5.9 5.9 5.4 5.4 5.4 10.6 27.2 7.5 7.6 7.9 10.7 30.4 7.7 12.6 10.3 7.7 30.6 30.6 30.3 8.4 5.3 30.2
