Outfile_1.asc
NCOLS 201
NROWS 151
XLLCORNER 730592.938286
YLLCORNER 2561222.529137
CELLSIZE 145.176046
NODATA_VALUE NaN
[rows 0 to 33 of 151, columns 75 to 149 of 201]
NaN NaN NaN NaN NaN NaN NaN NaN NaN NaN NaN NaN NaN NaN NaN NaN NaN NaN NaN NaN NaN NaN NaN NaN NaN NaN NaN NaN NaN NaN NaN NaN NaN NaN NaN NaN NaN NaN NaN NaN NaN NaN NaN NaN NaN NaN NaN NaN NaN NaN NaN NaN NaN NaN NaN NaN NaN NaN NaN NaN NaN NaN NaN NaN NaN NaN NaN NaN NaN NaN NaN NaN NaN NaN NaN
NaN NaN NaN NaN NaN NaN NaN NaN NaN NaN NaN NaN NaN NaN NaN NaN NaN NaN NaN NaN NaN NaN NaN NaN NaN NaN NaN NaN NaN NaN NaN NaN NaN NaN NaN NaN NaN NaN NaN NaN NaN NaN NaN NaN NaN NaN NaN NaN NaN NaN NaN NaN NaN NaN NaN NaN NaN NaN NaN NaN NaN NaN NaN NaN NaN NaN NaN NaN NaN NaN NaN NaN NaN NaN NaN
NaN NaN NaN NaN NaN NaN NaN NaN NaN NaN NaN NaN NaN NaN NaN NaN NaN NaN NaN NaN NaN NaN NaN NaN NaN NaN NaN NaN NaN NaN NaN NaN NaN NaN NaN NaN NaN NaN NaN NaN NaN NaN NaN NaN NaN NaN NaN NaN NaN NaN NaN NaN NaN NaN NaN NaN NaN NaN NaN NaN NaN NaN NaN NaN NaN NaN NaN NaN NaN NaN NaN NaN NaN NaN NaN
NaN NaN NaN NaN NaN NaN NaN NaN NaN NaN NaN NaN NaN NaN NaN NaN NaN NaN NaN NaN NaN NaN NaN NaN NaN NaN NaN NaN NaN NaN NaN NaN NaN NaN NaN NaN NaN NaN NaN NaN NaN NaN NaN NaN NaN NaN NaN NaN NaN NaN NaN NaN NaN NaN NaN NaN NaN NaN NaN NaN NaN NaN NaN NaN NaN NaN NaN NaN NaN NaN NaN NaN NaN NaN NaN
NaN NaN NaN NaN NaN NaN NaN NaN NaN NaN NaN NaN NaN NaN NaN NaN NaN NaN NaN NaN NaN NaN NaN NaN NaN NaN NaN NaN NaN NaN NaN NaN NaN NaN NaN NaN NaN NaN NaN NaN NaN NaN NaN NaN NaN NaN NaN NaN NaN NaN NaN NaN NaN NaN NaN NaN NaN NaN NaN NaN NaN NaN NaN NaN NaN NaN NaN NaN NaN NaN NaN NaN NaN NaN NaN
NaN NaN NaN NaN NaN NaN NaN NaN NaN NaN NaN NaN NaN NaN NaN NaN NaN NaN NaN NaN NaN NaN NaN NaN NaN NaN NaN NaN NaN NaN NaN NaN NaN NaN NaN NaN NaN NaN NaN NaN NaN NaN NaN NaN NaN NaN NaN NaN NaN NaN NaN NaN NaN NaN NaN NaN NaN NaN NaN NaN NaN NaN NaN NaN NaN NaN NaN NaN NaN NaN NaN NaN NaN NaN NaN
NaN NaN NaN NaN NaN NaN NaN NaN NaN NaN NaN NaN NaN NaN NaN NaN NaN NaN NaN NaN NaN NaN NaN NaN NaN NaN NaN NaN NaN NaN NaN NaN NaN NaN NaN NaN NaN NaN NaN NaN NaN NaN NaN NaN NaN NaN NaN NaN NaN NaN NaN NaN NaN NaN NaN NaN NaN NaN NaN NaN NaN NaN NaN NaN NaN NaN NaN NaN NaN NaN NaN NaN NaN NaN NaN
NaN NaN NaN NaN NaN NaN NaN NaN NaN NaN NaN NaN NaN NaN NaN NaN NaN NaN NaN NaN NaN NaN NaN NaN NaN NaN NaN NaN NaN NaN NaN NaN NaN NaN NaN NaN NaN NaN NaN NaN NaN NaN NaN NaN NaN NaN NaN NaN NaN NaN NaN NaN NaN NaN NaN NaN NaN NaN NaN NaN NaN NaN NaN NaN NaN NaN NaN NaN NaN NaN NaN NaN NaN NaN NaN
NaN NaN NaN NaN NaN NaN NaN NaN NaN NaN NaN NaN NaN NaN NaN NaN NaN 7.9 7.9 NaN NaN NaN NaN NaN NaN NaN NaN NaN NaN NaN NaN NaN NaN NaN NaN NaN NaN NaN NaN NaN NaN NaN NaN NaN NaN NaN NaN NaN NaN NaN NaN NaN NaN NaN NaN NaN NaN NaN NaN NaN NaN NaN NaN NaN NaN NaN NaN NaN NaN NaN NaN NaN NaN NaN NaN
NaN NaN NaN NaN NaN NaN NaN NaN NaN NaN NaN NaN NaN NaN NaN NaN 7.9 7.9 7.9 NaN NaN NaN NaN NaN NaN NaN NaN NaN NaN NaN NaN NaN NaN NaN NaN NaN NaN NaN NaN NaN NaN NaN NaN NaN NaN NaN NaN NaN NaN NaN NaN NaN NaN NaN NaN NaN NaN NaN NaN NaN NaN NaN NaN NaN NaN NaN NaN NaN NaN NaN NaN NaN NaN NaN NaN
NaN NaN NaN NaN NaN NaN NaN NaN NaN NaN NaN NaN NaN NaN 8 8 15.5 7.9 7.9 NaN NaN NaN NaN NaN NaN NaN NaN NaN NaN NaN NaN NaN NaN NaN NaN NaN NaN NaN NaN NaN NaN NaN NaN NaN NaN NaN NaN NaN NaN NaN NaN NaN NaN NaN NaN NaN NaN NaN NaN NaN NaN NaN NaN NaN NaN NaN NaN NaN NaN NaN NaN NaN NaN NaN NaN
NaN NaN NaN NaN NaN NaN NaN NaN NaN NaN NaN NaN 7.9 7.9 7.9 7.9 7.9 10.5 8.1 8 NaN NaN NaN NaN NaN NaN NaN NaN NaN NaN NaN NaN NaN NaN NaN NaN NaN NaN NaN NaN NaN NaN NaN NaN NaN NaN NaN NaN NaN NaN NaN NaN NaN NaN NaN NaN NaN NaN NaN NaN NaN NaN NaN NaN NaN NaN NaN NaN NaN NaN NaN NaN NaN NaN NaN
NaN NaN NaN NaN NaN NaN NaN NaN NaN 7.9 7.9 8 7.9 7.9 7.9 7.9 7.9 7.9 7 10.2 NaN NaN NaN NaN NaN NaN NaN NaN NaN NaN NaN NaN NaN NaN NaN NaN NaN NaN NaN NaN NaN NaN NaN NaN NaN NaN NaN NaN NaN NaN NaN NaN NaN NaN NaN NaN NaN 7.45 NaN 15.25 NaN NaN NaN NaN NaN NaN NaN NaN NaN NaN NaN NaN NaN NaN NaN
NaN NaN NaN NaN NaN NaN NaN NaN NaN 7.9 8.5 8 8 7.9 7.9 7.9 7.9 7.9 7.9 8 NaN NaN NaN NaN NaN NaN NaN NaN NaN NaN NaN NaN NaN NaN NaN NaN NaN NaN NaN NaN NaN NaN NaN NaN NaN NaN NaN NaN NaN NaN NaN 7.35 7.35 7.35 5 7.45 7.45 30.25 7.75 7.55 7 7.45 NaN NaN NaN NaN NaN NaN NaN NaN NaN NaN NaN NaN NaN
NaN NaN NaN NaN NaN NaN NaN NaN 7.9 7.9 7.9 7.9 7.9 8 8 7.9 8 8 8 8 8.1 NaN NaN NaN NaN NaN NaN NaN NaN NaN NaN NaN NaN NaN NaN NaN NaN NaN NaN NaN NaN NaN NaN NaN NaN NaN NaN NaN NaN NaN NaN 7.45 7.35 7.35 7.45 7.55 12.75 7.75 3 7.45 7.55 7.45 7.45 NaN NaN NaN NaN NaN NaN NaN NaN NaN NaN NaN NaN
NaN NaN NaN NaN NaN NaN NaN 8 7.7 7.7 7.7 7.7 9.9 7.4 12.2 8.1 7.9 7.9 7.9 7.9 7.6 NaN NaN NaN NaN NaN NaN NaN NaN NaN NaN NaN NaN NaN NaN NaN NaN NaN NaN NaN NaN NaN NaN NaN NaN NaN NaN NaN NaN NaN 8 7.8 1 8 8.3 8 8 8 30.1 7.45 30.1 7.45 7.45 NaN NaN NaN NaN NaN NaN NaN NaN NaN NaN NaN NaN
NaN NaN NaN NaN NaN 7.8 7.8 12.9 7.1 1.1 9.6 7.4 7.3 7.3 7.3 7.4 7.5 7.4 8 7.9 8 7.9 NaN NaN NaN NaN NaN NaN 8.1 NaN NaN NaN NaN NaN NaN NaN NaN NaN NaN NaN NaN NaN NaN NaN NaN NaN NaN NaN NaN NaN 8.2 8 8.1 8 7.9 15.5 7.9 8 7.55 7.45 7.55 7.45 7.45 7.55 NaN NaN NaN NaN NaN NaN NaN NaN NaN NaN NaN
5.3 NaN NaN 1.2 8.9 3.8 1.3 6.4 1.1 3.6 7.4 7.4 7.4 7.4 7.4 7.4 7.4 10 7.4 3.7 10.7 8 NaN NaN NaN NaN NaN NaN 19.6166666667 10.9 23.2 NaN NaN NaN NaN NaN NaN NaN NaN NaN NaN NaN NaN NaN NaN NaN NaN NaN NaN NaN 10.8 30.3 8 8 8 15.6 10.5 13.1 8 10.15 7.4618913743 7.55 7.55 7.65 NaN NaN NaN NaN NaN NaN NaN NaN NaN NaN NaN
12.6 7.6 8 7.5 7.7 7.7 7.8 7.7 7.7 1 7.3 7.3 7.3 7.3 7.3 7.3 7.3 7.3 7.5 7.3 7.4 7 8 7.9 NaN NaN NaN NaN 30.3703703704 10.5333333333 30.9 8.2 8 8 8 3.6 NaN NaN NaN NaN NaN NaN NaN NaN NaN NaN NaN NaN NaN NaN NaN 10.8 8 7.2 1.1 7.9 7.9 8 7.9 8 12.65 7.45 24.878511354 7.45 7.45 NaN NaN NaN NaN NaN NaN NaN NaN NaN NaN
7 7 7.9 9.6 7.3 7.7 7.8 7.7 7.7 3 7.3 7.3 7.3 7.3 7.3 7.3 7.3 7.3 7.3 7.4 7.4 7.4 8.1 8 8 7.9 7 7.9 8.1 8.3 10.6 15.8 13.2 8 7.7 3.7 7.6 7.8 NaN NaN NaN NaN NaN NaN NaN NaN NaN NaN NaN NaN 7.7 7.7 30.4 8 8.2 7.9 7.9 7.3257618163 7.9 7.9 8.1 7.45 7.55 8.0540925512 NaN NaN NaN NaN NaN NaN NaN NaN NaN NaN NaN
7.4 7.3 6.1 7.3 7.8 7.8 7.8 7.7 7.3 7.3 7.3 7.3 7.3 7.3 7.3 7.3 7.3 7.3 7.3 7.3 7.4 10.1 8.1 10.5 7.9 7.9 7.9 7.9 10.5 10.9 8.1 22.9 7.9 7.8 5 7.5 1 7.9 8 6.2 7.4 NaN NaN NaN NaN NaN 7.6 NaN 7.6 7.6 3.1 7.6 7.7 11.3 7.1 7.8 7.7 7.8 7.7 7.9 7.55 7.65 7.45 NaN NaN NaN NaN NaN NaN NaN NaN NaN NaN NaN NaN
7 6.8 1.1 7.4 10.3 7.7 20.2 7.3 7.3 7.3 7.3 7.3 7.3 7.3 7.3 7.3 7.3 7.3 7.3 7.3 7.4 10.2 7.5 8 7.9 7.9 7.5 7.6 10.2 19.8666666667 7.6 6.5333333333 1.3703703704 7.6 30.4 7.4 7.1 7.8 7.7 7.3 7.3 7.3 7.3 7.3 7.3 7.6 7.6 7.6 7.6 7.8 7.6 7.6 7.7 7.9 8 12.8 7.8 10.3 8 7.55 7.65 7.75 7.55 7.55 7.45 NaN NaN NaN NaN NaN NaN NaN NaN NaN NaN
7.1 6.8 6.7 7.4 7.8 7.4 7.1 10.3 7.4 3 7.3 7.3 7.3 7.3 7.3 7.3 7.3 7 7.3 14.8 7.4 7.4 7.1 7.5 7.9 7.6 7.2 7.2 5.4513641714 9.6666666667 7.7 8.5333333333 12.5 7.6 7.7 7.4 7.5 10.2 7.6 7 7.2 7.2 1 1 1 3.6 7.7 7.7 7.8 7.8 7.7 7.7 9.9289342698 7.8 12.1384487607 10.4 15.5 8.2 7.45 7.45 7.55 7.55 7.55 7.25 9.85 9.75 7.35 7.65 10.35 7.95 22.3 7.75 7.65 7.65 NaN
6.8 6.8 6.3 6.7 6.1 7.4 7.1 7 7.5 7.6 15.1 7.5 7.4 9.9 7.4 9.6 7.4 7.1 7.2 7.2 7 7.4 7.1 6.9 7 6.7 6.6 7.2380952381 6.0703703704 7.3 30.3 7.6 13.5513641714 7.4 3.1 7.3 7.1 14.1 17.1 24.6 1 10.6 7.5 1.1 9.8 1.1 7.7 7.7 7.8 7.6 5.8002805931 7.7 7.8 7.8 7.8 20.2540925512 7.65 7.65 10.05 7.45 7.65 7.55 12.65 9.95 12.35 7.35 7.15 7.65 10.65 20.95 10.45 7.65 7.85 7.65 7.65
6.5 6.7 6.7 6.6 6.1 6.9 7 6.9 1 7.3 7.4 9.9 14.9 7.4 7.4 3.6 7.3 12.3 7.7 1.1 7.2 7.4 15.3 7.2 7.2 6.2 1.2 9.7 7.2 7.3 9.9 7.3 8.4333333333 7.6 7.5 7.4 1.1 7.8 8.1 30.5 1.6579244652 6.5489137706 7.5 1.2129588438 1 1 7.2 6.9 7 6.8 7.2 7.7 7.2 2.0245006541 7.55 8.6333333333 7.65 30.61898463 7.75 7.55 30.15 15.05 7.55 7.95 7.25 7.35 7.35 7.45 7.85 8.05 8.15 7.75 7.75 7.85 NaN
6.4 6.8 6.7 6.8 5.3 1 NaN 6.9 1 1 1 7.3 7.5 7.3 7.3 7.4 7.5 7.3 7.3 7.2 7.1 7.2 5.373998276 6.3777777778 7 3.9777777778 3.4777777778 7.2 7.3 7.5 10.1 7.5 22.7 7.7 3.4564102564 12.4 7.4 10.2 7.9 12.8 7.7 7.7685127644 7.5991289 3.898142394 7.9 7.8 7.2 10.6 3 7.2 7.2 7.3 2.0540925512 6.45 7.45 7.45 7.65 7.55 7.65 30.25 12.75 7.85 7.65 7.45 7.35 7.25 14.95 9.75 7.45 7.55 10.55 7.75 7.65 7.75 NaN
6.3 6.4 6.6 6 6.7 NaN 7 NaN 6.9 1.2222222222 1.2289342698 7.3 7.3 10 1.373998276 7.1 9.903030303 7.2 7.2 7.2 7.5 9.9 7.3 8.6761904762 7.1 7.4761904762 3.4761904762 3.6945644158 16.7708182626 8.297178591 7.2 30.2 7.8617382165 7.5166666667 1.5166666667 5.4714045971 7.3 7.6 7.6 2.1430664066 7.6120225406 13.4047379305 16.1904286252 8.4211282852 1.5901371761 1.5094922192 7.6 3.4289342698 7.3 7.3 7.4 7.2 4.3333333333 6.85 7.45 7.45 7.55 7.75 3.3032369137 7.75 7.55 20.95 7.75 7.75 7.75 30.3 22.75 30.4 7.45 7.55 17.85 7.65 7.45 7.75 NaN
6.5 6.3 6.4 6.6 6.6 6.7 6.6 NaN 7 17.903030303 7.4 7.4333333333 1.4333333333 7.5 7.5 15 7.3 8.6270461645 7.2 7.2 7.8453558739 7.1 7.1 8.1111111111 8.1111111111 8.2111111111 18.2111111111 9.0609550211 6.7012482872 30.4777777778 13.4874258846 14.3080151505 14.92568603 22.7380983798 25.4333333333 12.2540925512 6.2111111111 7.7 7.7 7.7 7.7 10.3 30.4273928005 10.8921877893 24.8666666667 10.2622501134 10.1 10.5 8 12.7156866083 7.4 7 6.65 7.05 23.75 7.65 10.25 10.25 7.75 7.85 25.1 8.25 7.75 7.45 7.65 8.05 8.05 10.05 7.45 7.55 7.65 7.65 7.45 NaN NaN
6.9 7 7 6.6 6.8 6.8 6.8 6.7 5.5555555556 6.9 7.3 7.4 7.7666666667 9.8333333333 7.4 15.3111111111 7.6 7.3 10.3333333333 7.1 1.1 7.1 7.1 8.6666666667 6.6666666667 8.6666666667 8.6666666667 9.5200953027 7.0708927697 30.1120225406 12.5240453033 6.1840685946 30.3314757273 4.640057876 4.3333333333 6.5 7.1 7 6.8 4.5825157082 6.8 7.6 7.7 4.5575575791 4.3333333333 4.278511354 10.1 9.647996552 9.6585207206 9.8982350545 7.9 7.1993623108 6.85 6.85 7.55 9.2032369137 7.55 7.55 7.55 7.2 6.5 24.1 7.85 10.45 12.85 15.85 7.95 7.95 14.3 7.65 15.25 7.95 30.2 NaN NaN
7.1 6.9 6.9 6.6 7.3666666667 6.7 6.5 6.6 6.3333333333 10.9333333333 7 7.4 7.1 7.4 9.9 4.7666666667 7.3 7.4 7.4 7.4 7.1 7.1 1.5555555556 7.4761904762 7.4761904762 7.4761904762 7.5761904762 1.7019522925 5.7897640738 7.1245602819 6.8047379305 6.7 8.9112105808 9.7555555556 7 7 7.1 7.1 3.6523689097 3.8536979496 6.8 7 9.7100148419 7.5 30.2245006541 2.7666666667 2.6 7.9 8 13.2159705015 3.038708522 6.35 6.95 23.5237619586 7.45 7.45 7.45 25.35 7.75 11.3 14.6 5.6 12.75 7.75 10.55 7.85 7.75 7.65 10.35 7.85 7.35 30.3 NaN NaN NaN
10.1111111111 6.6 6.9111111111 6.3 4.1111111111 6.5 4.2111111111 3.9245006541 6.8 3.9333333333 7 7.9084518793 6.9 7.2 7.1 7.4761904762 7.3 7.3 7.3 6.5681050248 7.1 3.3094922192 6.9 6.9 7.2777777778 7.2777777778 12.8777777778 12.8777777778 5.6617382165 6.9958969948 8.6351191813 6.421584533 6.217305074 1.503030303 6.8 7 7 7.1 3.303030303 3.7797798013 6.5714285714 7 22.7137297639 8.5268601941 10.0134491708 13.2270461645 5.7453558739 7.8 8 5.1786892072 4.59071197 2.4127204931 6.85 7.05 7.45 7.1 14.7 7.75 7.65 7.45 25.25 7 30.3 10.55 7.95 7.65 10.45 3.1 7.75 7.95 7.65 12.55 7.45 NaN NaN
6.2 6.3 9.5166666667 5.6 9.4166666667 6.2 6.7 6.8 6.7 6.6 6.6 6.9 6.9 7 7.1 1.2847858837 7.3 7.3 7.5 7.1 7.2 7.3147188482 1.2083333333 7.2021130107 7 5.3 7.1 5.2694840324 7.3 7.4 6.5412609479 30.1555555556 3.403030303 3.3083333333 1.3083333333 3.3083333333 7 7 5.8777777778 3.4761904762 6.9 6.9 7.4 7.2777777778 9.9635231517 7.3094922192 8 7.9 4.0568038428 7.6 7.35 4.8302373727 7.05 5.8253443262 7.65 7.55 7.45 12.85 7.45 7.55 7.45 7.55 10.35 10.55 8.05 10.25 7.65 7.85 7.75 13.05 7.65 12.1 7.85 NaN NaN
6.3 6.1 6 5.8 5.8 5.9 6.4 6.6 6.5 6.7 6.6 6.7 12.1 7 10.1 1.3021130107 7.2 7.5 9.7 7.2 9.6 30.2 9.6 7 7.2 5.1 5 5.2777777778 5.4761904762 7.4 6.9 3.5969040394 5.3923526966 14.3047650464 3 6.9 7.2618913743 1.3333333333 3.5134491708 7 4.6666666667 2.1111111111 7.4 7.2777777778 6.2 9.2222222222 3.3094922192 5.9389532194 6.8853397564 7.7297003671 6.85 6.85 6.95 7.15 7.75 7.55 7 7.75 7.55 7.55 7.55 7.65 12.75 7.75 7.75 7.95 7.75 7.65 7.75 13.05 7.85 7.35 7.45 NaN NaN
9.8 6.9 6.9 5.8 5.9 5.7 6.3 5.7 5.6 6.4 6.6 7.8 6.8 7 7 7.3 7.2 7.2 7.1 7 7 7 7 9.8 12.1 5 5 5.2777777778 5.4761904762 6.7666666667 8.6666666667 7.5761904762 5.3777777778 7.1 5 3.2393193566 26.0533326691 7 4.0540925512 6.9 25.9333333333 8.1111111111 1.4166666667 14.8777777778 7.6 5.2660289775 3.4134491708 5.9084518793 5.2183739396 12.6535234292 6.75 6.95 30.0666666667 8.2111111111 7.45 7.45 10.35 7.75 7.65 7.45 7.65 27.75 7.55 7.75 7.75 7.75 7.85 7.65 7.75 7.85 7.55 7.35 7.45 7.35 NaN
