Outfile_1.asc
NCOLS 201
NROWS 151
XLLCORNER 730592.938286
YLLCORNER 2561222.529137
CELLSIZE 145.176046
NODATA_VALUE NaN
[rows 33 to 65 of 151, columns 0 to 74 of 201]
NaN NaN NaN NaN NaN NaN NaN NaN NaN NaN NaN NaN NaN NaN NaN NaN NaN NaN NaN NaN NaN NaN NaN NaN NaN NaN NaN NaN NaN NaN NaN NaN NaN NaN NaN NaN NaN NaN NaN NaN NaN NaN NaN NaN 6.9 7.75 9.65 10.05 8.65 7.25 9.1 12.3 6.95 6.95 7.3 7.1 8.15 8.95 13.1618913743 12.3115508071 6.1705792798 7.078511354 5.75 6.95 7.75 7.65 7.6 8.55 7 7.25 6.1661994504 5.3663880718 6.85 5.9660289775 6.45
NaN NaN NaN NaN NaN NaN NaN NaN NaN NaN NaN NaN NaN NaN NaN NaN NaN NaN NaN NaN NaN NaN NaN NaN NaN NaN NaN NaN NaN NaN NaN NaN NaN NaN NaN NaN NaN NaN NaN NaN NaN NaN NaN 7.85 8.1 8.55 8.35 7.8 7 7.3 7.9 7 6.75 6.85 7.7 9.05 8 8 7.65 7.85 6.9 6.0770461645 6.978511354 1.7 20.1743333333 20.1073333333 12.8517072729 7.1 8.4 7.65 7 6.75 6.7 5.7222222222 6.35
NaN NaN NaN NaN NaN NaN NaN NaN NaN NaN NaN NaN NaN NaN NaN NaN NaN NaN NaN NaN NaN NaN NaN NaN NaN NaN NaN NaN NaN NaN NaN NaN NaN NaN NaN NaN NaN NaN NaN NaN NaN NaN NaN 7.3 4.65 7.55 5.05 1.65 1.55 1.5 7.1 6.8 6.65 6.75 8.9 7.1 7.9 14.55 6.8 5.964274771 6.9 6.8 12.5705792798 15.5040925512 8.3 7.8 7.05 9 8.6 7.25 9.4327842464 4.997996552 7.8017858479 12.2717300308 6.15
NaN NaN NaN NaN NaN NaN NaN NaN NaN NaN NaN NaN NaN NaN NaN NaN NaN NaN NaN NaN NaN NaN NaN NaN NaN NaN NaN NaN NaN NaN NaN NaN NaN NaN NaN NaN NaN NaN NaN NaN NaN NaN NaN 5.25 5.75 4.5 4.85 1.9 1.45 10.8 7.25 7.45 7.95 6.95 7.6 7.85 7.5 13.15 10.55 5.45 6.75 6.8 6.85 5.9634491708 7.1 7.3 4.9884487607 5.2226779369 6.95 4.9333333333 10.35 7.4 5.8660289775 11.4 8.55
NaN NaN NaN NaN NaN NaN NaN NaN NaN NaN NaN NaN NaN NaN NaN NaN NaN NaN NaN NaN NaN NaN NaN NaN NaN NaN NaN NaN NaN NaN NaN NaN NaN NaN NaN NaN NaN NaN NaN NaN NaN NaN NaN 4.3 7.25 1.55 10 1.65 1.9 1.9 8.75 9.3 9.1 8.15 6.85 16.2 7.8 4.85 6.85 5.65 6.9 4.45 4.7828101159 7.1 6.1056550252 7 7.25 7.7 7.3 8.65 8.45 7.75 7.5 10.95 4.8
NaN NaN NaN NaN NaN NaN NaN NaN NaN NaN NaN NaN NaN NaN NaN NaN NaN NaN NaN NaN NaN NaN NaN NaN NaN NaN NaN NaN NaN NaN NaN NaN NaN NaN NaN NaN NaN NaN NaN NaN NaN NaN NaN NaN 4.7 4.55 1.85 7.2 7.35 7.9 7.25 15.15 7.65 9.65 7.6 4.8 13.7 20.013 4.85 4.85 4.95 4.75 5.7 1.75 1.8 6.95 8.3 5.2953558739 8.25 2.7084518793 8.0634491708 8.45 7.05 7.4 8.75
NaN NaN NaN NaN NaN NaN NaN NaN NaN NaN NaN NaN NaN NaN NaN NaN NaN NaN NaN NaN NaN NaN NaN NaN NaN NaN NaN NaN NaN NaN NaN NaN NaN NaN NaN NaN NaN NaN NaN NaN NaN NaN 6.85 7.05 6.9 6.9 1.85 9.2 1.85 7.1 8.8 7.95 8.5 10.1 10.2 8.05 4.8 13.2 11 7.95 7.3 1.6 1.85 1.6 4.65 7.75 6.85 6.5 6.3 8.45 6.95 7.3 10.0618913743 8.75 8.4
NaN NaN NaN NaN NaN NaN NaN NaN NaN NaN NaN NaN NaN NaN NaN NaN NaN NaN NaN NaN NaN NaN NaN NaN NaN NaN NaN NaN NaN NaN NaN NaN NaN NaN NaN NaN NaN NaN NaN NaN 1.4 4.55 5.15 2 4.65 6.95 9.1 7.55 8.5 1.8 12.3 8.3 9.5 8.35 4.7 9.3 1.8 7.05 6.9 1.55 1.55 7 5 16.05 6.75 6.85 6.6 6.15 6.25 6.75 6.9 7 7.1 10.8268182948 4.914274771
NaN NaN NaN NaN NaN NaN NaN NaN NaN NaN NaN NaN NaN NaN NaN NaN NaN NaN NaN NaN NaN NaN NaN NaN NaN NaN NaN NaN NaN NaN NaN NaN NaN NaN NaN NaN NaN NaN NaN 9.15 4.9 6.45 4.8 5.05 5.8 7.1 1.95 6.9 15 7.55 10.85 5 9.2 5.8 10.05 7.35 8.45 4.95 1.65 1.55 4.8 5.1 6.65 6.65 6.25 6.3 6.2 6.15 6.3 15.5856743286 6.85 6.95 12.3705792798 8.75 6.95
NaN NaN NaN NaN NaN NaN NaN NaN NaN NaN NaN NaN NaN NaN NaN NaN NaN NaN NaN NaN NaN NaN NaN NaN NaN NaN NaN NaN NaN NaN NaN NaN NaN NaN NaN NaN NaN NaN NaN 7.05 7 4.9 6.7 6.95 4.65 5.15 6.65 6.6 6.95 7.05 6.75 7.35 4.7 7.55 10.75 11.6 10.95 1.95 4.7 6.35 4.5 4.75 6.3 6.4 9.15 11.35 6.15 6.2 6.35 6.4 8.9 7.7 6.078511354 5.3392557464 7.9
NaN NaN NaN NaN NaN NaN NaN NaN NaN NaN NaN NaN NaN NaN NaN NaN NaN NaN NaN NaN NaN NaN NaN NaN NaN NaN NaN NaN NaN NaN NaN NaN NaN NaN NaN NaN NaN NaN NaN 8 12.15 6.95 7 7.15 6.5 5.65 4.5 6.6 6.7 6.9 7.35 5.9 6.5 8.65 11.3 4.7 16.75 4.7 6 4.3 5.35 5.35 6.6 6.2 6.4 4.8 6.15 4.85 6.1 6.3 13.6767895821 17.3356743286 17.6833333333 6.65 6.5892557464
NaN NaN NaN NaN NaN NaN NaN NaN NaN NaN NaN NaN NaN NaN NaN NaN NaN NaN NaN NaN NaN NaN NaN NaN NaN NaN NaN NaN NaN NaN NaN NaN NaN NaN NaN NaN NaN NaN 9.05 7.7 9.55 9.6 7.9 6.9 6.85 7.8 7.85 7.2 6.9 7.65 7.6 7.1 5.05 7.75 6.8 4.55 6.8 7.55 6.8 6.35 4.45 6.55 4.8 4.4 6.25 6 6.45 6.15 6.45 5.95 11.9446277864 16.5767895821 14.4356743286 6.55 7.65
NaN NaN NaN NaN NaN NaN NaN NaN NaN NaN NaN NaN NaN NaN NaN NaN NaN NaN NaN NaN NaN NaN NaN NaN NaN NaN NaN NaN NaN NaN NaN NaN NaN NaN NaN NaN NaN NaN 8.6 11.45 7.95 7.95 8.5 7.45 7.4 7.2 6.85 7.1 7 7.05 7.3 7.15 7.8 7.05 7.15 7.05 7.05 4.9 4.55 5.65 6.6 13.25 5.75 6.4 6.1 6.55 19.35 6 4.6 6.75 7.05 6.8 6.45 5.1166666667 19.9230224301
NaN NaN NaN NaN NaN NaN NaN NaN NaN NaN NaN NaN NaN NaN NaN NaN NaN NaN NaN NaN NaN NaN NaN NaN NaN NaN NaN NaN NaN NaN NaN NaN NaN NaN NaN NaN NaN NaN 10.35 12.5 9.6 8.1 8.75 13.5 10.05 7.7 7.2 5.8 7.15 8.4 8.6 7.35 8.1 4.55 4.5 4.65 4.7 7.65 6.25 18.7 15.7 7.6 12.15 9.55 8.65 5.9 5.9 6 7 7.15 7 13.2742242458 12.4946277864 19.6428371643 19.99898463
NaN NaN NaN NaN NaN NaN NaN NaN NaN NaN NaN NaN NaN NaN NaN NaN NaN NaN NaN NaN NaN NaN NaN NaN NaN NaN NaN NaN NaN NaN NaN NaN NaN NaN NaN NaN NaN NaN 9.45 8.7 8.95 12.55 7.75 8.8 10.45 7.15 7.1 7.15 7.85 7.05 7.15 7.05 7.45 4.65 6.8 5 6.15 6.4 9.45 13.15 1.8 10.75 6.3 4.4 4.6 10.95 6.55 7.2 7 8.05 10.7083333333 14.2583333333 10.635702243 18.2423526966 12.9928371643
NaN NaN NaN NaN NaN NaN NaN NaN NaN NaN NaN NaN NaN NaN NaN NaN NaN NaN NaN NaN NaN NaN NaN NaN NaN NaN NaN NaN NaN NaN NaN NaN NaN NaN NaN NaN NaN NaN 9.15 14.75 10.85 17.15 9.95 8.1 15.25 4.7 7.05 7.75 8.3 7.85 7.55 11.85 7 7.05 7.2 7.15 4.7 6.15 4.7 5.35 5.9 5.05 4.5521130107 5.95 6.45 6.65 6.65 5.0277777778 8.6 7.35 13.353030303 9.653030303 8.903030303 6.95 6.8
NaN NaN NaN NaN NaN NaN NaN NaN NaN NaN NaN NaN NaN NaN NaN NaN NaN NaN NaN NaN NaN NaN NaN NaN NaN NaN NaN NaN NaN NaN NaN NaN NaN NaN NaN NaN NaN 7.85 10.3 7.7 8.85 10.3 8.8 8.4 7.8 10.2 5.3 7.2 19.994 19.935 19.95 7.1 6.95 7.1 6.9 1.85 7.35 6.3 6.45 5.9188440482 5.485702243 4.8064102564 4.8847858837 6.25 6.35 5.0166666667 7.1 5.2261904762 9.3 9.5 10.35 6.8 7.1 7 11.0761904762
NaN NaN NaN NaN NaN NaN NaN NaN NaN NaN NaN NaN NaN NaN NaN NaN NaN NaN NaN NaN NaN NaN NaN NaN NaN NaN NaN NaN NaN NaN NaN NaN NaN NaN NaN NaN 7.3 4.6 14.05 10.65 12.5 8.85 10.35 15.35 7.55 8.3 16.2 8.25 5.05 8.75 7.3 9.6 7 6.75 4.7647188482 6.65 6.2 5.65 2.1347858837 2.2192754236 6 5.95 6.2 5.9 12.9584518793 7.7 7.35 9.85 7.95 7.6 7 8.1333333333 8.6333333333 11.2570224301 7.75
NaN NaN NaN NaN NaN NaN NaN NaN NaN NaN NaN NaN NaN NaN NaN NaN NaN NaN NaN NaN NaN NaN NaN NaN NaN NaN NaN NaN NaN NaN NaN NaN NaN NaN NaN 7.75 8.5 8.35 12.35 7.7 9.55 13.3 9.3 9.15 8.15 10.4 8.4 10.4 8.4 7.65 8.85 8.2 6.65 5.65 4.8594922192 2.0884487607 2.4226779369 2.1166666667 2.4261904762 2.1216618094 6.3453558739 6.8540925512 7.2166666667 20.0083333333 7.75 8.8 19.909 6.64071197 NaN NaN 8.1 7.45 14.4333333333 8.35 7.4
NaN NaN NaN NaN NaN NaN NaN NaN NaN NaN NaN NaN NaN NaN NaN NaN NaN NaN NaN NaN NaN NaN NaN NaN NaN NaN NaN NaN NaN NaN NaN NaN NaN NaN NaN 9.05 8.8 4.75 7.75 8.65 10.15 7.9 9.3 5.1579276146 11 11.75 8.2 9.85 15.1 5.1768601941 9.5 2.4401371761 7.55 5.0761904762 6.4555555556 6.5166666667 5.9333333333 5.7611111111 3.0166666667 4.7333333333 8.9 10.5333333333 7.74071197 6.55 7.25 8.8 7.65 7.4 NaN NaN NaN NaN 10.15 6.0666666667 10.95
NaN NaN NaN NaN NaN NaN NaN NaN NaN NaN NaN NaN NaN NaN NaN NaN NaN NaN NaN NaN NaN NaN NaN NaN NaN NaN NaN NaN NaN NaN NaN NaN NaN NaN NaN 8.1 7.9 7.35 9.95 8.7 5.2608185325 9.0399385949 10.25 5.1517858479 11.5816790289 5.3181050248 5.3134491708 2.2078685395 11 2.16898463 5.3166666667 20.0693333333 8.35 12.7666666667 18.9333333333 2.2 5.4333333333 3.7166666667 3.19071197 3.0245006541 2.4953558739 6.5555555556 10.3714045971 6.3 7.3 7.75 10.2 7.2 NaN NaN NaN NaN 1.3450715499 4.8564102564 8.85
NaN NaN NaN NaN NaN NaN NaN NaN NaN NaN NaN NaN NaN NaN NaN NaN NaN NaN NaN NaN NaN NaN NaN NaN NaN NaN NaN NaN NaN NaN NaN NaN NaN NaN NaN NaN 12.1 11.8 14.1 20.0040715499 5.2258686137 9.7 15.2042261031 8.65 9.1 8.75 2.4584518793 5.7745006541 20.102511354 14.45 12.65 8.35 13.05 6.5166666667 3.028511354 5.4745006541 2.3453558739 2.16898463 2.047996552 2.2578685395 2.1542261031 6.2384487607 8.6017858479 8.75 4.79984391 9.75 9.6 15.75 NaN NaN NaN NaN NaN NaN NaN
NaN NaN NaN NaN NaN NaN NaN NaN NaN NaN NaN NaN NaN NaN NaN NaN NaN NaN NaN NaN NaN NaN NaN NaN NaN NaN NaN NaN NaN NaN NaN NaN NaN NaN NaN NaN NaN 11.7135231517 19.9204922192 8.6726779369 10.5876880965 19.9846618094 6.7745006541 11.4 8.5 16.2333333333 7.55 8 9.05 12.35 8.25 NaN NaN 7.5 6.95 9.6542261031 1.9115508071 4.7768601941 1.9517858479 6.273998276 1.903428636 2.1789342698 7.6608185325 7.85 9.25 10.7 11.05 10.45 7.65 NaN NaN NaN NaN NaN NaN
NaN NaN NaN NaN NaN NaN NaN NaN NaN NaN NaN NaN NaN NaN NaN NaN NaN NaN NaN NaN NaN NaN NaN NaN NaN NaN NaN NaN NaN NaN NaN NaN NaN NaN NaN NaN NaN NaN 10.15 11.2453558739 18.3 9.8 10 19.45 5.9111111111 7.35 11.3 20.0645555556 12.05 11.4 NaN NaN NaN NaN 6.85 9.253428636 5.085702243 5.0202728564 6.3579276146 1.75 9.6 5.7 7.5 8.7 12.1 12.3 7.95 8.2 NaN NaN NaN NaN NaN NaN 7.85
NaN NaN NaN NaN NaN NaN NaN NaN NaN NaN NaN NaN NaN NaN NaN NaN NaN NaN NaN NaN NaN NaN NaN NaN NaN NaN NaN NaN NaN NaN NaN NaN NaN NaN NaN NaN NaN NaN NaN 20.026 10.65 7.55 10.5 8.75 7.55 8.75 9.7 20.0724922192 18.25 10.65 NaN NaN NaN NaN NaN 7.15 7.35 8.7 4.6 4.75 7.85 11 6.05 4.75 7.4 9.5 10.65 7.6 NaN NaN NaN NaN NaN NaN 7.9
NaN NaN NaN NaN NaN NaN NaN NaN NaN NaN NaN NaN NaN NaN NaN NaN NaN NaN NaN NaN NaN NaN NaN NaN NaN NaN NaN NaN NaN NaN NaN NaN NaN NaN NaN NaN NaN NaN NaN NaN 8.95 12.2 17.4 9.9 8.4 8.25 8.85 10.05 8.45 9.45 NaN NaN NaN NaN NaN 7.2 8.3 8.1 5.65 10.65 4.45 12.95 8.5 8 8.3 7.9 9.1 NaN NaN NaN NaN NaN NaN NaN NaN
NaN NaN NaN NaN NaN NaN NaN NaN NaN NaN NaN NaN NaN NaN NaN NaN NaN NaN NaN NaN NaN NaN NaN NaN NaN NaN NaN NaN NaN NaN NaN NaN NaN NaN NaN NaN NaN NaN NaN NaN NaN 9.5 12.75 NaN NaN 11.5 8.35 11.85 12.95 NaN NaN NaN NaN NaN NaN 6.8 NaN 6.95 5.5 7.4 7.35 7 NaN 6.9 7.35 7.35 7.9 NaN NaN NaN NaN NaN NaN NaN NaN
NaN NaN NaN NaN NaN NaN NaN NaN NaN NaN NaN NaN NaN NaN NaN NaN NaN NaN NaN NaN NaN NaN NaN NaN NaN NaN NaN NaN NaN NaN NaN NaN NaN NaN NaN NaN NaN NaN NaN NaN NaN NaN NaN NaN NaN 10.05 7.9 13.4 13.9 NaN NaN NaN NaN NaN NaN NaN NaN 6.75 6.95 7 7.1 NaN NaN NaN NaN 6.95 7.7 NaN NaN NaN NaN NaN NaN NaN NaN
NaN NaN NaN NaN NaN NaN NaN NaN NaN NaN NaN NaN NaN NaN NaN NaN NaN NaN NaN NaN NaN NaN NaN NaN NaN NaN NaN NaN NaN NaN NaN NaN NaN NaN NaN NaN NaN NaN NaN NaN NaN NaN NaN NaN NaN NaN 8.15 NaN NaN NaN NaN NaN NaN NaN NaN NaN NaN NaN NaN NaN NaN NaN NaN NaN NaN 6.7 NaN NaN NaN NaN NaN NaN NaN NaN NaN
NaN NaN NaN NaN NaN NaN NaN NaN NaN NaN NaN NaN NaN NaN NaN NaN NaN NaN NaN NaN NaN NaN NaN NaN NaN NaN NaN NaN NaN NaN NaN NaN NaN NaN NaN NaN NaN NaN NaN NaN NaN NaN NaN NaN NaN NaN NaN NaN NaN NaN NaN NaN NaN NaN NaN NaN NaN NaN NaN NaN NaN NaN NaN NaN NaN 6.6 NaN NaN NaN NaN NaN NaN NaN NaN NaN
NaN NaN NaN NaN NaN NaN NaN NaN NaN NaN NaN NaN NaN NaN NaN NaN NaN NaN NaN NaN NaN NaN NaN NaN NaN NaN NaN NaN NaN NaN NaN NaN NaN NaN NaN NaN NaN NaN NaN NaN NaN NaN NaN NaN NaN NaN NaN NaN NaN NaN NaN NaN NaN NaN NaN NaN NaN NaN NaN NaN NaN NaN NaN NaN NaN NaN NaN NaN NaN NaN NaN NaN NaN NaN NaN
NaN NaN NaN NaN NaN NaN NaN NaN NaN NaN NaN NaN NaN NaN NaN NaN NaN NaN NaN NaN NaN NaN NaN NaN NaN NaN NaN NaN NaN NaN NaN NaN NaN NaN NaN NaN NaN NaN NaN NaN NaN NaN NaN NaN NaN NaN NaN NaN NaN NaN NaN NaN NaN NaN NaN NaN NaN NaN NaN NaN NaN NaN NaN NaN NaN NaN NaN NaN NaN NaN NaN NaN NaN NaN NaN
NaN NaN NaN NaN NaN NaN NaN NaN NaN NaN NaN NaN NaN NaN NaN NaN NaN NaN NaN NaN NaN NaN NaN NaN NaN NaN NaN NaN NaN NaN NaN NaN NaN NaN NaN NaN NaN NaN NaN NaN NaN NaN NaN NaN NaN NaN NaN NaN NaN NaN NaN NaN NaN NaN NaN NaN NaN NaN NaN NaN NaN NaN NaN NaN NaN NaN NaN NaN NaN NaN NaN NaN NaN NaN NaN
