Outfile_2.asc
NCOLS 201
NROWS 151
XLLCORNER 733748.947016
YLLCORNER 2561541.418206
CELLSIZE 137.483444
NODATA_VALUE NaN
[rows 80 to 119 of 151, columns 90 to 179 of 201]
6.3 5.2 5.6 6.2 6.5 6.4 5.7 5.6 5.2 5.8 5.2 5.2 5.5 30.5 12.9 5.5 5.3 9.7 30.9 30.7 30.2 30.6 21.9 6.5 30.5 20.5 30.1 6.1 30.2 6.3 30.1 7 30.8 30.8 30.5 26.6 30.4 30.2 24.9 7.1 7.6 30.4 22.6 6.85 6.85 6.75 6.55 6.55 7.05 7.1 7.05 30.55 9.55 7.35 20.2 9.55 6.95 7.55 3.9 7.7 3.7 8.3 6.2 5.7 6.55 7.35 10.15 7.55 7.3 17.65 30.15 6.65 6.75 6.75 20.35 7.45 7.55 7.35 7.35 7.55 10.05 5.3 7.25 7.35 7.35 7.15 19.7 7.15 6.95 6.75
6.3 14.1 8.2 6.2 6.3 6.1 6.3 6.5 6.1 30.4 5.6 3.3 4.9 5.2 5.1 5.9 6 19.9 30.9 30.6 30.4 7.8 30.8 30.2 6.9 5.6 30.3 1 13 6.4 30.1 7 27.3 17.3 30.1 30.5 7.1 17.2 11.8 7.6 7.2 7.45 30.1 7.15 7.25 9.85 10.25 7.35 9.85 7.15 29.45 7.45 7.25 9.85 30.1 30.6 7.15 7.15 7.15 6.95 13.1 11 3.8 20.6 7.05 30.4 11.6 11.5 8.9 11.4 7.55 13.7 7.55 7.65 3.7 7.35 7.45 7.35 3.6 7.45 7.65 7.45 7.25 7.15 7.15 7.45 12.2 7.25 7.15 6.55
6.3 6.1 6.5 9.1 30.3 6.2 6.2 6.5 30.3 6.3 30.4 30.9 6.1 5.9 9.3 30.6 30.5 6.1 30.6 6.6 30.5 7.3 16.8 9.1 30.6 30.6 30.6 24.1 6.3 17.3 9 30.2 9.2 7.1 12.5 9.2 30.3 7.2 7.1 6.75 7.25 7.35 7.25 7.65 9.85 9.8 7.25 7.45 7.45 7.25 7.35 7.45 9.75 7.15 12.15 24.2 30.5 6.95 7.25 7.05 3.2 6.4 10.7 28.4 6.55 7.7 4 6.35 6.35 6.55 6.75 6.85 6.65 30.6 1.1 22.1 6.1 7.55 7.65 7.65 7.65 7.35 7.35 9.75 7.35 7.25 7.45 9.95 9.95 6.55
9.3 6 6.3 30.3 6.6 6.3 6.5 6.5 6.2 6.3 6.2 6.6 6.2 19.3 30.6 6.3 5.6 3.8 6.2 6 10.9 22.3 30.2 9.8 7.2 7.8 5.35 5.95 6.05 9.9 6.25 7 14.1 7.6 30.4 7.2 22.3 6.9 6.85 7.15 6.95 7.05 9.75 7.35 27.4 7.5 21.7 7.05 6.95 8.05 12.15 7.35 25.25 9.65 7.25 30.5 30.4 7.15 7.35 6.95 7.1 1.2 17.3 3.8 30.3 1 6.65 6.05 6.15 6.85 6.65 6.55 6.55 9.95 7.45 1.1 7.45 7.65 7.35 7.45 7.35 7.25 5.1 7.25 7.15 7.15 7.35 9.7 9.85 6.65
30.5 30.7 19.5 14.1 30.2 17.3 30.5 6.7 6.4 6.7 30.5 6.5 6.2 30.4 7 30.5 30.5 30.7 30.2 30.3 5.7 3.2 15.6 30.7 3.6 5.85 5.35 25.2 14.5 30.9 30.6 30.3 30.2 30.4 30.4 6.15 9.7 30.4 7.15 6.95 30.6 6.95 9.8 10.05 31 30.75 7.35 7.8 6.95 6.85 17.65 12.45 6.85 7.05 12.05 7.25 9.55 7.15 7.05 7.05 6.95 1.4 4.1 1.2 6 6.85 1.2 6.2 6.05 6.45 6.85 7.55 7.45 7.55 6.3 7.45 12.45 7.55 30.2 7.25 9.85 7.15 25.3 7.55 7.25 7.65 7.35 7.45 7.45 6.55
19.1 6.1 6.4 6.4 6.4 27.1 6.5 7.4 6.5 30.7 30.6 6.5 14.8 6.6 6.7 6.6 30.5 14.6 6.6 6.6 6.8 8 6.7 30.6 7.6 30.3 30.4 30.6 30.4 30.5 30.3 9.2 12.4 30.4 6.05 27.3 6.75 7.2 30.4 30.5 30.5 30.5 30.5 10 30.5 30.6 7.15 9.85 7.05 7.15 6.95 10.55 8.05 17.95 7.05 6.6 5.7 7.05 7.25 7.25 3.9 3.9 1.3 6.65 6.75 6.85 7.15 1.3 8.9 7.25 7.05 7.15 30.45 7.75 9.95 7.35 9.95 1 14.75 7.35 7.25 3.2 12.55 7.35 10.05 27.2 12.3 9.75 5.55 5.45
16.1 7.05 30.5 14.9 30.4 6.3 30.1 21.7 19.3 5.65 6.05 5.65 6.15 30.6 6.35 6.85 6.65 29.8 9.8 12.6 30.7 6.95 9.7 24.8 30.5 12.5 30.4 30.7 30.6 30.2 21.8 14.3 6.15 5.2 21.8 16.7 10 7.15 7.15 30.3 6.85 7.1 7.25 11.9 30.4 9.1 14.3 6.95 7.25 6.95 7.15 30.7 8.25 7.25 25.2 13.9 30.5 20.8 5.7 1.5 6.3 6.75 14 10.4 11.4 6.55 9.7 6.85 8.3 7.15 26.7 6.65 6.65 27.65 10.25 17.75 11.4 17.55 12.65 30.3 20.15 25.15 7.55 7.35 10.05 5.65 5.55 5.55 4.65 4.65
6.05 7.9 10.1 19.6 7.8 30.4 25.8 11.8 5.95 5.65 6.15 6.25 30.4 9.7 5.2 10.3 30.2 6.75 6.35 30.4 30.1 30.6 30.7 30.4 14.9 30.5 25 17.2 30.4 17.4 30.5 6.65 6.65 6.35 30.4 6.35 7.15 6.95 7.05 12.15 6.95 9.9 6.45 30.4 26.6 30.2 12.15 15.3 30.4 30.6 7.15 7.35 7.65 24.65 6.75 7.35 3.1 7.1 14.1 7.05 6.4 3.8 6.95 7.7 7.3 3.7 6.2 6.3 7.05 7.05 9.55 6.3 6.75 22.65 7.75 30.35 1.3 7.35 9.2 7.55 7.55 7.15 5.35 5.65 5.45 5.65 6.2 4.85 4.65 4.65
10.4 5.4 8 30.6 30.2 7.8 18.8 23.3 6.35 6.05 6.25 7.2 6.35 5.95 30.5 6.45 17.4 8.2 6.35 9.8 16.7 30.4 30.5 12.4 30.7 22.4 30.3 7.1 30.4 6.55 6.75 6.85 9.1 6.35 30.4 24.3 30.4 7.25 9.75 7.15 6.75 6.75 6.85 30.6 30.5 6.85 6.65 6.75 12.9 11.7 30.5 11.6 30.4 7.45 7.15 7.05 13.8 8.8 3.8 3.8 15.05 30.6 6.45 6.65 7.05 6.75 6.55 6.85 6.95 6.75 6.4 6.95 6.95 7.55 7.55 12.45 7.6 7.25 7.25 7.75 7.45 5.45 5.45 5.75 5.35 4.75 4.65 4.55 4.55 4.55
7.8 5.7 5.85 5.95 30.3 5.1 7.8 11 26 6.15 6.55 30.5 6.05 6.25 6.35 6.65 6.85 6.55 30.5 30.3 6.75 30.5 30.7 22.1 30.7 30.7 30.4 30.5 6.25 6.25 20.1 6.65 6.15 30.4 16.9 6.15 26.9 30.4 25.5 29.4 14.65 6.85 30.4 6.95 6.65 6.85 6.95 30.5 6.95 19.6 17 16.8 6.65 6.1 14.2 1.1 30.3 11.6 3.9 6.2 3.9 3.9 6.3 6.35 6.65 6.85 6.75 6.65 7.05 6.65 6.55 3.7 6.55 6.55 7.25 7.15 7.25 7.15 7.35 7.35 5.55 5.45 4.85 4.55 4.75 4.65 NaN NaN NaN NaN
5.3 5.2 3.8 7.7 30.6 30.5 3.3 5.65 5.75 5.95 6.35 6.35 30.4 30.2 8.1 30.5 30.5 6.15 3.4 16.5 5.2 3.1 19.2 30.5 28.6 6.3 29.2 9.1 5.95 6.05 10.3 6.25 30.4 14.2 6.45 30.5 30.6 22.2 5.2 14.4 30 17 6.75 30.4 6.65 30.4 6.75 7.1 14.7 14.8 30.1 7.1 6.85 6.85 6.85 7.45 6.65 6.45 7.15 7.45 7.45 3.8 3.8 6.35 6.55 6.65 6.25 6.25 6.65 6.65 1 6.55 6.35 6.65 6.45 9 7 7.35 7.55 5.35 5.55 4.65 4.55 4.65 4.65 NaN NaN NaN NaN NaN
6.45 10.2 17.4 6.05 5.65 6.55 6.45 6.25 30.6 30.5 6.65 7.05 23.1 6.55 30.4 11.8 30.7 15.1 19.1 6.25 6.45 5.8 30.6 30.5 9.3 30.5 26.8 30.3 6.25 6.75 26.8 30.7 30.5 30.6 30.8 30.6 7.8 14.3 30.5 30.4 12.8 7.8 5 7.6 6.25 6.55 6.95 7.05 6.95 7.15 6.85 9.6 6.55 25.9 6.85 7.65 7.45 12.25 7.15 6.85 3.7 19.95 6.45 6.45 6.75 10.05 7.15 6.55 6.35 6.55 6.25 7.7 6.45 6.45 7.05 7.25 27.1 5.45 4.85 4.55 4.85 4.55 NaN NaN NaN NaN NaN NaN NaN NaN
6.75 30.5 6.65 1.1 5.35 5.95 6.75 30.7 22.9 5.75 30.6 6.05 12 30.5 30.7 15.6 18.3 30.4 30.5 16.7 6.4 5.9 30.1 25.1 9.7 30.6 30.5 30.4 30.4 6.45 30.4 30.8 30.8 30.5 30.6 5.85 6.25 9.8 12.8 30.5 30.2 30.3 21.6 3.1 6.25 30.1 12.45 9.6 30.2 16.7 9.3 12.2 6.85 30.6 9.85 7.25 7.65 6.85 7.1 6.75 6.95 7.25 7.05 6.45 23.25 7.05 6.95 8.2 6.45 4 13.7 21.5 6.85 6.55 4.55 5.55 4.85 4.65 4.75 4.65 4.75 NaN NaN NaN NaN NaN NaN NaN NaN NaN
6.95 6.35 5.1 8.8 5.45 6.25 24.3 21.8 21.7 14.6 7.1 6.05 6.25 30.3 29.4 8 30.3 7.1 12.9 18.4 3.9 13.5 10 20.6 30.1 1.2 7.7 19.4 7.2 30.1 30.4 12.6 12.3 30.5 30.5 30.8 6.05 30.5 30.5 30.6 30.5 7.2 7.2 5 6.25 6.95 11.5 16.7 22.8 26.7 30.3 14.4 8.4 9.75 6.55 17.55 5.9 7.15 6.85 9 6.95 6.35 6.35 7.85 7.25 6.75 6.95 3 6.05 3.8 3.8 11.5 12.8 9.6 4.55 5 4.9 1.1 NaN NaN NaN NaN NaN NaN NaN NaN NaN NaN NaN NaN
9.8 6.8 1.3 5.55 6.25 5.45 7.1 6.55 6.85 6.05 30.4 5.95 6.05 9.3 30.5 30.2 5.8 30.5 30.3 6.15 9.1 8.7 30.5 1.2 22.9 6.35 5.1 9.2 30.4 30.4 12.3 30.8 6.05 6.45 30.2 15.3 30.2 30.1 25.4 10.4 7.7 5.2 14.7 1.2 6.6 7.05 6.85 30.5 11.6 22.85 7.85 7.3 5.8 14.55 14.85 6.55 6.95 7.25 7.35 17.35 7.55 6.25 6.25 7.85 7.75 6.85 1.1 6.85 6.05 6.45 6.35 6.4 6.45 6.75 5.1 4.8 4.8 NaN NaN NaN NaN NaN NaN NaN NaN NaN NaN NaN NaN NaN
6.75 9.1 3.8 19.3 5.45 6.05 6.75 30.6 6.55 6.45 30.4 5.95 5.65 6.45 30.4 24.4 30.2 6.15 30.5 9.9 30.3 30.4 28.7 30.5 30.6 1.1 11.6 30.3 17.5 30.5 5.75 5.95 5.85 30.5 20.1 27.3 30.6 14.8 30.5 10.2 30.3 17.9 6.75 11.3 6.95 6.85 7.15 30.4 30.6 30.5 5.1 11.7 15.3 6.2 30.6 6.75 6.95 7.65 7.35 7.55 7.55 7.85 7.85 7.65 7.75 7.65 6.85 7.6 6.85 6.45 9.75 6.45 17.8 4.85 5 5 4.9 NaN NaN NaN NaN NaN NaN NaN NaN NaN NaN NaN NaN NaN
7.6 6.65 6.55 6.15 5.95 6.45 6.45 6.85 6.65 6.15 5.2 6.35 5.65 16.7 9.7 30.1 14.9 14.3 9.1 30.2 9.6 6.85 6.85 30.4 30.5 6.35 30.3 6.35 5.95 5.75 30.3 14.2 27.7 9.8 30.8 30 14.8 30.3 17.3 7.1 14.7 5.2 6.75 6.75 7.75 6.85 7.15 19.1 9.2 7.65 9.95 7.85 27.45 30.7 8.3 6.75 5.9 6.75 7.55 7.65 5.1 7.75 7.55 7.75 7.75 7.65 7.75 6.85 6.85 1.2 7.15 4.85 4.85 5.1 5 4.8 NaN NaN NaN NaN NaN NaN NaN NaN NaN NaN NaN NaN NaN NaN
6.15 6.45 6.05 6.05 6.35 30.4 6.45 4 5.65 10 17.3 5.85 NaN 16.8 7.1 7 30.3 30.4 15.6 9.3 30.6 16.9 30.5 7.9 30.7 30.1 3.3 30.4 1 11.6 30.3 19.4 30.4 30.6 25.1 30.8 7.1 7.2 7 7.2 7 30.3 7.15 30.3 15.75 16.3 8.95 11.7 9 7.25 14.95 10.05 7.3 6.4 1.1 6.65 6.75 6.75 8.05 8.05 7.85 10.25 22.85 7.95 7.85 7.65 7.55 7.65 6.95 5.55 5.25 4.95 4.95 4.9 4.8 5 NaN NaN NaN NaN NaN NaN NaN NaN NaN NaN NaN NaN NaN NaN
6.35 6.55 6.55 6.5 11.2 30.5 6.45 6.25 30.4 18 6.15 NaN 5.55 14.8 7.4 7.6 19.8 7 30.3 26.7 30.3 9.9 6.65 30.6 10.3 30.8 18.2 3.8 6.65 24.3 5.95 6.65 14.6 30.4 30.5 30.4 30.6 7 5 3.7 7 8.35 5.7 7.05 1.3 8.05 7.95 9.1 24.3 13.35 8.35 15.15 7.1 7.55 30.35 30.3 16.7 13.25 7.95 7.85 10.1 7.75 10.55 11.4 20.65 10.25 12.65 7.65 5.35 10.3 4.65 5.05 5.3 5 5 NaN NaN NaN NaN NaN NaN NaN NaN NaN NaN NaN NaN NaN NaN NaN
6.65 6.45 6.35 6.6 6.2 3.7 6.05 8.3 27.4 3.2 16.6 NaN NaN NaN 10 30.3 30.4 7.2 30.5 14.8 30.7 8.7 30.4 27.6 6.05 16.9 30.2 6.45 16.6 11.9 6.25 6.25 30.2 16.7 9.8 30.2 30.7 9.8 3.1 6.75 3.7 8.45 8.35 30.2 8.15 10.95 30.15 7.85 8.05 8.35 8.25 10.55 23.45 8.25 8.25 8.45 15.95 8.45 8.35 7.65 1 7.75 7.85 8.05 7.95 7.75 10.35 6.05 5.85 5.45 4.75 4.85 5.1 5 4.9 NaN NaN NaN NaN NaN NaN NaN NaN NaN NaN NaN NaN NaN NaN NaN
6.45 6.55 6.35 3.6 6.15 5.45 7.8 5.45 8.9 22.4 NaN NaN NaN NaN 6.05 27.2 30.3 6.55 16.8 30.6 30.6 30.8 15 30.4 18.3 30.6 30.8 30.5 6.35 30.2 30.3 5.95 30.6 15.1 24.8 7.1 12.2 22.3 30.6 6.95 11.2 11.4 8.35 8.25 13.25 10.75 10.55 7.85 10.55 8.15 30.25 8.25 7.95 15.65 8.25 8.15 8.35 13.55 10.65 7.85 5.2 10.45 7.6 10.75 8.05 7.55 5.85 3.7 5.75 5.35 4.75 5.1 5.1 4.9 4.8 NaN NaN NaN NaN NaN NaN NaN NaN NaN NaN NaN NaN NaN NaN NaN
6.05 5.85 6.25 5.95 5.55 6.15 9.7 8 5.9 5.95 NaN NaN NaN NaN NaN 6.15 6.45 6.45 30.5 30.8 30.7 5.5 13 30.8 30.6 30.5 11.7 30.2 5.3 30.8 9.8 5.95 5.75 6.35 30.5 7.05 6.95 6.75 7.05 7.65 8.8 17.3 23.8 7.55 8.05 3.9 8.25 10.25 7.75 30.1 8.05 13.15 8.05 8.25 8.45 8.25 8.55 8.45 8.05 7.65 5 7.95 5.1 13.35 20.75 7.75 8.6 12.7 4.75 4.75 5.05 5.1 5.2 5.1 NaN NaN NaN NaN NaN NaN NaN NaN NaN NaN NaN NaN NaN NaN NaN NaN
5.35 5.25 1.1 5.95 5.45 6.35 30.6 10.9 30.4 NaN NaN NaN NaN NaN NaN 16.8 30.2 30.2 30.3 30.9 30.3 30.4 30.8 15.7 30.6 7.4 9.1 17.3 30.1 6.45 30.3 16.6 6.55 3.4 6.95 9.3 6.95 6.95 7.05 7.15 6.95 8.35 7.45 7.75 7.45 7.35 14.95 7.45 6.85 6.85 16.3 3.7 1.1 8.35 28.25 10.65 8.35 13.55 8.05 7.75 7.6 8.7 7.95 23.15 8.25 5.95 4.45 4.65 4.65 4.65 5.1 5.4 5.2 5.3 NaN NaN NaN NaN NaN NaN NaN NaN NaN NaN NaN NaN NaN NaN NaN NaN
NaN 5.95 5.45 6.05 6.05 30.1 3.3 5.7 6.15 6.05 NaN NaN NaN NaN NaN 6.35 30.7 30.3 28.2 30.1 30.6 30.4 30.3 28.1 30.5 30.4 9.8 30.5 7.2 7.05 30.4 6.45 6.35 5.75 6.65 30.4 6.95 7.25 10.8 6.25 5.95 21.1 1 5.95 6.05 22.35 7.45 7.35 9.75 6.75 6.75 6.85 12.15 30.35 18.9 18.35 13.75 16.35 8.45 7.75 1.1 10.55 3.7 22.25 5.25 3.65 4.55 4.75 4.65 4.55 5 5.2 5 5.1 NaN NaN NaN NaN NaN NaN NaN NaN NaN NaN NaN NaN NaN NaN NaN NaN
NaN NaN 5.45 5.45 5.45 6.15 15.8 3.3 1.1 6.2 6.05 NaN NaN NaN NaN 6.35 5.95 30.7 25.2 18.5 12.9 9.7 7.9 30.8 30.4 17.3 17.4 13 30.6 30.8 8.2 17.5 6.05 6.25 5.95 5.85 30.2 6.15 6.35 6.15 3.7 5.95 9 6.4 6.05 26.4 8.2 7.25 30.35 3.8 6.55 6.45 7.05 7.15 17.55 8.25 6.4 8.65 8.05 1 7.65 7.95 7.95 6.15 3.55 4.45 4.55 4.45 4.65 4.9 4.9 5.2 5.2 5.1 NaN NaN NaN NaN NaN NaN NaN NaN NaN NaN NaN NaN NaN NaN NaN NaN
NaN NaN NaN 6.15 6.25 5.8 1.1 7.7 8.3 6.35 5.95 11.6 NaN 24.1 10.3 10.3 3.1 30.5 30.5 17.6 7.4 30.5 30.5 30.7 21.7 12.2 12.3 30.5 6.65 1.4 30.2 23.2 30.5 6.25 6.45 5.75 5.55 5.85 6.05 6.35 1.2 6.4 1.3 3.3 5.85 30.15 7.65 7.05 6.55 1.2 6.65 3.8 6.75 6.95 1.2 7.45 20.05 9.25 10.75 7.85 7.75 13.05 7.65 3.85 4.55 4.75 4.45 4.65 4.55 4.7 4.8 5.1 5.2 5.2 NaN NaN NaN NaN NaN NaN NaN NaN NaN NaN NaN NaN NaN NaN NaN NaN
NaN NaN NaN 5.85 6.45 6.45 5.8 30.6 30.3 5.85 6.25 30.3 30.4 29.8 5.85 30.1 12.9 30.4 30.3 30.5 30.4 30.2 30.5 30.3 27.5 9.6 6.25 30.5 6.65 6.65 30.3 29.6 6.25 5.95 6.25 6.35 5.45 6.05 5.6 5.85 30.4 5.5 30.1 5.65 5.65 19.95 7.25 7.65 7.45 6.95 7.15 5.05 6.75 6.75 6.95 6.95 7.15 7.35 9.55 9.55 15.45 7.85 7.15 4.35 4.65 4.45 6.35 6.25 4.55 4.7 4.8 4.9 5.2 NaN NaN NaN NaN NaN NaN NaN NaN NaN NaN NaN NaN NaN NaN NaN NaN NaN
NaN NaN NaN 6.25 6.35 6.45 1.4 30.3 8.2 6.2 6.3 7.3 9.6 9.7 5.85 5.2 30.6 12.4 30.4 7.4 6.05 30.5 30.6 30.5 27.5 6.45 30.4 6.65 6.55 6.15 6.05 21.7 1.2 30.5 5.85 6.35 6.05 5.65 5.35 5.75 8.9 18.7 5.75 30.4 6.5 6.05 5.75 10.7 5.55 3 6.1 5.15 7.05 6.65 6.65 7.7 6.45 6.95 6.55 6.35 7.15 7.15 6.25 6.65 4.55 NaN NaN NaN NaN NaN NaN NaN NaN NaN NaN NaN NaN NaN NaN NaN NaN NaN NaN NaN NaN NaN NaN NaN NaN NaN
NaN NaN NaN 6.25 6.35 4 6.35 1.1 6.35 6.15 12.2 9.8 9.7 30.2 5.65 12.9 7.9 7.8 12.2 4 5.95 9.6 7.4 30.6 5.3 8.6 6.55 6.55 6.05 6.25 6.05 6.05 1 6.15 5.85 5.75 30.3 5.85 5.45 6.25 8 26.1 5.85 5.3 5.75 5.45 30.1 5.45 5.45 5.45 3.1 5.15 5.45 7.6 4.95 6.85 6.35 6.95 6.95 6.35 6.85 5.85 5.85 5.35 NaN NaN NaN NaN NaN NaN NaN NaN NaN NaN NaN NaN NaN NaN NaN NaN NaN NaN NaN NaN NaN NaN NaN NaN NaN NaN
NaN NaN NaN 5.95 6.55 6.25 6.05 18 6.35 6.75 6.45 6.65 7.8 5.8 5.65 6.95 6.45 6.35 6.25 22.6 15.8 20.1 8 15.6 17.6 30.5 6.65 6.45 6.15 5.95 5.85 6.05 5.95 5.95 6.05 6.05 27.3 5.55 5.75 30.7 5.1 5.1 3.4 12.7 6.2 1.1 13.4 5.55 6.4 5.75 13.2 5.75 5.05 5.05 4.95 5.25 3.4 5.55 5.25 5.15 4.95 30.4 5.55 NaN NaN NaN NaN NaN NaN NaN NaN NaN NaN NaN NaN NaN NaN NaN NaN NaN NaN NaN NaN NaN NaN NaN NaN NaN NaN NaN
NaN NaN NaN NaN NaN NaN 6.15 16 6.75 6.55 5.95 6.15 1.2 6.05 5.85 6.55 14.8 6.35 6.55 6.25 30.6 14.9 30.3 23.2 7.7 21.7 6.95 5.95 6.15 5.95 27.2 5.95 19 6.5 6.35 6.15 6.05 6.05 5.65 5.55 1.4 5.45 5.95 8.8 1.2 5.9 5.85 6.4 5.65 3.8 5.75 6.05 5.85 5.85 5.95 5.85 10.8 13.3 30.2 8.6 5.45 5.15 NaN NaN NaN NaN NaN NaN NaN NaN NaN NaN NaN NaN NaN NaN NaN NaN NaN NaN NaN NaN NaN NaN NaN NaN NaN NaN NaN NaN
NaN NaN NaN NaN NaN NaN NaN 6.35 6.75 6.55 6.15 30.2 6.85 8.3 5.95 6.05 6.15 6.15 6.25 7.5 7.3 8.3 5.1 30.3 12.7 9.7 22.3 6.05 6.05 5.95 1.2 6.05 5.6 3.2 6.05 6.05 4 30.4 5.55 5.65 5.25 5.65 5.8 1 6.15 6.05 6.05 5.85 6.05 1.2 5.95 5.85 1.2 5.1 5.85 6.05 5.65 5.7 8.3 5.6 5.25 1.1 NaN NaN NaN NaN NaN NaN NaN NaN NaN NaN NaN NaN NaN NaN NaN NaN NaN NaN NaN NaN NaN NaN NaN NaN NaN NaN NaN NaN
NaN NaN NaN NaN NaN NaN 5.85 6.05 6.75 6.45 6.05 6.95 12.7 6.35 7.1 5.95 6.15 5.95 7.8 30.3 3.2 5.3 10.2 5.8 10.4 7.3 30.3 6.15 6.15 19.2 6.05 6.05 5.75 20.7 6.5 6.45 6.25 17.3 5.45 1.1 5.85 5.85 3.7 5.95 1 5.85 6.05 6.05 5.85 6.15 5.6 8.6 5.95 5.95 5.95 7.65 9.85 5.8 30.5 5.45 5.35 NaN NaN NaN NaN NaN NaN NaN NaN NaN NaN NaN NaN NaN NaN NaN NaN NaN NaN NaN NaN NaN NaN NaN NaN NaN NaN NaN NaN NaN
NaN NaN NaN NaN NaN NaN 5.95 6.05 6.25 5.85 6.05 6.55 6.75 6.95 6.55 9.8 6.65 6.55 5.7 5.8 10.7 30.3 5.3 5.7 17.2 30.8 3.3 13.9 5.95 6.25 1.2 6.05 5.95 6.05 6.4 15.4 30.6 3.1 3.1 5.65 5.55 5.75 5.45 6.2 6.3 3 6.4 6.05 5.75 5.85 6.15 5.95 5.85 5.75 1 12.75 7.45 7.25 7.45 6.6 5.35 NaN NaN NaN NaN NaN NaN NaN NaN NaN NaN NaN NaN NaN NaN NaN NaN NaN NaN NaN NaN NaN NaN NaN NaN NaN NaN NaN NaN NaN
NaN NaN NaN NaN NaN NaN NaN NaN NaN 6.05 5.85 NaN 6.85 6.75 6.55 11.5 4.3 3.7 1.4 6.3 30.4 1.5 6.35 5.7 5.6 6.15 8.2 6.05 6.05 6.05 9 5.95 6.05 6.05 11.7 30.6 6.15 30.1 5.95 5.95 5.45 5.55 5.65 8.8 3.3 8.8 21.6 3.8 1 5.85 5.85 6.05 5.75 5.85 5.95 5.95 27.45 7.15 25.15 8.8 NaN NaN NaN NaN NaN NaN NaN NaN NaN NaN NaN NaN NaN NaN NaN NaN NaN NaN NaN NaN NaN NaN NaN NaN NaN NaN NaN NaN NaN NaN
NaN NaN NaN NaN NaN NaN NaN NaN NaN NaN NaN NaN NaN 6.95 7.15 30.9 5.6 7.25 30.2 6.75 6.55 3.9 3 8.3 5.95 6.05 5.75 6.3 9.1 7.55 6.15 5.85 1.2 6.35 5.85 5.85 5.65 1.3 30.5 8.8 1 1 5.65 1 5.65 5.55 1.3 5.95 5.85 5.95 5.85 6.05 1.3 6.05 6.05 18.9 5.85 7.15 7.25 4 NaN NaN NaN NaN NaN NaN NaN NaN NaN NaN NaN NaN NaN NaN NaN NaN NaN NaN NaN NaN NaN NaN NaN NaN NaN NaN NaN NaN NaN NaN
NaN NaN NaN NaN NaN NaN NaN NaN NaN NaN NaN NaN 6.65 3.7 7.05 30.3 9.55 7.05 10.7 1.3 6.45 6.25 6.4 6.35 6.25 6.3 7.45 30.3 13.7 7.85 7.45 5.95 1.1 5.95 6.05 1.2 5.85 4 3.7 5.85 5.75 3.1 5.55 5.35 5.35 5.65 5.55 5.65 5.55 25 5.55 6.25 5.1 5.85 5.75 1.1 5.65 7.15 20.15 7.15 NaN NaN NaN NaN NaN NaN NaN NaN NaN NaN NaN NaN NaN NaN NaN NaN NaN NaN NaN NaN NaN NaN NaN NaN NaN NaN NaN NaN NaN NaN
NaN NaN NaN NaN NaN NaN NaN NaN NaN NaN NaN NaN NaN 6.85 7.15 30.7 6.35 6.75 23.9 12.15 6.45 1.4 1.3 1.1 30.4 6.25 7.75 19.65 4 11.6 8.05 6.05 3.8 6.05 1.1 5.95 1.2 5.9 7.7 1 6.05 5.65 3 5.55 5.45 3.7 13.2 5.65 6.3 5.75 5.85 5.55 5.45 5.75 5.95 5.95 5.55 7.35 7.35 NaN NaN NaN NaN NaN NaN NaN NaN NaN NaN NaN NaN NaN NaN NaN NaN NaN NaN NaN NaN NaN NaN NaN NaN NaN NaN NaN NaN NaN NaN NaN
NaN NaN NaN NaN NaN NaN NaN NaN NaN NaN NaN NaN NaN 6.55 7.05 6.75 6.95 7.05 7.25 30.45 6.85 30.5 24.1 1.1 11.2 6.05 5.95 7.65 30.3 30.1 14.2 6.25 8.9 10.6 6.15 6.25 6 6.15 5.95 1 6.4 5.85 1.1 5.55 9.75 6.9 30.3 5.75 5.55 5.35 5.45 5.85 5.75 5.45 5.75 6.05 5.75 NaN NaN NaN NaN NaN NaN NaN NaN NaN NaN NaN NaN NaN NaN NaN NaN NaN NaN NaN NaN NaN NaN NaN NaN NaN NaN NaN NaN NaN NaN NaN NaN NaN
NaN NaN NaN NaN NaN NaN NaN NaN NaN NaN NaN NaN NaN NaN NaN 6.55 7.05 1.2 6.55 6.35 6.75 30.2 24.3 6 21.4 3.8 5.95 7.65 7.55 7.55 28.8 15.25 6.15 30.5 5.95 6.25 6.25 6.3 4 6.15 5.95 5.75 8.4 6.4 7.35 7.35 15.05 30.5 3 3 5.35 1.3 5.65 1.2 1.2 NaN NaN NaN NaN NaN NaN NaN NaN NaN NaN NaN NaN NaN NaN NaN NaN NaN NaN NaN NaN NaN NaN NaN NaN NaN NaN NaN NaN NaN NaN NaN NaN NaN NaN NaN
