Outfile_4.asc
NCOLS 201
NROWS 151
XLLCORNER 730592.938286
YLLCORNER 2561222.529137
CELLSIZE 145.176046
NODATA_VALUE NaN
[rows 66 to 98 of 151, columns 74 to 147 of 201]
NaN NaN NaN NaN NaN NaN NaN NaN NaN NaN NaN NaN NaN NaN NaN NaN NaN NaN NaN NaN NaN NaN NaN NaN NaN NaN NaN 7.65 3.949076262 3.1506636589 3.3553296488 6.1346975047 3.8900621611 2.8002212362 NaN NaN NaN NaN NaN 6.5374258846 2.4134491708 4.1723216919 2.9611111111 7.0084518793 2.8666666667 2.4555555556 2.5714045971 5.6042261031 6.8615508071 7.4453558739 29.9983333333 7.8 7.9540925512 6.6166666667 10.6666666667 6.6166666667 30.0026666667 13 9.75 6.9666666667 9.05 6.9861506991 12.6 9.1 12.7 9.4 8.8 8.9 19.0333333333 6.9666666667 19.9806666667 7.1388888889 6.7649362158 7.1848730697
NaN NaN NaN NaN NaN NaN NaN NaN NaN NaN NaN NaN NaN NaN NaN NaN NaN NaN NaN NaN NaN NaN NaN NaN NaN NaN 2.4205792798 6.3 6.9490906338 4.1761588859 5.6289342698 7 6.6 NaN NaN NaN 7.95 8.7 22.3340685946 4.1376160094 3.4374258846 3.8494767825 2.1 4.9833333333 5.3333333333 3.7166666667 5.9040925512 2.7953558739 6.6705792798 7.0227786529 8.7 30.0039346658 20.4227786529 6.2901371761 6.3203703704 6.7703703704 6.4703703704 6.6203703704 8.7 11.3 10.7 8.7 8.05 10.15 10.75 9.1 14.7 10.95 12.6 10.95 8.95 14.65 24.5214285714 9
NaN NaN NaN NaN NaN NaN NaN NaN NaN NaN NaN NaN NaN NaN NaN NaN NaN NaN NaN NaN NaN NaN NaN NaN NaN 4.1769562388 4.1440446391 NaN NaN NaN 6.4 6.55 NaN NaN NaN NaN 6.75 12.05 17.2 6.1359420902 3.3737387429 2.6302830782 2.3166666667 2.7833333333 2.8040925512 3.7166666667 19.7333333333 2.25 29.9964770164 6.8223216919 7.05460281 7.0648090607 6.3283329622 6.2405960329 6.6380952381 6.6380952381 2.4880952381 8.45 11.2 6.3880952381 12.7 8.65 10.85 12.9 9.2 8.2 12.75 22.8 10.1 9.75 9.25 5.7261904762 9.75 6.2421691488
NaN NaN NaN NaN NaN NaN NaN NaN NaN NaN NaN NaN NaN NaN NaN NaN NaN NaN NaN NaN NaN NaN NaN NaN 5.5578685395 8.05 20.4136526899 3.1230769231 6.6 NaN NaN NaN NaN NaN NaN 6.65 25.225 16.885446344 6.4813839675 2.75559494 5.5358309864 2.548142394 2.3333333333 5.2203703704 2.0634491708 5.3761904762 7.0216618094 8 30.0014744498 7 10.3 10.7881572756 7.0782174738 6.6752416018 13.8635735976 12.45 10.95 7.7 8.6 7.65 7.6 8.1 15.2 15.9 8.05 9.8 10.05 9 8.95 15.75 5.7194840324 8 3.4033108961 3.2452247076
NaN NaN NaN NaN NaN NaN NaN NaN NaN NaN NaN NaN NaN NaN NaN NaN NaN NaN NaN NaN NaN NaN NaN 5.6899385949 20.1048255781 7.4 6.3351191813 14.438878435 6.7 2.373998276 6.8 NaN NaN NaN NaN 6.65 7.65 19.5181192171 5.8 6.1115508071 2.1393193566 5.4108185325 6.3742242458 6.2893193566 6.6064102564 12.8 17.15 6.1 6.25 6.55 5.9 18.3740453033 18.1047379305 11.7013189489 6.6205792798 6.3615508071 6.4768182948 6.5345325216 14.65 6.35 9.25 8.85 10.25 11.55 11.8 7.65 9.4 8.85 6.2 18.65 12.55 5.8 2.7222222222 2.8836139264
NaN NaN NaN NaN NaN NaN NaN NaN NaN NaN NaN NaN NaN NaN NaN NaN NaN NaN NaN NaN NaN NaN 5.65 8.55 2.9853044011 6.1397412037 10.8146632187 6.65 6.5295713869 6.55 19.952 6.35 NaN NaN 6.8 6.2538357466 7.8 6 5.9 5.45 5.95 6 5.85 6.35 8.34984391 6.9 6.95 6.25 6.646856485 5 5.35 20.352378304 7.0041611408 2.2135231517 6.85 6.8 8.35 9.2 8.8 5.1047650464 10.05 10.7 10.45 8.6 21.45 9.4 7.3 7.6 10.7 5.3 2.3 5.4 2.7647188482 2.9094922192
NaN NaN NaN NaN NaN NaN NaN NaN NaN NaN NaN NaN NaN NaN NaN NaN NaN NaN NaN NaN 2.15 11.95 12.75 15.6168015807 7 6.8 7.15 6.25 6.65 6.5 20.06 NaN NaN 6.9 22.6087251934 6.5 25.0533333333 5.75 5.75 5.65 6.7270461645 24.9846666667 5.95 6.55 7.8 6.85 6.7 11.5 6.55 29.9748449158 28.256919727 23.3282174738 3.6330646666 3.3806741015 18.5570224301 6.7 6.95 9.15 28.2 9.75 8.4 10.1 9.5 12.7 11.95 9.9 7.95 7.15 13.45 5.05 2.3 2.35 2.35 2.6777777778
NaN NaN NaN NaN NaN NaN NaN NaN NaN NaN NaN NaN NaN NaN NaN NaN NaN 7.1 2.35 2.7 6.85 7.3 8.65 10.8 6.8224739802 18.9955834467 6.5584518793 19.7059224131 6.7 6.5712869664 NaN 6.5 6.7 24.9993806577 6.55 2.5705792798 6.4 6.85 6.3 6.5 7.8 6.95 6.75 6.95 6.85 12.2928371643 6.7 6.65 6.25 6.5014076045 6.8994767825 30.0000355763 6.117051395 2.4622501134 7.0453558739 8.8166666667 10.7333333333 8.95 9.5 12.1 11.35 13.5 6.5703703704 17.3 9.75 13.35 16.05 6.7722222222 9.95 5.25 2.6 2.4 2.55 2.1777777778
NaN NaN NaN NaN NaN NaN NaN NaN 7.35 4.85 NaN NaN NaN NaN NaN 2.4 2.45 6.85 6.5 8.6 10.15 20.0072242458 7.2 5.7428371643 7.1117382165 7.2 7.4801158374 20.0110112703 6.45 6.1 7.65 6.6 7 6.75 6.8 6.6 6.25 3.120674489 6.85 9.75 7.05 6.45 6.85 7 6.5 6.3666666667 6.55 6.7 6.103428636 6.6542261031 7.2245006541 6.45 6.9453558739 8.9 6.4874920661 6.8216618094 7.0111111111 9.4 7.06898463 25.7 10 11.65 7.6 7.0333333333 7.7 8 12.55 8.25 10.7 5.2 1.75 2.35 2.2 2.8777777778
NaN NaN NaN NaN 7.6 5.4 5.2 5 5.55 5.15 4.95 4.95 5.25 7.45 7.85 7.75 6.85 8.9 6.45 14.85 6.8242242458 7.3446277864 6.5767895821 7.85 7.3070224301 18.1661434492 8.7913293538 6.4 3.5891639897 2.7660740412 6.25 3.1167993852 6.75 7.1 24.0985927876 6.25 6.469983854 6.4545637691 6.7121827039 7 6.75 6.6 7.3 7.6166666667 7.15 6.4 6.9953558739 11.0267895821 9.9446277864 21.5214045971 3.79071197 12.6833333333 3.2216618094 4.8692754236 6.2602895721 6.9226779369 7.5833333333 5.85 7.1584518793 6.6181050248 21.2 13.95 9.2 9.2 8.2 8.6 2.4333333333 9.2722222222 11.8 9.15 5.35 2.45 2.3 2.6277777778
NaN NaN 6.9 4.95 5.05 4.6 4.45 4.35 5.2 5.55 5.1 6.6 7.95 7.15 5.45 7.95 6.5 6.65 6.5 5.6742242458 6.55 6.9767895821 7.1 20.0473333333 7.69071197 6.9666666667 19.9897895821 3.2723216919 6.75 6.7999159511 3.7161994504 2.3635735976 4.3164737863 5.7392557464 2.6928371643 6.5 7.65 6.7147188482 6.4828101159 2.3194840324 7.05 7.65 15.011030303 9.1 9.35 15.04071197 6.55 9.3856743286 6.9267895821 5.7055555556 18.5833333333 8.54071197 6.8214045971 10.6768182948 6.4242242458 6.8833333333 6.5666666667 10.6833333333 6.9540925512 6.5634491708 11.8 20.05 7.75 9.25 9.35 5.9453558739 5.2615508071 12.15 9 6.35 13.6 2.2 2.5 2.6277777778
6.85 5.35 4.8 4.8 4.65 4.2 5.1 4.85 5.3 5.1 5.2 8.2 8.6 6.75 7 6.4 19.979 6.45 19.922394791 6.15 6.45 6.7356743286 7.2 17.69071197 6.9892557464 3.0928371643 25.1425555291 2.5249319761 9.1127204931 14.2240453033 6.1078339874 3.3287267571 2.9240079158 14.9855508071 6.9 7 7 7.85 5.5 2.45 9.8 7.5 5.164274771 2.4268182948 7.05 5.6392557464 3.79071197 30.0013333333 6.9859549217 21.6456009364 6.35 6.1987248999 6.2542261031 5.403428636 5.7608185325 6.353030303 6.8555555556 6.6666666667 8.3166666667 6.7761904762 13.95 14.7789342698 8.4 6.8166666667 9.65 6.8333333333 11.05 17.75 12.6 16.35 6.15 5.15 2.5 6.0768182948
4.85 5.65 4.1 4.15 3.8 4.6 4.9 5.4 5.35 4.95 5.25 7.25 7.15 6.7 5.6 9.75 6.55 6.3 8.7 6.45 7.0453558739 7.05 8.578511354 7.1205792798 2.5115508071 6.8446277864 25.1285546285 25.3320193633 4.7539264695 5.4611149814 3.7967854397 6.75 6.4 6.7 6.7 6.1 6 6.45 15.0439342698 6.7067245426 6.3 15.046 6.85 7.2 6.75 6.4615508071 6.8 8.6287919471 6.9 25.2629494148 11.6 15.0194286252 6.6491289 6.2328101159 11.25 2.1268182948 6.4214045971 6.3369026671 19.3389883586 6.6006271054 12.6638488355 13.65 8.8 12.85 26.9050633642 10.3 18.2 5.8880952381 10.35 17.25 19.4 7.9 10.1 5.5064102564
4.05 4.5 4.35 4.55 4.8 4.55 4.8 5.3 5.4 4.9 4.95 8 7 6.7 2.3 6.25 6.85 7.15 20.101142394 7.2 3.9666666667 7.74071197 6.8892557464 2.6384487607 17.1635735976 2.9267895821 3.3856743286 25.0524048832 8.0240453033 4.0801158374 3.7153372142 5.7397640738 3.1573155329 6.3 6.5 6.6 14.9534045971 7.1 7.2 6.75 13.8961517174 15.0303279424 6.8098388924 5.7392203723 5.8564102564 5.6118913743 7 6.5 6.5169601147 6.9392557464 14.9873557635 14.9682996679 6.8128248883 6.9166087768 11.25 5.5056550252 5.7585207206 6.6417852127 6.3634491708 7.75 27.1383691019 6.85 12.85 3.1024976531 12.15 9.4 3.1181350989 2.7203703704 9.2 21 18.5 9.7 5.9901371761 3.0144313952
4.4 4.4 4.75 4.75 4.35 4.9 5.05 4.95 5.3 4.9 4.8 7.65 7.4 6.9 7.8 7 7.1 7.05 7.05 8.35 7 19.9873333333 2.4928371643 2.9135735976 7.35 9.6 10.5570224301 8.6205455818 10.2 8.0620225406 13.006466985 3.8745602819 7.5 7.6 6.9 7.15 10.4 7.8 7.9 6.75 6.7434849615 15.1225013475 6.4 6.65 6.5 5.95 6.45 6.1 6.6 6.75 5.5 7.1707592179 15.0517379305 5.549404584 5.5087567673 5.7540382048 7.0028909085 7.8159705015 30.0027852127 7 8.05 7.15 7.8690047263 7.2095038309 30.0043298853 8.8955834467 3.1248334564 16.5 2.6166666667 5.8166666667 13.05 2.7166666667 2.8274851991 3.6814757273
5.35 4.85 4.8 4.85 5.25 4.95 5.2 5.25 5.1 4.95 4.8 7.3 8.25 7.15 6.95 7 6.6 8.9 7.75 7.2 6.15 6.2 8.65 9 7.45 20.8570224301 8.44071197 9.65 7.1975950733 18.1073786367 14.9393786367 15.1440712638 15.0054849615 15.0286666667 14.9786666667 15.0446666667 10.3 9.4 4.5570224301 15.0315829038 6.85 7.1 6.6 6.35 6.6181192171 5.4729948341 6.35 6.1434562487 6.4 6.2372459465 11.4451780206 2.5705792798 4.0782210422 6.5390396954 5.8182213103 5.743952253 6.7351191813 7.0535521076 19.0403557635 5.5584518793 7.1 5.5573786367 24.9786892072 30.0093298853 18.7903557635 6.5417852127 2.3681050248 2.2874901471 5 5.15 5.35 8.95 5.2222222222 11.2666666667
5.3 5.05 4.75 4.95 5.3 4.85 4.85 5.3 5.45 5.35 5.25 7.65 7.1 11.2 2.5 8.05 7.1 7.1 6.55 8.85 14.535446344 20.0996480027 7.75 8.65 5.2 6.59071197 6.8392557464 7.5 8.6782174738 11.9881572756 15.1807128312 9.4 8.4 8.6 8.1 10.35 10.5 7.7584518793 9.75 11.6223216919 9.55 7.4 6.7240453033 5.3 5.4 5.4 6.5 6.3 15.0116666667 6.75 6.6 6.85 14.9836666667 9.8509114294 2.9958674673 10.2 2.4993623108 7.05 21.9313298853 24.4955834467 9.3302373727 3.3540925512 3.6911673208 9.0455834467 4.1417852127 3.5225890798 7.1 6.2956009364 5.8166666667 2.9166666667 2.8166666667 6.0166666667 11.45 11.75
5.4 5.25 5 5.4 5.35 5.1 5.1 5.7 5.4 5.1 5.35 5.15 4.9 10.45 6.8 6.35 6.6 9.3 8.8 20.0928658549 19.9831192171 3.3707704779 6.5405296316 8.75 6.5292657005 10.4 8.25 8.05 2.769104196 7.6022349452 8.1 10.2 7.8 9.6 10.8 8.85 14.952 3.2226779369 9.3 7.0090005921 7.55 3.7254153933 6.85 6.9 6.55 6.55 6.55 6.45 14.9636666667 8 14.3051154274 6.3242996679 4.3944323581 14.9708120122 3.1475304232 6.3237619586 2.541134965 5.793075142 8.3184525146 7.8958969948 14.65 2.7634491708 3.5893446036 3.4285371601 3.1884753952 2.8588191311 7.75 8.4 5.8333333333 5.8833333333 20.85 2.6833333333 6.2333333333 29.972
4.85 5.15 5.3 5.1 5.25 5.4 5.45 5.75 5.6 5.15 5.25 5.3 5.5 7.1 11.5 7.3 9.1 8.45 7.85 12.8 20.0285834467 19.970507906 2.9428371643 9.826286502 10.4137572938 19.3335203106 14.3 7.55 5.6703703704 6.840057876 7.45 11.95 8.8 2.6268182948 8.05 8.25 2.8064102564 6.8064102564 10.65 13.1 8.9 9.3 9.8 3.3343572659 7.05 10.05 7.45 2.711450055 6.65 14.9987843887 2.7098879263 6.5321701562 14.9543456956 12.1191643198 11.0487248999 5.6634491708 5.403030303 5.7261904762 18.8745942812 3.4132241218 6.4161434492 6.1889883586 3.1640561799 6.0457042423 2.9255853852 5.6170295079 2.7377707402 5.4722222222 2.3722222222 5.4222222222 5.5722222222 23.85 16.05 17.35
5.4 4.5 4.8 4.65 5.3 5.35 5.8 5.4 5.65 5.25 5.05 5.05 5 6.7 7.8 8.1 7.1 6.7268182948 9.95 9.9 20.1239632333 8.1070224301 10.026507906 12.0064484313 19.8685658488 7.7802373727 12.75 8.1 7.6 9.45 13.2268601941 15.034 15.1277387429 3.7246415108 5.9261904762 3.0261904762 2.5166666667 12.95 6.1166666667 3.2419755892 3.2416625669 13.85 15.0628672278 7.95 11.75 2.935446344 7.3 7.5827011897 7.3934982679 2.6923526966 2.7723216919 13.7850892186 6.6 8.2893298864 10.95209398 7.1273168347 6.8630813152 6.5 7 6.2611111111 3.1833333333 15.2833333333 2.8055555556 6.253030303 2.1722222222 1.9 6.75 5.1 2.25 8.55 8.6 12.85 13.55 15.9
12.85 6.15 5.95 5.8 5.3 4.9 4.5 4.9 4.7 4.45 4.95 4.95 4.85 6.85 7.2 5.4547650464 6.9 9.2 8.5 8.05 7.5 17.75 19.9613794978 20.1760453033 25.0961673208 8.2153372142 7.7118805153 25.03698463 6.6922194537 8.35 24.8270461645 8.7302373727 10.9 15.1509026671 7.1 6.2611111111 9.05 10.6 13.65 9.65 8.1 14.9944444444 15.303 14.954 15.1543636364 5.7083333333 8.7 9.5 15.1722244134 3.0876880965 9.7 12.3 7.8 7.85 15.0624487607 3.2765569041 6.7638991347 3.0239552048 4.2666666667 3.3611111111 3.9111111111 4.7570224301 2.747996552 6.9 5.5717300308 6.75 4.7 9.75 5.0567245426 5.3484520197 2.5081667897 2.5134491708 6.1906649427 8.15
NaN 5.95 6.3 5.1 6.5 6.05 14.45 6.6 6.75 6.35 5.1 5.2 5.65 5.05 7.15 7.3 7.05 8.7 12.9 6.5768182948 7.347178591 17.6348537679 13.013570706 8.0540925512 10.6641856825 12.2471596063 12.79984391 8.4 21.6684525146 25.0973298853 24.9940453033 12.25 7.7634491708 14.9509883586 10.2 15.0360224301 15.1893333333 15.0873333333 14.9343333333 15.0039860233 4.0144437802 9.85 7.75 7.85 7.1 10.2 11.65 12.25 7.65 5.5315230842 6.1032244134 6.6194011491 7.0305354371 7.2838046346 8.4799677164 12.225118546 3.5976254443 5.9356826954 7.3313855149 3.8111111111 3.6611111111 12.2666666667 29.908 5.6277777778 8 2.5564102564 7 5.6064102564 7.7 9.7 5.7214045971 8.3 4.596961025 17.0937398861
NaN NaN 2.4 6.55 6.5 6.7 5.85 6.65 6.5 6.35 6.75 6.55 8.8 16.05 16.8 7.8 7.25 20.10771197 10.75 7.8353191866 20.035476147 13.8598811283 8.4078339874 13.2 8.0091218061 7.45 15.0300406063 7.6766136648 10.1458969948 7.7 13.7620225406 15.0286890968 8.7393446036 7.75 9.8294273899 5.997996552 3.2055555556 7.15 6.4055555556 14.9832830782 7.3 6.95 5.6585392229 5.7839733804 7.3 5.7615508071 6.1829332032 3.7093499059 15.0300013082 10.5 9.9 15.0417344001 6.3603794978 2.4181050248 6.4417852127 4.6070224301 6.6621722674 5.8578695051 7.6383966975 6.5611111111 6.8111111111 4.0166666667 2.8761904762 5.8901371761 8.3 9.2 7.05 8.1 8.25 7.9 8.65 11.85 6.69071197 5.9089232249
NaN NaN NaN 6.6 5.7 20.059 6.55 6.4 6.3 5.65 19.4 16.3 6.35 19.45 17.2 7.7 10.2 8.15 7.05 8.7122501134 8.6 8.2 7.6 14.9993216919 8.3260343862 9.35 7.2 6.8042261031 14.9261991882 6.55 6.85 7.1 10.4001731634 11.6940446391 11.1434119078 8.1084518793 5.8166666667 2.7969040394 2.5401371761 15.0734922192 5.8194840324 8.3 7.8 5.5266010238 9.3 11.55 6.0471540342 3.4873355562 6.1676752738 12.8117989856 8.7 10.7207592179 3.4302373727 6.1248334564 6.1178056689 7.788708522 4.2434562487 6.0048156164 6.9229948341 3.5611111111 14.15 12.7 12.65 8.95 3.2111111111 3.1611111111 6.2111111111 3.5611111111 9.75 7.3 7.95 7.75 8.15 6.0115508071
NaN NaN NaN 7 2.7 6.9 6.4 6.4 6.6 6.7 20.198 20.025 6.45 19.961 8.05 8.7 8.85 7.45 9.5 8.15 12.35 12.25 11.95 12.4540925512 6.5634491708 6.3768182948 6.4758686137 7.6533326691 14.9955834467 7.8 9.9 3.8666666667 11.2277777778 15.0083333333 15.0937435897 6.7 7.1 7 7.7084518793 10.087864697 15.003208726 15.0671472445 8.3 2.6300971077 5.203030303 6.048142394 15.0058182948 9.95 13.65 12 13.3560112703 3.0719010501 10.8 6.7335203106 2.6574638207 3.2471417218 5.7258686137 3.278316797 3.9733912093 16.0658761576 9.3084518793 7 8.8833333333 6.9 6.9666666667 4.0166666667 3.6666666667 3.9166666667 6.9666666667 8.4666666667 16.3245006541 8.15 8.35 8.95
9 NaN NaN NaN 6.2 7 NaN 6.45 5.65 13 19.65 12.6 10.2 14.45 7.2578685395 15.8 13.95 14.9900461645 5.3884487607 9.95 9.45 13.45 9.15 12.4 6.7115508071 6.2946277864 6.7767895821 7.01898463 7.978511354 7.1 15.0181587328 9 7 15.0325231453 12.9948749122 7.25 15.0863333333 6.6666666667 2.7567245426 14.3934849615 3.1811298163 6.5 6.5 9.85 7.7 7.85 6.8897785367 15.261521847 7.15 13.55 3.6735829038 8.6 9.1 12.3789342698 5.6116052299 15.0389737791 14.9697382165 14.96268603 4.2648090607 6.75 6.8 7.75 6.7 2.5055555556 2.4270461645 7.5 6.85 7.0761904762 5.9261904762 6.9261904762 2.9376880965 6.9135735976 7.0311250567 6.8
8.9 7.8 8.45 NaN NaN 6.6 6.75 7.15 17 20.145 5.75 18.4 6.9742242458 20.021 11.85 19.909 10 NaN 2.3347858837 7.05 6.9 7.6 15.1113333333 6.7537203881 6.4316790289 6.4267895821 6.6356743286 14.9433333333 14.9463333333 13.05 15.016 8.4 11.35 8.15 3.4562672167 12.6 7 6.65 8.8 7.05 6.95 5.0207592179 6.85 5.8526087569 8.65 7.2850406063 6.7853397564 7.65 8.35 9.3705960277 3.1843272963 2.6374920661 2.4564102564 15.035 5.6064102564 2.9885891958 15.1117852127 15.1092373727 7.2937128312 8.1 8.2 2.9358404189 2.603030303 2.853030303 2.798142394 5.4277777778 2.4777777778 6.3777777778 5.6277777778 2.9277777778 5.5194840324 6.6811250567 6.3828101159 20.1660289775
13.6 9.55 9.95 8.15 NaN NaN NaN 5.6 20.077 14.5 12.05 NaN 17.4558900823 17.55 10.05 8 7.7 8.9 8.15 13.9268182948 6.5013641714 7.8666666667 6.35 12.56056489 6.9511704976 6.46898463 14.9410224301 9.7166666667 7.95 9 7.95 11.7 5.7727487108 5.8175430751 2.6242242458 6.6893193566 8.6 6.6 8.45 7.5 9.9125444306 12.6070224301 12.7091076631 6.7 3.4328411419 8.8617382165 14.9260112703 14.2236890968 5.9953558739 3.5719010501 6.3615754658 3.0502554047 14.9992222222 10 2.8257618163 2.9977602346 12.3 9.1911673208 15.0648446873 4.3856117652 2.9208927697 2.4669517877 2.4222222222 2.6722222222 2.2702728564 2.6583333333 5.6083333333 5.6583333333 2.5583333333 5.6183739396 5.5950715499 5.7758686137 24.3692754236 9.8726779369
10.55 9.25 19.945 12.3 8.3 12.95 11.3 NaN NaN NaN NaN NaN 10.35 2.5893446036 7.4 14.978378304 8.9 9.75 14.9617796773 10.3 9.65 6.5469040394 14.4252444916 14.1918083139 7.2422860495 7.6165805837 10.6812466759 6.8666666667 7.65 11.25 9.35 9.2 8.35 9.25 7.65 9.65 6.75 6.9 6.9 6.75 7.2 15.121708522 8.9595038309 7.65 6.9 2.9818455014 3.3301158374 4.6326039052 14.9933786367 6.3683086365 7.35 6.0909187831 15.1302543046 6.423998276 2.3847858837 6.8463442264 7.6980057157 9.1101749826 15.0418339874 7.3023409952 5.7370412155 5.4421966066 2.1880952381 5.6380952381 5.4380952381 5.3380952381 6.0450715499 7.2 29.3258686137 12.65 4.0226779369 11.4078685395 5.7716618094 10.9084518793
17.6 9.3 12.6 5.2 15.15 12.75 20.129 8.05 20.003 10.3 8.75 14.05 NaN NaN 8.6 8.15 NaN NaN 7.25 8.2 14.9474491708 14.0915219852 7.4 6.5622501134 13.2340669095 6.8767895821 7.271505315 14.6697773382 7.05 9 8.8 14.2 15.058 5.45 14.99 14.901 6.9 7.25 6.65 7.8 2.9074638207 7.85 15.0813623108 6.15 8.2 6.75 2.9595238095 8.413570706 15.0005575185 3.4694193466 6.0088191311 6.1223311278 3.3748334564 14.9734010611 2.9761904762 6.8501096867 8.3814757273 8.6825157082 14.992 5.7047379305 5.9671695589 5.52568603 5.7833292142 6.4 6.35 5.5203703704 5.8226779369 5.9166666667 6.0578685395 6.2716618094 6.9453558739 7.628511354 23.8333333333 26.95
10.35 8.8 10.5 12.85 11 12.8 8.9 12.2 11.2 15.65 12.8 9.1 15.8297141553 8.3 12.7802373727 NaN NaN 6.8 5.1 14.9830224301 9.9 6.0041568138 12.8347716914 15.0429632333 15.0226666667 7.8282210422 6.703083626 6.8198724248 6.7222222222 7.2 10.7 8.95 7.1 12.2 15.126 7.35 6.9 6.95 9.25 9.9 9.9 8.7 8.65 15.0791111111 6.7 2.5923526966 5.7419755892 6.8590193633 6.7092535051 3.5060112703 10.65 15.0459525334 7.85 12.8632972377 8.6687796773 6.0214285714 2.2833333333 15.5736890968 5.15 12.4740453033 6.7786892072 5.9782174738 6.5 6.8833333333 3.1833333333 6.0833333333 6.0333333333 6.3611111111 6.978511354 12.1333333333 6.45 7.8570224301 6.2540925512 6.9666666667
12.15 11.85 12.5 9.95 20.064 5.85 8.2 7.85 10.95 14.25 7.9 7.35 8.05 6.4950715499 14.45 NaN NaN 7 4.75 5 4.8 7.95 6.3384487607 14.9775890798 10.3078339874 7.1674833192 8.2230658168 6.9504210912 7.95 7.75 7.75 7.3 9.1 9.1 8.15 8.45 7.35 7 10.9 9.4 6.5094922192 8.05 15.0363333333 14.9690925512 6.2714045971 NaN 2.897996552 8.0617874766 10.1389883586 5.8967825041 15.0097852127 9.6903557635 9.2646632187 4.0684525146 3.4190387257 7.6987248999 3.2648090607 7.3 15.6411673208 7.85 20.0540925512 5.5634491708 5.7389883586 5.5333333333 11.7333333333 9.2333333333 22.8333333333 7.1166666667 7.0666666667 6.4540925512 6.2953558739 6.147996552 5.5634491708 10.65
12.8 9.15 15.15 10.55 10.65 7.85 8.8 9.25 7.05 10.4261904762 9.6261904762 20.022996552 14.9666666667 19.9333333333 10.15 NaN 4.65 4.75 5.15 5.25 4.55 7.0169472598 7.2285580409 7.1574333907 8.1826204837 7.2104794146 6.9428362784 4.85 8.5 NaN 7.2 7.95 8.15 5.3 9 8.05 9.25 8.35 15.041 9.15 15.0303641714 5.9166666667 12.4 6.4 NaN 5.9660289775 5.1428371643 2.247996552 6.1383656714 2.7888888889 3.0455834467 2.147996552 2.7095038309 12.3422194537 8.35 24.3042261031 6.9741510037 2.9617159916 6.7768983415 17.3994484251 24.929 3.1893446036 8.35 5.5555555556 5.8055555556 2.6055555556 6.0055555556 6.5770461645 5.8761904762 6.0134491708 6.0115508071 5.2094922192 5.6160289775 19.1828101159
