Outfile_5.asc
NCOLS 201
NROWS 151
XLLCORNER 733748.947016
YLLCORNER 2561541.418206
CELLSIZE 137.483444
NODATA_VALUE NaN
[rows 39 to 77 of 151, columns 88 to 175 of 201]
31 30.1 13.1 30.5 30.3 8.5 16.2 5.3 30.6 6.9 6.5 30.8 30.3 30.8 6.6 6.95 25.6 13 6.8 9.7 17.8 7.9 10.5 7.4 12.9 7.65 7.35 7.65 20.55 7.65 7.65 7.35 30.85 30.75 27.85 7.65 7.55 7.55 16.1 30.1 18.6 30.6 6.95 6.45 22.2 6.75 16.6 30.3 30.7 NaN NaN NaN NaN NaN NaN NaN NaN NaN NaN NaN NaN NaN NaN NaN NaN NaN NaN NaN NaN NaN NaN NaN NaN NaN NaN NaN NaN NaN NaN NaN NaN NaN NaN NaN NaN NaN NaN NaN
29.5 7.1 6.5 6.9 30.6 12.4 30.3 29.9 13.1 9.2 6.8 20.7 9 6.7 6.75 30.5 30.5 6.9 7 30.9 22.9 6.4 6.8 9.9 7.4 7.6 5.2 14.95 14.95 7.35 30.2 10.15 30.4 30.7 7.95 27.95 7.65 11.8 9.65 9.65 6.95 3.3 7.45 6.45 30.4 30.2 11.3 9.7 30.9 30.7 NaN NaN NaN NaN NaN NaN NaN NaN NaN NaN NaN NaN NaN NaN NaN NaN NaN NaN NaN NaN NaN NaN NaN NaN NaN NaN NaN NaN NaN NaN NaN NaN NaN NaN NaN NaN NaN NaN
6.8 7.4 6.8 6.7 6.7 7 6.9 5.9 8.7 6.7 30.3 19.4 14.4 30.6 19.7 30.3 23 11.7 6.4 7.1 30.3 6.7 6.5 7.5 12.3 30.3 9.9 7.25 7.55 30.5 5.9 10.9 12.45 31 7.85 6.45 6.35 30.3 30.6 6.95 30.7 6.35 30.4 30.4 31 6.4 27.9 1.3 30.7 26.9 20.6 NaN NaN NaN NaN NaN NaN NaN NaN NaN NaN NaN NaN NaN NaN NaN NaN NaN NaN NaN NaN NaN NaN NaN NaN NaN NaN NaN NaN NaN NaN NaN NaN NaN NaN NaN NaN NaN
6.8 7.3 7.1 6.9 7.1 7.3 6.9 30.7 30.8 30.5 13 6.5 13.4 3.8 25.4 6.9 30.9 6.5 5.5 6.8 30.6 18 30.4 30.5 7.2 7.6 7.8 30.8 6.75 6.55 24.4 30.4 7.35 30.35 6.75 30.8 30.4 6.85 6.35 6.85 9.65 30.3 6.55 30.6 30.2 30.7 6.2 3.9 24.7 30.3 30.5 30.1 NaN NaN NaN NaN NaN NaN NaN NaN NaN NaN NaN NaN NaN NaN NaN NaN NaN NaN NaN NaN NaN NaN NaN NaN NaN NaN NaN NaN NaN NaN NaN NaN NaN NaN NaN NaN
30.8 18 30.9 31.3 6.8 30.3 31 30.5 5.6 30.5 30.3 5.7 15.9 1.2 13.1 6.9 6.6 6.6 6.7 10.3 9.9 6.6 5.3 12.4 7.9 7.6 7.9 27.7 6.75 7.15 6.35 30.4 30.3 30.4 30.4 9.3 31.2 30.7 30.7 30.4 12.2 30.7 30.3 30.3 14.1 14 28.8 7.05 28.2 30.7 30.8 30.1 30.4 NaN NaN NaN NaN NaN NaN NaN NaN NaN NaN NaN NaN NaN NaN NaN NaN NaN NaN NaN NaN NaN NaN NaN NaN NaN NaN NaN NaN NaN NaN NaN NaN NaN NaN NaN
30.2 30.3 30.8 6.7 5.5 5.7 5.9 30.5 19.1 30.5 3.8 30.6 30.5 7 10.1 30.4 9.8 9.1 16.7 21.8 6.6 10.2 7.3 7.4 7.3 10.5 7.8 8.2 7.5 7.15 6.55 27 30.6 30.5 30.6 30.5 24.7 30.7 30.1 30.6 30.9 30.9 30.7 30.6 30.7 29.1 30.4 30.2 30.6 30.3 6.45 6.65 30.8 6.25 NaN NaN NaN NaN NaN NaN NaN NaN NaN NaN NaN NaN NaN NaN NaN NaN NaN NaN NaN NaN NaN NaN NaN NaN NaN NaN NaN NaN NaN NaN NaN NaN NaN NaN
12.7 6.4 16.8 30.5 6.6 6.8 22.8 16 9.3 11.8 13 30.5 30.2 7.6 30.4 7.4 12.7 7 30.4 7.1 7.3 7.6 7.4 7.4 7.7 7.8 7.7 6.9 30.6 31 6.65 30.8 30.6 12 30.15 7.45 7.65 30.3 30.4 30.4 6.65 30.6 30.5 30.2 5.5 30.3 28.1 30.8 7.5 30.5 30.8 9.4 30.9 7.25 NaN NaN NaN NaN NaN NaN NaN NaN NaN NaN NaN NaN NaN NaN NaN NaN NaN NaN NaN NaN NaN NaN NaN 8 30.4 10.4 NaN NaN NaN NaN NaN NaN NaN NaN
7.9 7.8 30.2 30.3 6.7 6.5 30.3 19.2 30.5 9.2 30.6 7.6 7.6 5.8 17.3 30.2 12.7 7.4 17.5 7.3 12.6 30.4 27.8 12.5 7.5 30.9 30.4 10.9 18 30.5 6.65 17.65 30.25 30.65 10.05 30.6 7.45 19.95 14.95 30.1 30.1 31.1 31 30.5 6.45 19.3 30.8 30.5 30.6 13.1 15.9 30.6 7.45 30.9 7.15 NaN NaN NaN NaN NaN NaN NaN NaN NaN NaN NaN NaN NaN NaN NaN NaN NaN 30.7 13.3 31 10.7 31.2 26.2 30.7 31.2 30.8 30.9 6.5 31 31.5 6.8 6.4 30.7
7.8 5.2 7.5 30.5 5.4 6.6 30.2 30.4 6.5 6.3 30.5 30.3 7.6 19.3 22.8 30.5 30.8 7.8 7.5 30.3 15.5 30.2 24.3 12.9 15.3 8 30.6 30.5 6.8 30.5 23.9 9.85 7.65 7.65 7.65 30.45 30.15 9.8 7.75 30.2 14.8 30.6 30.6 30.3 6.85 6.75 30.6 30.7 30.3 6.75 6.25 20.9 22.8 17.65 7.35 7.55 NaN NaN NaN NaN NaN NaN NaN NaN NaN NaN NaN NaN NaN NaN NaN NaN 31.5 31.1 31.5 13.6 30.9 8.3 16 10.5 30.7 30.7 31.2 8.1 30.5 31.1 6.1 6.6
3.2 11 30.1 30.6 30.6 31 30.3 30.5 6.4 23.9 30.6 9.9 7.7 1.2 6 6.6 31 30.6 6.3 9.9 30.4 30.6 19.5 30.7 6.5 31.1 30.4 6.6 6.6 30.8 30.5 30 12.35 12.55 30.75 28.05 25.25 30.3 17.5 30.4 10.1 30.8 6.75 26.6 6.45 30.9 30.2 9.3 6.65 6.75 30.6 6.75 26.9 30.4 30.6 10.35 NaN NaN NaN NaN NaN NaN NaN NaN NaN NaN NaN NaN NaN NaN NaN NaN NaN 10.6 30.9 32 9.3 30.2 8.3 31 8.5 30.6 8.3 28.6 6 31.1 5.7 6.5
30.4 30.6 5.3 6.05 30.7 9.9 16.2 6.4 3.9 6.3 26.6 7.2 30.2 6.5 10.4 6 6.2 9.7 31.2 30.4 30.7 30.6 30.9 30.8 30.6 21.7 30.9 30.9 30.9 30.5 31.1 6.25 6.95 31.2 12.75 31.1 30.2 30.25 7.55 9.8 29.9 6.75 8.5 7.9 6.45 8.4 30 30.4 30.6 6.55 27.2 10.15 30.9 30.8 30.9 7.75 13.25 NaN NaN NaN NaN NaN NaN NaN NaN NaN NaN NaN NaN NaN NaN NaN 30.9 14 8.6 28.6 8.7 28.6 8.8 15.9 30.7 31.3 8.3 23.5 6.2 6.4 5.7 6
18.5 8.8 6.25 6.45 31 30.2 13.8 30.2 13.8 6.8 30.1 30.8 30.3 6.2 30.8 24.4 30.2 6.5 6.2 30.7 30.7 15.3 6.3 8.4 30.5 30.5 23.6 30.4 30.3 30.3 31.1 29.5 30.3 30.6 6.65 30.8 30.5 9.9 7.25 31.1 30.9 6.95 30.3 31.3 6.65 30.2 31.4 30.8 30.6 30.5 6.05 7.45 30.1 7.35 15.15 14.95 7.9 10 NaN NaN NaN NaN NaN 6.7 NaN NaN NaN NaN NaN NaN NaN NaN 21 8 21.5 30.1 30.6 30.6 31 20.8 11.1 30.1 8.2 11.1 31.1 6.5 6.2 6.4
10.7 9 12 30.5 1.3 11.7 24.1 22.1 6.6 30.1 30.6 30.6 3.4 30.7 30.9 30.9 30.5 30.7 4 4 30.2 25.1 30.6 30.1 8.4 30.7 10.2 5.5 30.7 30.5 30.7 9.8 30.5 30.5 6.55 6.05 31.2 30.7 6.95 18.6 31 3.1 10.8 6.2 6.75 6.65 15.2 30.5 6.15 30.7 31.2 31.2 12.55 9.95 30.5 6.3 12.3 30.8 17.2 7 7.1 7.2 7 7.1 6.5 NaN NaN NaN NaN NaN NaN 8.3 30.3 30.8 8.3 18.1 18.2 30.4 8 28.4 30.7 13.9 30.5 10.9 18.2 6.3 6.2 5.6
1.5 26.9 9.2 30.6 4.1 4.2 6.6 30.6 16.9 1.4 30.2 6.6 11.8 30.5 30.5 21.7 30.4 6.5 30.4 3.8 6.5 30.1 6.05 9.8 9.9 30.6 30.3 30.4 6.15 6.15 30.8 30.1 6.15 30.6 30.8 30.6 30.3 15.9 7.15 30.8 30.4 30.3 6.7 31.4 6.2 30.7 30.2 31 31 31.2 30.9 6.75 6.45 30.5 7 6.5 30.5 7.2 7.2 17.4 7.4 7.2 6.7 6.8 6.9 NaN NaN NaN NaN NaN 16.4 30.8 30.5 30.7 15.7 30.8 16.1 8.1 31.4 30.8 21.4 25.7 30.5 30.2 15.9 23.5 NaN NaN
14 6.5 1.4 30.6 26.7 1.6 18.7 1.4 3.7 10.9 6.8 26.1 20.4 30.3 6.5 30.1 30.2 30.7 30.4 9 6.3 30.5 6.05 17.2 30.5 30.9 30.7 30.7 30.5 30.6 30.9 28.2 30.3 30.8 10.6 30.7 7.05 30.8 7.25 30.6 30.7 30.4 30.4 31 31.1 30.8 30.8 31.3 30.5 30.7 30.3 6.45 6.35 7.3 9.6 30.7 30.5 7.2 30.9 30.4 7.3 22.3 7 7.4 5.6 NaN NaN NaN NaN NaN 7.7 7.6 7.9 31.5 6.4 28.4 20 30.7 8.5 30.6 8.5 11.1 31 8.8 30.6 8.1 NaN NaN
11.5 11.3 11.3 30.5 30.3 1.3 30.8 11.4 7.8 23.1 30.5 7.9 7.9 30.3 30.9 6.7 30.3 30.4 30.2 30.5 6.5 7.9 17.7 30.5 30.1 27.8 30.5 30.6 31 6.15 30.5 30.4 31.1 31.2 27.6 6.25 30.5 6.85 6.45 30.7 6.65 30.8 30.3 3.5 6 11.2 8.6 31.1 30.4 30.6 30.1 30.1 30.7 6.85 6.9 6.4 6.3 7.1 7 6.8 6.8 7.2 7.1 6.9 9.6 NaN NaN NaN NaN 7.3 7.2 7.6 31 30.7 30.5 8.3 25.9 8.3 7.9 15.4 25.7 30.2 30.5 11.1 30.4 13.7 NaN NaN
9.1 3.9 3.8 30.2 30.1 30.1 4.2 30.6 31 31.1 30.8 20.3 30.3 30.1 6.4 7.2 6.6 30 30.5 30.9 30.8 5 19.2 30.8 30.7 6.15 5.95 6.05 13.1 30.3 30.2 31 6.75 14.9 30.4 6.15 23 6.45 6.75 6.55 30.2 8 30.4 30.3 3.2 3.4 23.8 5.7 30.4 6.65 30.8 10.9 30.3 31.2 30.7 6.4 30.6 6.2 6.5 9.8 30.6 9.6 30.4 30.5 NaN NaN NaN 7.4 6.9 6.6 30.7 31.4 7.7 7.5 7.3 12.6 8.4 8.1 10.8 7.9 8.5 10.6 11.1 21.2 30.7 NaN NaN NaN
4 1.3 1.1 11.4 9 1.1 6.6 30.4 30.4 30.3 27.9 23.2 20.1 6.7 10.1 30.1 10.1 30.7 30.5 10.2 30.3 30.7 30.5 25 10.5 30.1 6.25 5.95 5.95 30.9 6.25 30.6 31.2 7.05 6.65 31.2 30.5 6.05 30.8 30.3 30.8 17.9 30.5 29.9 30.3 30.3 5.7 30.5 30.8 30.6 9.1 7.5 30.5 30.6 30.7 10.1 30.4 30.4 7.2 6.9 30.2 6.7 7.4 NaN NaN NaN NaN 30.8 7 11 30.8 7.7 30.6 30.3 30.5 7.5 30.3 7.9 21.1 10.3 8.3 15.7 30.6 31.2 17.8 NaN NaN NaN
8.8 8.9 6.5 31 9 6.5 24.3 30.5 31.7 13.3 30.6 30.1 30.5 6.7 23 30.5 27.7 13.2 14.9 30.3 7.8 5.3 27.6 15.1 30.7 6.35 6.45 6.45 5.95 30.5 30.8 30.4 31.6 30.5 30.9 30.4 6.8 16 31.1 30.8 6.55 30.4 30.3 29 30.7 10.6 10.8 30.3 30.2 30.6 12.2 30.4 5.85 6.35 31 24.4 6.5 6.1 6.6 30.3 9.6 7 7 6.9 NaN NaN 30.5 30.1 31 7.3 22.6 10 7.4 7.5 17.6 30.6 7.3 30.6 7.8 30.6 11 31.4 31.1 30.6 8.5 NaN NaN NaN
1.2 30.4 4 30.2 6.1 30.8 30.4 6.9 30.3 5.7 15.5 30.2 13.1 30.6 8.1 30.3 25.1 30.6 30.5 30.6 30.6 30.2 30.4 30.8 18.3 30.7 6.25 5.95 5.95 6.45 30.4 6.85 31.1 30.6 30.6 30.7 30.9 31 30.8 30.8 31.3 30.2 30.4 30.6 30.4 6 22.1 30.3 23 30.5 30.7 30.1 5.85 6.35 6.05 6.25 30.8 30.8 5.1 7.2 7.2 5.7 3.3 6.8 7 7 NaN 10 12.8 7.2 6.9 7.9 26.2 6 31.6 7.9 30.1 10.2 10.6 8.3 30.3 30.6 30.3 21.3 20.9 8.3 NaN NaN
4 3.8 4.1 11.5 26.7 12.2 6.9 12.2 30.6 30.9 1.2 24.8 20.9 30.2 5.3 7.8 30.5 30.7 3.5 30.6 30.2 30.1 5.5 30.9 30.7 6.15 6.35 6.25 6.55 6.55 6.25 30.5 31.4 30.9 30.6 4.2 11.9 8.5 30.8 31.2 31.2 20.9 6.45 18.5 6.05 6.45 6.55 8 6.05 30.6 7.8 5.5 30.4 6.35 6.15 6.25 31 30.3 6.3 30 3.6 30.8 30.9 7 30.5 7 30.8 14.3 7.5 7 30.6 7.7 30.1 30.7 30.3 30.2 12.6 30.5 30.5 30.6 31.1 31.1 30.8 11 23.9 28.8 11.1 NaN
4.1 16.6 6.7 30.6 1.5 7.1 8.1 30.7 3.9 30.8 8.8 30.2 30.3 15.5 30.9 7.9 12.9 30.5 5.6 30.5 15.3 7.8 5.5 8 30.2 6.05 6.15 6.05 6.35 6.65 30.7 6.85 30.8 6.4 26.2 21.4 6.9 30.6 30.8 6.25 30.3 5.95 30.5 30.3 17.6 10.4 6.25 6.05 6.35 30.5 6.25 30.5 30.8 26.9 10.8 30.7 31.2 6.9 31 6.4 20.6 30.7 30.4 30.5 6.9 30.7 23.5 30.7 13.7 7.4 31.2 30.3 10.1 30.6 10.1 30.6 7.9 30.1 31.1 31 30.3 30.5 30.7 15.9 8.2 31 30.4 NaN
1.2 3.8 1.2 3.9 26.7 15.6 30.2 9.1 6.3 8.9 30.6 1.9 3.9 4 24.8 10.5 30.6 5.3 5.3 27.3 23 30.3 30.6 5.6 30.5 5.3 6.35 30.4 26.1 14.3 30.6 31.1 6.65 7.1 30.9 19 30.3 6.15 6.35 6.75 30.1 30.7 8.2 20.6 20.3 5.85 5.95 6.45 5.65 9.8 6.85 30.6 30.9 6.45 6.55 30.1 6.45 30.3 30.5 6.4 31 30.3 30.7 30.4 30.9 7.1 30.4 30.3 7.1 7 30.9 6.7 9.8 7.4 7.3 7.5 7.1 30.6 30.3 31.2 30.9 31.6 14 28.5 30.4 8.6 NaN NaN
6.5 3.7 1 24.1 6.8 23.2 30.5 6.3 4.2 6.5 6 30.7 8.4 30.7 6.6 30.2 30.7 30.8 30.6 30.4 30.5 22.9 12.8 5.5 9.6 6.25 30.4 6.25 30.4 6.05 6.1 31.5 30.7 6.55 16.5 30.2 6.35 6.15 6.05 6.25 30.8 30.7 30.4 30.6 30.5 10.2 7.4 31.3 30.7 7.9 30.6 30.4 30.9 30.9 28.5 30.4 30.7 9 6.3 6.2 7.9 30.8 30.8 31 30.5 6.4 6.9 10 30.5 25.6 6.3 30.9 30.4 31.1 31.4 8.3 8 15.5 8.2 31.2 17.3 30.3 18.35 8.05 30.25 30.55 NaN NaN
24 1.5 26.4 29.2 NaN NaN NaN 15.4 11.6 16.5 1.5 4.1 4 26.3 3.8 6.6 6.4 10.4 30.4 30.1 30.4 30.5 30.5 30.5 30.6 20.4 30.3 30.5 6.75 6.55 7.15 13.4 16.5 30.2 30.8 6.65 22.15 6.65 6.95 6.75 8.5 31.2 16.1 22.9 30.5 5.3 13.4 30.6 5.8 30.1 30.8 30.5 30.4 5.1 30.4 30.9 11.7 5.5 6.8 7.1 31.1 7.1 31.4 30.7 30.6 30.9 30.8 30.8 31.2 30 9.6 30.5 10.6 9.8 6.9 8.1 7.8 30.8 10.55 30.65 30.75 30.35 20.65 10.95 13.25 10.55 8.05 NaN
28.6 10.8 30.5 NaN NaN NaN NaN NaN 15.2 3.8 4 6.3 4 4.3 30.7 28.5 13.1 3.3 30.2 5.2 30.7 6.45 30.9 30.4 30.7 30.5 30.6 16 6.65 12.15 7.25 30.2 30.8 6.85 7.25 30.9 6.95 6.55 6.95 6.85 6.55 13.3 13.2 30.6 5.3 5.4 5.9 15.9 9 30.2 30.8 30.2 30.3 3 3.9 23 30.2 22.9 8.9 6.3 30.6 7 30.8 30.7 30.8 30.5 31.1 30.5 31.4 7.4 12.5 13.3 18.1 31.8 30.7 8.35 30.05 13.25 30.55 18.55 26.65 8.15 8.15 30.55 10.75 7.9 13.05 30.15
6.3 5.4 NaN NaN NaN NaN 6.9 3.8 18.3 3.6 4 6.5 4.1 9.2 30.9 14.5 30.5 21.5 20.6 30.3 30.2 31.1 30.9 30.5 30.4 20.6 30.2 6.45 30.5 30.4 12.25 6.45 6.45 6.45 7.35 6.75 6.55 6.65 7.35 6.95 6.65 6.55 6.45 6.45 6.25 6.05 30.1 6.35 30.3 5.3 13 30.4 28.6 30.1 30.3 6.95 18 30.4 6.55 31 30.9 9.6 30.2 8.9 30.7 3.8 30.5 30.5 31.2 7.6 8.6 8.3 30.85 30.7 12.45 9.65 30.25 30.05 30.95 18.35 11.25 8.35 8.45 30.65 8.75 15.5 28.35 10.95
NaN NaN NaN NaN NaN 6.2 5.6 11.8 30.6 16.1 11.5 30.2 1.4 30.6 30.2 26.4 5.9 30.4 30.5 25.9 30.4 30.6 30.5 5.6 13.4 30.8 6.85 6.75 5.7 9.65 6.45 6.95 6.65 6.75 7.05 6.95 6.55 6.85 6.95 6.75 6.75 6.75 13.3 19.6 30.5 16.2 6.6 30.7 6.65 30.6 6.1 8.4 6.45 6.35 6.95 6.25 6.65 6.35 30.2 6.35 9.7 9.6 30.3 9.9 30.5 6.6 30.5 30.6 7.7 30.4 31.75 30 7.65 30.7 31.1 6.95 30.65 31.05 30.25 7.95 30.75 28.65 30.45 30.65 13.45 30.45 30.55 8.25
NaN NaN NaN NaN 30.3 31.4 30.4 5.7 6.2 10.7 1.2 6.3 11.2 11 30.5 18.5 30.4 6.5 30.8 6.8 7.5 15.6 30.4 5.7 30.5 6.85 6.75 6.65 6.75 30.7 6.75 6.75 6.85 6.75 9.8 6.45 6.85 27.15 6.75 6.85 6.45 30.6 6.75 9.4 30.5 6.65 4.3 8.9 8.3 30.6 3.7 5.95 5.95 6.25 6.35 6.25 6.85 6.85 6.45 30.5 1.3 4.1 30.7 30.05 7.15 26 24.95 30.05 30.2 13.25 11.05 15.45 18.25 30.5 7.05 6.85 30.05 30.35 30.95 12.85 8.35 23.25 10.55 30.85 8.15 8.55 8.45 22.95
NaN NaN NaN NaN 5.8 6.1 30.5 5.1 10.5 5 11.1 30.1 30.3 15.6 30.6 9.8 6.5 5.4 5.4 5.1 7.9 6 5.3 27.9 21.9 30.4 30.6 6.75 17.15 30.3 30.4 7.4 30.4 9.8 17.7 6.75 6.55 6.75 7.15 30.2 30.9 30.6 30.6 21.6 1.5 13.7 1.4 5.3 6.25 30.6 11 6.05 5.95 6.05 6.45 10.7 7.05 6.8 6.45 6.55 22.15 7.05 30.6 30.9 30.7 7.45 31.1 30.6 30.5 30.9 13.25 7.75 30.25 7.75 6.95 12.05 7.95 8.05 31 17.85 30.95 10.25 30.35 15.15 8.35 31.2 15.85 30.55
5.6 NaN NaN 5.5 6.4 30.7 4.8 5.1 5.3 4.9 4.7 5 5.7 5.8 30.9 5.9 5.7 4.8 30.5 4.2 4.3 18.1 13.3 3.9 6.3 5.6 6.3 7.35 7.05 21.4 7.3 15 7.6 27.6 17.5 7.15 6.55 6.65 6.75 6.65 18.7 4 18.8 8.9 3.9 1.1 3.9 6.35 30.5 6.75 NaN 6.15 6.35 6.75 10.2 7.05 5.9 5.3 6.25 18.9 7.25 6.75 7.35 31 30.55 30.6 31 31 10.6 30.6 22.95 7.65 25.55 30.55 30.45 12.65 30.95 30.45 25.85 30.35 10.85 7.85 7.95 30.35 8.25 13.45 30.25 NaN
NaN NaN 5.7 31.1 6 5.6 5 5.3 5 5.4 30.2 5 5.7 5.4 5.8 6.1 30.8 5.5 5.6 30.7 10 30.6 1.3 30.4 30.5 30.9 6.4 6.85 7.1 30.1 12.4 7.4 7.8 7.2 8.2 7.2 7 31.3 6.55 6.75 30.7 30.9 30.7 13.8 19 1.3 30.3 10.9 30.5 6.55 30.9 9.2 30.4 6.85 7.05 6.85 26 6.75 7.25 7.65 30.4 30.7 5.7 7.45 6.55 31.1 31 30.8 6.95 6.65 7.05 6.75 9.4 8.05 15.95 10.55 7.55 10.65 7.75 10.65 13.05 10.35 7.85 31.65 20.75 8.05 8.55 18.55
5.9 6.2 5.7 6 16.8 5.9 6 5.7 5.6 5.7 5.4 30.2 5.5 5.7 5.9 5.5 30.5 5.8 5.5 5 30.4 30.7 30.6 11.7 30.6 5.4 30.8 7.1 6.9 7.1 7.1 7.4 7 31 7 6.9 7.1 30.4 6.65 6.45 30.4 30.8 21.7 4.1 30.3 4.2 6.4 6.55 6 6.65 31.3 30.4 6.65 7.05 15.1 6.45 7.15 6.95 7.35 30.9 20.15 9.75 8.1 30.1 12.9 31.1 31.1 30.9 30.4 10.1 6.65 31.2 31.3 30.7 23.5 8.25 30.25 25.65 30.85 8.15 8.05 10.55 7.65 17.95 20.35 7.75 10.85 7.95
6 5.8 6.5 31.2 6.6 6 30.9 20 5.7 5.4 5.6 5.3 5.4 5.3 30.7 30.5 5.8 30.4 30.9 5.2 30.3 30.7 30.3 5.6 30.4 12.3 5.7 30.1 6.9 6.9 6.7 6.7 6.9 6.8 6.7 7 6.8 7.2 9.6 9.6 10.9 4.6 6.6 9 6.5 30.8 30.3 9.1 6.7 13.2 6.75 6.75 6.65 6.35 6.95 6.95 6.75 21.5 7.55 6.95 20.25 7.15 6.85 7.05 31.2 31.1 21.9 29.7 6.75 15.05 24.75 30.4 30.25 14.85 10.35 30.55 8.05 20.55 30.35 15.45 7.65 7.95 15.35 10.05 10.25 20.35 7.85 8.25
30.2 6.1 6.4 9.6 6.3 5.1 30.6 30.6 14.9 19.9 5.8 5.4 5.6 6.1 30.4 5.6 10.4 30.2 30.9 30 30.5 30.5 29.1 8.4 30.4 5.8 25.5 7.8 7.9 30.4 6.8 6.4 6.7 6.6 6.7 6.7 7.2 1.6 6.6 7.1 7.3 11.1 4 9.8 30.9 6.4 30.6 6.65 6.55 6.45 3.5 30.2 1.9 4.3 6.55 7.15 7.15 9.75 18.3 30.1 7.55 7.35 7.15 7.05 30.7 6.65 31.1 30.6 7.8 7.05 9.95 14.6 7.15 7.55 15.25 7.95 12.85 15.65 7.85 7.95 15.65 10.55 8.25 7.75 8.05 8.05 12.95 18.15
30.3 30.4 4.2 8.5 30.8 29.1 6.3 5.3 6.5 6 5.6 5.7 17.9 5.8 5.7 30.4 5.3 30.8 28.4 8.3 18.4 13.4 30.3 30.7 7.2 30.7 30.7 25.3 30.3 15.5 30.6 6.4 6.5 6.7 6.9 7 30.6 30.5 6.7 9.1 30.8 7.7 6.9 16.5 6.5 6.1 30.7 30.5 6.75 30.1 30.9 30.3 30.5 8.9 6.95 22.55 3.9 10.25 20.05 10.05 7.85 7.45 7.35 30.7 30.8 15.7 30.6 30.5 30.4 30.7 5.6 7.45 11.6 30.85 30.5 17.95 7.55 30.3 7.75 7.15 7.15 10.85 29.1 15.35 8.05 30.6 18.7 6.4
30.1 11.6 5.9 5.4 30.4 6.2 6.2 5.7 30.1 13 5.8 27.3 1.2 1.4 30.2 24.2 5.9 5.3 30.2 5.5 5.4 30.3 10.3 3.6 3.1 30.5 30.1 23 20.2 30.8 30.7 6.9 6.6 30.9 6.9 15 31.2 7.8 10.1 7.4 6.9 30.3 6 11.6 30.3 6.55 30.8 13.9 30.5 10.05 7.15 30.7 8.4 7.05 6.95 6.95 14.2 6.95 7.35 7.35 7.35 7.65 19.85 31 7.15 7.35 7.95 30.4 30.8 30.3 12.45 30.9 6.85 30.6 6.5 6.95 30.2 30.6 30.5 7.45 22.65 30.95 13.15 30.35 13.6 28.9 1.7 30.6
31.2 5.7 6.2 6.1 5.8 5.7 5.8 6.3 30.6 30.3 5.5 8.5 18.8 18.8 6 5.3 5.3 5.2 30.6 5.8 7 30.5 30.3 5.2 13.4 1.4 25.4 27.8 6.4 8 30.5 30.5 6.9 7 30.5 7.8 7.7 25.3 5.9 10.1 7.6 30.2 31.3 30.5 7.05 6.55 30.9 30.3 6.75 6.85 6.95 6.85 6.75 6.65 30.9 7.05 30.25 5.1 9.65 12.05 7.55 6.95 30.8 10.25 14.85 10.65 10.15 30.6 7.05 7.25 10.75 15.35 18.05 16.2 30.15 18.1 7.25 22.75 7.45 26.25 10.75 30.65 30.45 7.55 7.75 7.85 16 14.6
6.1 5.4 5.1 5 5.2 5.8 5.6 5.7 31 30.5 30.6 30.8 25 24.6 6 5.6 5.8 5.8 5.7 10.7 30.5 7.2 18 13.1 13 30.5 30.3 30.4 30.3 30.4 10.7 6.4 16.3 7.5 10.3 30.3 30.5 30.4 6.4 7.3 7.3 30.1 6.75 26.2 30.4 6.75 6.55 6.95 6.35 6.45 26.4 7.05 6.95 7.05 9.55 30.85 16.1 7.55 30.35 7.55 9.75 5.8 9.75 30.45 30.15 7.15 30.55 31.1 17.2 7.05 10.65 15.35 30.45 30.35 7.65 7.85 8.15 30.25 10.65 8.75 8.15 10.95 30.45 8.05 30.25 30.6 28.5 15.15
