Outfile_4.asc
ncols         201
nrows         151
xllcorner     733748.947016
yllcorner     2561541.418206
cellsize      137.483444
NODATA_value  -9999
[rows 74 to 110 of 151, columns 84 to 167 of 201]
13.9 30.5 5.4 25.7 3.6 4.2 4.3 8.4 17.1 6.3 5.7 5.4 6.3 5.6 5.7 5.7 30.8 5.7 5.6 30.5 5.4 30.4 30.2 3.3 3.3 10.8 12.7 30.3 6.4 7.9 7.8 30.7 15.5 10.6 30.8 6.6 6.5 6.4 6.7 6.8 13.3 30.5 6.6 12.3 30.8 7.3 6.3 31 9.3 3.2 18.5 30.6 6.75 30.4 13.3 30 30.4 6.5 6.35 6.95 6.4 9.85 7.85 10.45 30.75 7.05 7.05 11.9 30.5 8.4 31.4 30.4 30.5 30.8 30.6 7.35 17.2 20.45 31 30.55 27.95 8.5 8.15 7.15
6.3 5.8 10.9 9.1 26.4 6.5 5.2 20.4 30.4 5.9 5.9 5.6 1.2 30.6 6.1 30.9 30.1 14 18 6.3 5.5 30.6 20.4 7.7 5.4 30.3 10.7 30.5 24.5 8 12.8 30.5 30 10 30.6 6.8 6.6 30.6 6.7 10 30.7 7.7 12.7 9.9 6.5 30.6 30.7 30.7 3.4 6.35 9.6 5.7 30.2 6.55 6.25 30.4 21 6.35 6.75 6.95 30.9 7.65 30.55 9.85 30.05 7.35 7.15 14.5 20.15 7.65 11.15 27.2 30.6 31 27.45 11.9 12.35 31.1 9.1 7.25 30.9 31.1 30.8 9.55
5.6 13.9 30.3 4 30.6 5.5 5.5 5.6 5.6 5.4 5.1 5.8 30.5 5.5 6.2 3.6 8.6 30.5 6.5 5.2 5.5 31 30.5 5.3 6.9 12.6 25.5 30.1 28.5 3.9 30.4 17.4 6.2 31 30.8 30.8 6.7 6.9 20.2 7.7 7.3 7.6 30.5 9.8 9.9 30.1 30.4 3.9 6.55 6.75 22.4 30.6 6.45 6.65 6.65 6.75 6.55 6.25 8.1 7.25 7.85 30.5 9.65 7.35 7.45 30.15 30.8 7.45 9.75 30.45 30.35 31.4 14.75 27.45 30.35 31.05 30.35 31 13.35 30.2 24.85 10.15 12.35 10.25
6 30.2 30.5 30.8 5.6 4.8 4.5 4.8 5.1 5.4 5.4 5.3 30.8 30.8 30.2 30.4 30.5 30.4 5.9 5.7 5.7 6.2 5.7 7.8 13.2 7.3 10.8 30.6 30.3 7.9 30.5 30.1 30.5 30.6 30.8 6.3 30.4 6.9 25.3 7.5 12.6 14.8 30.8 7.4 10 20.7 6.65 5.8 8.4 6.15 6.55 6.55 6.45 6.45 21.1 6.75 6.45 6.75 7.05 17.45 30.8 7.65 7.65 9.95 9.65 21.3 30.45 30.25 7.25 7.45 8.15 31 30.5 7.25 8.35 7.85 8.25 31.15 30.45 10.25 30.35 15.85 15.75 7.85
21 3.1 4 9.1 3.6 7.1 5.3 30.5 5.5 5.3 6.2 5.8 5 30.2 9.3 30.6 5.3 3.3 7.7 30.4 25.6 5.4 3.2 30.2 6.7 30.6 31 25.4 30.9 3.5 1.2 30.9 5.5 27.2 5.3 7 6.5 7.3 12.4 7.3 7.3 1.2 30.1 30.4 12.1 30.3 30.7 8.3 1.4 30.6 6.65 6.35 6.15 6.25 6.75 6.95 6.85 7.35 7.15 7.05 7.8 7.15 7.55 7.15 7.25 30.4 17.1 30.2 30.8 31 12.65 7.85 7.75 30.5 30.5 30.15 18.25 8.55 30.9 23.25 7.65 7.75 30.35 7.95
6.9 6.5 8.4 8.6 6.1 3 11.4 6.6 6.2 6.1 5.8 6.2 5.7 5.4 4.8 7.2 4.6 5.4 5.6 5.3 5.4 5.6 5.6 13.7 7.8 8.8 30.8 30.7 13.4 13.7 30.3 30.2 30.7 6.2 6.5 30.5 20 7.3 30.5 30.2 9 14 9.7 30.3 30.4 8 8.9 30.7 26.6 30.9 6.55 1.3 6.45 6.55 6.85 3.2 10.25 9.85 7.55 7.15 30.6 31 8.1 7.45 10.05 22.25 30.6 30.5 26.8 30.2 30.5 30.6 15.85 7.85 22.75 25.45 30.9 12.35 11.25 30.65 7.55 30.45 8.15 15.65
10.4 30.4 30.9 30.3 6.4 6.1 6.7 30.8 30.1 6.5 6.3 6.1 5.4 6.3 5.5 5.4 5.5 5.4 5.5 14 20.4 5.4 30.3 3.2 5.1 3.7 30.4 30.9 30.7 7.1 4.2 30.6 10.2 6.3 30.3 6.6 6.1 6.9 4.3 30.6 13.7 1.2 30.4 13.7 30.5 30.4 9.9 5.8 8.6 9.95 6.35 6.45 6.65 6.55 12.85 11 20.35 15.45 7.45 9.75 9.2 7.45 7.25 25.25 30.7 7.9 30.1 30.3 30.5 31 6.95 28.25 7.95 13.15 30.9 30.45 23.35 7.35 10.15 7.65 30.65 20.25 15.45 30.25
5.6 15.4 30.5 30.8 6.6 6.9 6.7 14.2 9.9 6.3 6.7 6.2 6.2 6.1 6.5 9.1 5.6 30.1 5 4.9 4.7 5.7 5.7 30.3 3.3 8.9 6 31 30.5 19.2 6.8 12.7 14.3 24.6 5.3 6.3 30.8 11.1 21.2 30.7 30.6 30.5 11.4 6.1 1.3 20.5 6 30.25 6 10.05 30.55 15.05 7.45 7.55 10.05 15.25 9.95 9.65 7.05 7.05 12.9 17.7 7.25 10.05 30.15 30.05 7.3 30.3 30.8 30.9 6.75 30.3 30.5 30.1 30.3 30.7 21.35 30.9 11.05 30.35 30.6 8.35 12.75 30.65
6.8 7 7 6.3 30.8 6.8 7.1 6.5 6.4 6.4 6.3 6.5 6.4 6.4 30.4 6.9 30.5 3.8 6.3 6.3 21.9 30.9 10.3 6.1 5.7 6.4 4.1 6.3 6.3 3.9 5.6 30.8 28.6 11.6 11.8 3.5 30.1 6.7 30.9 30.4 30.4 6.3 8.9 7.2 3.4 6.95 7.35 7.25 7.65 10.15 25.05 30.2 15.15 7.55 7.05 7.25 7.05 7.25 6.85 14.65 7.25 1.3 3.7 7.35 7.25 30.85 10 30.6 30.1 30.9 7.05 18.3 26.9 6.65 9.65 10.05 7.55 22.85 10.35 3.9 30.6 30.8 30.4 10.55
6.8 6.6 30.4 6.7 6.4 6.7 30.2 6.5 6.3 30.4 6.3 6.8 6.7 6.6 6.5 6.6 6.7 6.9 6.2 6.5 10.3 6.2 5.4 30.2 5.8 6 22.6 30.2 3.8 30.5 26.1 30.4 5.05 5.85 6.05 18.7 6.95 30.1 30.2 8.3 16.8 3.2 3.2 9.9 7.35 7.35 9.65 7.35 7.25 7.55 10.9 30.6 6.3 24.75 12.15 7.85 7.05 6.85 7.05 7.15 12.35 6.6 6.4 9.65 7.15 25.25 30.4 30.3 30.4 30.6 30.3 30.8 6.85 6.05 6.55 7.05 27.55 7.65 9.85 30.35 7.85 30.5 13.05 7.85
6.5 7.8 7 30.7 6.3 26.9 6.5 3.2 4.2 21.6 30.7 30.6 1.4 6.2 7 31 30.6 6.7 6.4 26.3 6.4 30.6 12.6 6.3 3.8 22.7 6.1 30.9 31 30.1 17.6 5.65 5.75 30.6 1.2 8.6 16.6 4.1 30.6 30.7 30.7 6.35 30.2 3.8 10.15 29.85 7.3 6.85 30.4 7.25 6.4 12.25 7.45 5.2 7.25 7.25 7.75 6.95 7.05 6.85 24.85 19.85 9.75 7.25 7.15 7.65 30.55 30.1 29.8 30.6 30.1 7.15 30.5 30.8 6.45 7.75 7.05 8.45 8.25 23.55 17 7.65 7.85 30.95
6.7 6.5 6.6 27.3 30.6 6.2 30.4 6.4 6.7 7.1 6.3 6.2 6.3 6.4 6.8 28.7 31.1 6.6 3.6 6.7 6.8 6.8 31 30.5 6.7 6.8 6.7 20.8 6.8 26.8 15.5 1.6 10.7 6.5 6.4 6.2 14.1 9.2 30.8 11 6.65 3.4 7.15 18.7 28.5 4 4.1 8.2 3.1 18.4 29.1 1.2 7.05 7.15 6.95 9.85 9.85 10.65 7.95 12.65 6.85 30.3 19.4 14.95 7.35 9.95 30.8 30.7 30.3 9.85 7.15 7.15 7.25 30.7 30.8 25.15 12.75 9.95 13.15 8.35 10.85 7.85 10.05 31.1
30.6 17.7 6.45 30.8 6.55 30.7 30.8 6.65 30.5 16 30.5 6.5 30.2 30.5 6.6 6.55 5.85 6.05 6.15 30.5 6.55 6.65 6.55 6.3 15.9 30.5 30.9 6.95 30.2 13.7 4.1 11.2 3.9 8.8 1.5 6.3 1.1 31 6.35 8.2 29 9.4 18.6 6.85 7.35 30.3 7.35 3.4 6.85 1.5 30.1 6.4 26.6 7.25 7.25 17.35 9.85 9.3 30.25 12.55 17.7 30.4 7.9 30.6 30.7 30.6 30.4 7.35 6.7 31 11.9 7.15 30.3 7.25 30.6 7.75 21.5 7.35 7.35 10.65 31.15 30.35 30.5 7.55
30.2 17.8 6.65 30.8 30.4 30.6 6.55 7.8 30.5 4.2 7.7 7.9 30.9 6.7 6.35 6.45 6.35 6.05 30.5 10.8 8 20.4 12.4 7.05 7.05 30.5 6.8 6.7 3.6 3.8 30.5 5.8 30.2 3.2 13.5 11 30.1 6.55 6.85 6.55 30.7 6.75 7.25 7.05 6.95 7.05 9.95 6 6.95 30.3 21.4 14 7.15 5.2 3.8 7.6 9.85 12.35 8.25 9.85 6.95 7.55 12.2 30.4 30.3 7.55 14.3 30.6 7.65 30.4 30.7 30.7 30.6 30.7 9.55 7.15 7.45 30.9 10.05 7.95 15.85 8.25 31.1 28.05
30.6 5.95 13 5.95 6.25 30.4 5.6 30.6 18 18.7 16.5 30.2 30.5 12.5 6.75 5.65 6.05 5.8 6.85 6.25 30.9 6.85 13.7 30.3 7.05 11.2 1.3 15.9 30.3 5.9 8.9 30.6 6.6 10.9 3.8 6.75 6.45 6.45 4 6.75 30.6 11.4 30.5 9.85 6.95 7.25 6.75 7.15 7.05 5.4 30.7 7.35 6.65 6.65 5.2 3.9 30.2 11.7 30.2 10.25 7.25 17.45 30.5 19.2 30.7 30.6 30.35 30.4 7.45 7.45 7.25 6.85 6.75 7.05 6.95 7.05 31 30.15 7.65 25.85 8.25 30.85 30.1 18.05
30.6 30.4 6.45 6.35 30.4 20.9 30.6 19.9 6.15 6.25 7.7 13.3 30.5 30.8 30.9 6.25 6.35 30.1 6.15 6.35 6.05 6.75 6.55 6.45 30.7 14.2 6.65 30.5 30.5 30.5 11.6 24 16.5 3.7 6.15 6.05 5.8 6.35 6.35 30.6 30.5 6.45 26.8 30.4 30.4 30.5 6.95 6.55 30.4 6.95 6.85 7.35 6.35 1.3 6.95 9.2 30.2 30.8 6.85 22 30.5 30.5 1.4 6.4 14.2 30.9 30.4 30.9 30.7 9.65 6.85 7.15 6.55 6.85 7.15 17.25 9.65 30.6 7.25 7.55 15.35 12.95 30.35 10.05
30.8 6.25 9.7 6.65 6.55 5.35 7.9 10.6 14.3 30.3 30 18.1 30.2 6.65 6.05 5.95 6.75 6.85 30.5 30.6 20.3 5.2 30.5 6.35 30.7 30.3 5.5 7.2 1.2 7.1 30.5 30.5 30.6 16.7 6.55 6.45 30.7 6.35 30.4 24.2 6.35 30.8 10.6 30.5 30.6 30.4 8 1.1 6.55 30.6 6.85 30.5 7.15 26 6.1 30.7 19 30.7 12.15 7.15 6.65 7.05 6.55 6.85 30.15 30.05 7.75 31.6 30.8 6.75 6.75 6.95 6.45 6.55 30.65 9.95 30.8 7.05 12.45 30.55 7.15 30.3 26.4 31.45
31 30.6 7.25 6.85 6.65 6.75 6.35 10.4 3.5 6.55 5.95 6.45 6.65 6.25 30.1 19.4 6.35 6.55 7.9 6.75 5.8 30 30.7 30.4 30.2 6.35 6.05 30.2 5.7 3.6 3.9 30.3 21.7 3.9 6.35 6.45 8.9 30.4 30.4 14.4 1.2 13.8 30.9 1.8 1.6 18.9 30.5 5.2 27.8 30.8 6.95 7.25 27.55 12.15 6.95 6.85 6.75 5.9 7.25 30.5 6.95 7.85 19.95 7.25 17.75 8.05 30.6 9.95 6.55 6.65 6.55 30.85 25.05 6.75 7.15 6.65 6.65 30.5 9.75 9.75 7.95 30.15 30.3 6.35
29.7 6.75 6.75 6.55 6.65 30.5 6.65 6.5 6.65 30.9 5.95 6.75 7.05 23.8 10.5 5.75 30.5 6.45 6.5 30.3 3.3 30.6 12.7 30.6 30.2 6.4 30.4 27.4 1.2 11.7 8.4 3.4 20.3 9.2 1.3 6.75 1.1 1 6.4 1.3 30.6 6.45 6.75 30.4 30.7 8.7 3.5 20.9 9.1 30.6 6.25 30.9 30.45 30.8 16.5 30.5 11.5 5.8 6.95 30.2 7.25 9.95 10.15 7.25 11.1 30.25 30.55 30.45 12.75 6.55 9.75 20.15 30.15 30.3 6.85 30.4 30.6 30.5 7.35 17.05 5.25 6.55 5.05 5.65
6.65 6.65 6.35 6.55 6.55 6.55 6.55 6.45 30.6 30.7 5.65 6.85 30.4 9 14.3 24.1 28.6 6.25 6.25 30.1 6.7 30.7 30.8 30.9 30.9 13.6 30.7 26.1 6 6.5 17.8 30.3 30.3 3.7 8.3 5.6 18.9 3 30.4 30.4 11.2 6.1 6.45 30.4 30.4 6.1 15.1 30.5 3 5.3 6.85 30.05 30.7 9.2 30.6 4 3.9 1.3 30.7 7.85 6.95 7.35 30.6 7.75 7.35 31 14.75 7.05 6.65 8.15 7.35 7.45 15.15 31.2 6.55 30.6 30.4 30.9 31.4 31 5.25 5.7 5.6 30.9
30.6 6.25 6.35 6.45 6.35 6.35 8.3 9.2 9.2 5.95 6.65 6.25 11.2 6.95 6.35 6.15 3.2 6.15 6.35 30.6 7.8 30.5 31 3.8 8.3 6.35 3.9 30.7 4.2 30.3 12.9 6.65 30.7 19.2 1.3 30.3 6 5.9 6.05 6.25 5.6 30.5 5.8 30.7 18.1 7.9 25.4 30.4 10.7 30.4 16.9 30.55 7.25 3.8 3.6 7.65 15.45 31.2 30.6 9.85 7.25 6.95 7.25 10.25 10.35 15.35 12.95 6.65 6.65 8.25 30.15 7.05 30.2 7.65 6.65 6.85 12.25 31.4 30.05 12.25 5.5 5.7 5.9 -9999
30.3 6.05 5.95 6.65 5.95 6.35 6.25 30.1 30.4 4.1 6.15 6.15 6.45 30.2 6.65 6.35 30.7 6.25 5.95 6.55 3.4 3.8 30.8 6.65 13.2 11 8.5 30.5 30.1 7.9 7.8 14.4 9.1 5.9 8.6 30.5 5.65 5.85 6.35 6.6 30.5 13.8 30.9 30.1 30.5 30.7 30.7 30.7 6.95 30.6 7.15 7.15 30.75 6.5 11.4 14.4 30.6 30.3 30.5 11.8 22.3 6.85 12.05 8.15 7.95 30.25 7.85 15.75 23.25 18.15 10.45 10.75 17.55 30.2 7.55 6.85 30.65 7.35 30.9 5.35 5.6 5.4 5.5 -9999
30.4 30.5 6.25 5.95 30.5 6.15 7.7 6.35 6.25 5.95 6.65 6.45 6.45 6.25 6.45 6.35 5.5 6.25 6.15 16.6 3.7 30.2 30.2 9.1 1 30 26.2 6.85 6.35 30.5 3.9 6.35 3.9 6.45 5.85 5.65 13.9 30.7 31 30.2 30.4 30.4 5.9 5.7 30.7 30.4 30.4 30.3 7.05 6.75 7.75 7.05 7.25 9.6 30.1 12.85 12.45 13.15 10.35 30.5 30.2 7.15 30.9 6.85 7.55 8.05 7.7 10.25 8.15 17.95 7.85 13.05 28.65 30.65 30.75 31.1 7.85 5.85 5.95 5.5 5.4 5.9 -9999 -9999
6.65 6.65 -9999 6.25 30.4 21.5 6.35 6.25 6.15 6.15 6.15 3.9 6.35 9.2 5.35 3.2 8.3 5.85 -9999 30.7 8.5 30.4 3.3 6.8 8.5 26.5 8.8 21.8 1.2 5.1 12.7 27.3 30.4 30.4 30.6 30.8 9.2 8.9 30.4 18.7 25.9 27.9 3.2 30.4 30.5 6.1 8.8 30.1 7.15 6.6 10.65 30.7 10.35 6.3 6.5 7.45 10.45 7.95 30.8 30.3 30.9 6.85 6.95 7.05 8.35 8.05 10.75 10.35 7.95 20.45 8.05 15.55 30.75 30.15 7.75 6.45 6.55 5.65 5.85 6.4 6 5.5 -9999 -9999
30.5 30.5 6.25 12.6 6.65 6.95 6.25 6.65 6.65 22.1 30.5 30.3 6.85 6.15 30.3 15.2 6.15 -9999 5.75 30.7 6.2 31 21 21.1 1.5 30.3 6.3 21 14.55 4.2 5.3 1.2 21.6 30.6 6.85 30.1 6.55 6.55 4.3 30.2 5.8 30.2 7.9 30.4 7.8 30.6 8.9 16.25 30.2 7.15 30.3 8.25 7.95 12.2 30.9 18.55 8.45 15.05 30.9 17.75 11.15 30.4 30.4 25.95 10.75 10.85 11.8 15.55 10.85 30.5 7.85 10.75 8.35 10.55 5.85 31.2 5.55 5.65 6 5.9 5.6 -9999 -9999 -9999
30.4 30.4 6.35 6.35 28.5 6.65 6.75 6.65 6.45 11.6 30.2 19.2 6.35 29.6 8.3 7.2 1.1 -9999 -9999 -9999 31.1 30.4 30.8 30.6 3.9 3.2 6.2 30.4 23 30.6 6.95 4.3 30.3 6.65 30.6 18.8 6.05 6.15 30.6 26.4 30.2 30.3 23.4 18.5 30.5 6.95 30.7 26.75 16.25 6.4 30.25 10.85 12.85 7.95 8.45 8.45 8.55 11.15 8.45 28.85 10.65 30.65 30.75 16.15 26.35 18.45 30.7 8.05 30.25 16.05 7.95 8.05 30.15 6.15 5.95 6.05 4.95 5.45 5.9 5.8 5.7 -9999 -9999 -9999
12.7 18.1 6.65 12.2 6.25 6.35 6.35 6.55 6.45 14.2 6.25 5.25 7.8 5.65 14.1 10.7 -9999 -9999 -9999 -9999 7.15 30.1 30.9 6.85 30.6 30.7 25.6 30.2 30.3 8.3 30.7 8.2 30.5 30.2 7.15 6.4 11.5 6.65 30.4 3.3 11 16 30.5 23.4 5.3 7.45 17.1 31.2 8.95 21.25 8.05 30.25 8.05 28.35 7.95 16.25 30.35 8.25 18.95 11.05 30.65 9.05 10.65 9.05 18.75 8.05 7.7 13.15 30.8 30.45 8.05 18.15 6.55 30.6 5.75 5.15 5.35 5.8 5.5 6 5.9 -9999 -9999 -9999
6.15 6.15 6.85 6.65 6.35 6.45 6.15 6.05 6.45 6.25 5.55 6.15 30.4 5.3 7.1 5.85 -9999 -9999 -9999 -9999 -9999 7.05 7.25 6.95 30.8 30.8 16.5 31 20.4 12.8 15.4 30.2 6.5 30.5 30.8 30.2 30.7 6.75 5.95 6.45 30.5 7.15 12.45 6.95 7.35 7.35 30.9 30.6 31 25.75 8.35 30.3 13.65 10.75 7.85 30.5 8.65 10.85 11.05 30.35 30.45 16.15 11.45 8.55 11.05 7.95 30.5 8.15 5.4 13.75 30.05 30.35 30.4 30.1 4.95 4.85 4.75 5.3 5.9 6.1 -9999 -9999 -9999 -9999
6.15 6.15 6.55 6.55 6.45 5.75 5.55 5.85 30.5 6.35 5.75 6.15 9.8 7.2 5.6 -9999 -9999 -9999 -9999 -9999 -9999 9 31 30.6 30.7 30.7 13.6 30.3 10.4 30.2 31 31.2 9.4 30.9 31.1 6.45 30.2 4.1 6.45 17.3 9.85 30.6 10.05 22.65 7.15 17.05 9.55 30.35 8.25 8.45 10.65 30.25 30.55 10.35 7.55 7.15 31.2 31.2 30.8 8.45 26.45 30.45 8.45 10.65 16.15 30.35 5.9 30.1 26.15 30.35 30.45 6.75 4.45 5.25 5.15 4.75 5.1 5.3 5.3 5.7 -9999 -9999 -9999 -9999
6.25 6.55 6.25 6.65 30.4 5.65 -9999 6.15 5.75 6.55 6.25 5.1 30.2 9.8 6.45 6.15 -9999 -9999 -9999 -9999 -9999 6.25 6.9 16.7 30.7 18.5 3.8 24 5.2 7.9 11.3 30.8 30.6 30.7 30.9 7.35 30.1 6.85 6.55 6.15 6.85 9.9 7.05 7.15 30.4 6.25 6.15 30.6 31.1 6.55 6.55 7.15 7.35 30.45 9.95 30.75 30.15 7.55 25.35 13.95 30.6 30.65 8.95 21.55 30.45 8.25 30.6 30.35 30.5 13.55 5.65 4.25 5.25 5.15 5.05 4.75 5 5.1 5.5 5.9 -9999 -9999 -9999 -9999
5.9 6.05 5.55 6.05 5.85 5.35 -9999 -9999 5.55 5.45 5.75 6.05 30.5 27.3 30.7 30.4 5.95 -9999 -9999 -9999 -9999 6.15 6.35 8.5 6 7.1 30.3 31.3 26 8.6 30.5 30.5 30.6 30.5 30.6 30.4 27.8 22.9 6.75 6.45 6.35 6.25 30.6 6.35 6.25 6.15 30.3 6.35 30.8 31.4 6.45 30.1 8.1 7.35 7.35 30.7 7.25 7.25 30.25 7.65 7.75 8.55 31 8.55 30.15 30.9 30.25 13.35 8.55 7.15 4.15 5.35 5.35 5.15 5.55 5 5.3 5.4 5.2 5.8 -9999 -9999 -9999 -9999
6.15 -9999 -9999 -9999 5.35 -9999 -9999 -9999 -9999 6.75 6.65 25 30.4 5.1 17.5 6.55 6.15 1.2 -9999 8.8 30.5 28 17.2 30.5 8.3 30.4 10.7 30.8 30.8 30.7 6.1 10.8 30.7 7.8 6.65 19.6 1.5 31 11.9 6.35 6.15 5.55 6.05 6.15 6.45 6.35 31.1 30.6 30.2 31 6.35 31.35 23.25 10.15 7.25 30.5 7.05 30.9 7.15 7.75 30.8 7.65 30.15 30.55 10.65 8.05 8.25 8.15 10.95 4.45 5.75 5.45 5.15 5.05 5.05 5.2 5.9 5.5 5.8 5.5 -9999 -9999 -9999 -9999
-9999 -9999 -9999 -9999 -9999 -9999 -9999 -9999 -9999 6.45 6.95 6.65 12.5 9.8 9.8 5.95 5.85 6.2 10.7 3.1 6.25 30.4 7.7 10.9 3.5 20.8 30.2 30.7 5.8 30.6 16.4 30.5 6.85 30.2 6.75 6.85 26.3 30.8 6.15 6.15 6.25 6.15 5.65 6.15 9.9 6.25 31 31 25.7 6.25 6.65 30.85 30.35 7.75 30.35 12.25 12.35 5.65 7.55 7.75 17.35 12.45 10.15 10.25 9.85 7.15 28.25 30.05 30.25 4.85 6.25 5.35 6.45 6.35 4.95 5.3 5.2 5.4 5.4 -9999 -9999 -9999 -9999 -9999
-9999 -9999 -9999 -9999 -9999 -9999 -9999 -9999 -9999 6.75 6.65 6.75 30.7 30.1 30.8 22.1 30.9 30.6 20.9 30.9 6.25 30.2 18.4 15.8 30.8 30.7 6.25 6.1 30.6 28.5 5.4 6.85 30.7 6.85 6.75 6.75 6.45 30.4 30.6 30.7 5.45 6.05 6.25 5.85 5.85 6.15 30.2 30.8 5.65 21.3 30.7 6.45 6.05 30 6.25 30.5 30.3 5.35 12.45 6.85 9.95 5.4 6.45 7.15 6.55 6.85 10.45 7.05 7.05 7.05 5.55 -9999 -9999 -9999 -9999 -9999 -9999 -9999 -9999 -9999 -9999 -9999 -9999 -9999
-9999 -9999 -9999 -9999 -9999 -9999 -9999 -9999 -9999 6.25 5.95 30.5 6.35 30.4 6.45 6.55 8.6 5.9 13.7 30.6 6.15 5.3 8.1 30.6 5.8 30.7 6.05 6.2 3.6 12.7 30.9 7.2 12.45 6.85 6.75 6.65 6.55 6.55 30.4 6.65 6.25 5.95 6.2 5.85 5.45 6.55 5.5 30.9 6.55 30.7 6.15 6.15 30.3 5.75 5.85 6.25 30.7 5.65 6.05 25.7 5.65 6.95 6.65 7.05 6.95 6.65 6.95 5.35 5.45 5.65 -9999 -9999 -9999 -9999 -9999 -9999 -9999 -9999 -9999 -9999 -9999 -9999 -9999 -9999
-9999 -9999 -9999 -9999 -9999 -9999 -9999 -9999 -9999 5.95 6.25 6.35 6.15 30.9 6.65 6.45 6.55 9.95 30.3 30.9 5.95 6.55 6.95 6.65 6.55 30.4 15.9 10.9 30.9 30.7 10.6 30.7 7.05 17.25 6.05 6.35 6.75 6.25 6.45 6.75 6.05 5.95 30.7 5.45 5.95 5.7 7.9 31.1 30.1 30.9 30.2 30.6 30.9 5.75 30.5 5.75 30.9 6.35 5.55 5.35 5.45 5.35 9.9 5.75 5.55 5.35 5.35 22.7 5.45 -9999 -9999 -9999 -9999 -9999 -9999 -9999 -9999 -9999 -9999 -9999 -9999 -9999 -9999 -9999
-9999 -9999 -9999 -9999 -9999 -9999 -9999 -9999 -9999 -9999 -9999 -9999 6.45 30.5 6.25 6.45 6.35 6.75 30.4 6.65 6.45 6.65 5.9 6.35 6.75 6.35 25.9 6 16.6 30.1 5.3 21.8 6.95 6.45 6.35 6.35 11.2 7.05 30.8 30.9 6.55 6.45 6.25 6.25 5.55 5.75 30.5 5.45 6.25 30.6 30.8 30.8 6.55 30.8 5.95 22.3 5.85 6.15 5.85 5.95 6.45 5.95 27.7 30.1 8.3 30.3 5.45 5.55 -9999 -9999 -9999 -9999 -9999 -9999 -9999 -9999 -9999 -9999 -9999 -9999 -9999 -9999 -9999 -9999
