Outfile_2.asc
NCOLS 201
NROWS 151
XLLCORNER 733748.947016
YLLCORNER 2561541.418206
CELLSIZE 137.483444
NODATA_VALUE NaN
[rows 40 to 79 of 151, columns 0 to 88 of 201]
NaN NaN NaN NaN NaN NaN NaN NaN NaN NaN NaN NaN NaN NaN NaN NaN NaN NaN 13.34 23.14 8.14 6.78 6.28 6.18 6.28 7.3 6.68 6.28 7.94 8.04 10.64 7.94 6.48 7.94 30.24 30.5 16.24 24.9 7.94 8.04 7.1 7.84 30.5 6.44 6.54 6.24 5.94 6.44 30.3 6.04 6.44 6.64 6.54 6.34 6.4 7 7.12 5.84 5.64 5.94 5.74 5.84 6.14 6.04 6.34 6.54 6.94 30.5 6.4 11.8 30.3 6.84 7.24 6.94 6.84 6.94 1.2 30.6 30.3 16.76 11.66 11.46 30.5 30.5 30.4 10.6 5.9 12.9 29.2
NaN NaN NaN NaN NaN NaN NaN NaN NaN NaN NaN NaN NaN NaN NaN NaN NaN 8.24 8.14 13.24 11.04 8.24 13.14 3.8 7.94 7.94 30.5 13.34 30.14 13.14 3.7 8.14 8.14 8.04 13.04 7.94 8.24 13.64 8.34 30.3 12.2 12.84 30.6 8.4 6.54 6.24 5.94 6.34 11.6 30.26 6.64 6.74 6.24 3.8 3.8 6.3 9.72 5.64 5.84 5.64 5.74 30.5 5.84 5.84 7.3 7 5.1 21.5 3.5 5.3 6.54 6.54 6.54 6.84 6.64 24.2 5.2 5.54 5.94 8.96 14.46 16.46 11.56 30.8 8 7.6 5.4 5.2 6.94
NaN NaN NaN NaN NaN NaN NaN NaN NaN NaN NaN NaN NaN NaN NaN NaN NaN 20.94 10.74 8.44 8.54 8.34 11.14 7.94 8.14 10.74 8.34 6.1 8.04 13.14 8.34 13.04 10.54 7.94 7.1 17.2 8.14 15.54 30.7 30.1 6.08 5.3 6.08 6.38 6.34 6.24 5.94 6.04 17.3 9.66 6.94 6.64 1 1 3.7 1.2 6.44 14.7 30.5 9.2 7.2 5 6.54 6.34 1.1 7.2 3.2 13.1 30.5 6.64 6.84 6.64 6.64 14.8 5.44 5.64 5.8 5.44 5.44 19.36 11.86 5.3 8.86 20.3 30.4 5.2 7.8 7.6 6.54
NaN NaN NaN NaN NaN NaN NaN NaN NaN NaN NaN NaN NaN NaN NaN NaN NaN 18.54 8.44 11.04 30.34 20.94 30.04 15.84 10.74 30.34 11.14 30.6 8.04 18.54 13.34 10.74 8.24 30.3 11.3 7.3 8.14 7.84 8.5 6.58 6.18 6.18 3.6 5.9 10.9 8.7 6.14 14.56 9.56 29.86 6.74 3.7 1.2 1 3.6 6.4 1.3 1 17.2 7 9.7 7 6.34 1.1 5.2 27.6 8 5.4 24.9 6.74 6.94 6.84 6.74 5.84 5.34 15.5 5.64 5.44 7.7 8.86 26.86 30.4 5.24 5.1 10.4 5.1 30.2 7.6 30.4
NaN NaN NaN NaN NaN NaN NaN NaN NaN NaN NaN NaN NaN NaN NaN NaN NaN 8.54 15.94 8.34 13.24 10.84 15.94 10.74 10.84 8.54 8.04 10.54 8.8 30.34 8.04 18.34 8.44 12.2 8.24 30.6 6.38 6.18 6.28 8.1 30.4 30.8 11.3 12.6 3.2 6.08 18.8 1.2 10.06 25.16 30.6 6.2 6.64 30.3 3.7 3.8 19.9 16.4 9.6 6.24 17.2 17.2 20.9 8.7 1.2 6.74 30.1 19 6.94 6.74 6.64 6.64 5.74 5.34 5.64 7.9 5.3 17.9 5.39 11.31 4.99 6.1 30.2 7.8 30.5 30.3 3.3 5.1 8.4
NaN NaN NaN NaN NaN NaN NaN NaN NaN NaN NaN NaN NaN NaN NaN NaN NaN 8.54 8.54 8.14 8.14 10.74 8.54 6.2 8.24 8.34 10.54 10.9 1.2 8.34 7.94 1.2 8.14 10.64 15.64 8.04 17.7 6.08 6.18 1.3 3.4 28 30.7 6.58 6.08 15.8 27.3 9.46 30.2 10.16 30.46 6.54 6.54 6.54 6.14 6.44 6.24 6.54 3.1 3 5.7 6.24 8.2 3.8 30.5 1.4 14.96 5.54 5.94 6.54 6.44 6.64 5.64 4.54 5.7 3.1 15.7 5.3 10.8 30.7 5.29 30.1 29.5 10.3 30.3 10.3 7.7 7.3 30.5
NaN NaN NaN NaN NaN NaN NaN NaN NaN NaN NaN NaN NaN NaN NaN NaN 8.14 30.54 18.34 8.14 10.74 8.04 8.54 10.94 8.24 30.5 8.24 1.1 1.1 30.64 7.94 10.74 16.5 8.14 8.14 12.3 6.18 6.38 6.28 6.5 5.2 3.4 6.18 6.48 6.28 30.7 9.5 29.86 9.56 17.2 30.26 9.56 6.74 6.44 6.74 5.8 6.3 3.4 9.1 7.7 7.1 3 7.1 8.3 5.9 9.76 7.9 25.7 12.8 24.9 5.74 5.64 4.84 4.64 6 5.6 3.7 4.89 NaN 30.5 5.1 26.9 30.4 29.4 30.5 27.8 30.3 30.4 17.7
NaN NaN NaN NaN NaN NaN NaN NaN NaN NaN NaN NaN NaN NaN NaN 30.44 30.6 30.64 8.34 8.14 8.04 8.34 18.54 30.34 8.44 8.14 18.24 8.44 1.1 8.14 7.94 1.2 7.94 20.74 23.3 6.38 6.18 30.4 30.4 30.5 6.14 6.04 3.5 30.4 5.98 14.9 17.4 30.3 9.46 17.16 9.86 12.76 9.7 7.8 8.8 6.74 8.9 8.3 7.6 3.7 27.8 6.2 6.44 30.4 3.2 1.3 30.4 7.2 8.6 8.7 5.2 5.64 15.7 20.9 3.4 6.3 5.7 4.79 5.39 15.2 9.1 30.3 30.7 7.3 30.5 27.2 27.3 19.3 8
NaN NaN NaN NaN NaN NaN NaN NaN NaN NaN NaN NaN NaN NaN 10.84 13.54 30.44 8.44 8.44 10.94 28.14 13.34 8.54 11.04 8.54 8.14 10.94 8.04 7.2 10.84 10.64 8.04 8.14 6.08 5.98 30.4 30.4 30.2 30.6 30.5 25.7 30.5 30.8 30.6 6.64 22.3 10.6 12.8 20.2 NaN NaN 9.66 9.66 17.96 6.84 30.16 7.14 6.54 15.26 9.96 3 12.56 1 9.76 9.86 1.2 16.2 5.74 30.3 1.2 6.14 5.14 23.4 4.44 12.8 30.6 13 25.9 5.39 5.6 14.6 24.8 30.6 13.7 22.4 14.1 11.6 16.7 30.3
NaN NaN NaN NaN NaN NaN NaN NaN NaN NaN NaN NaN NaN NaN 11.04 8.44 12.3 30.04 8.14 8.54 18.54 16.04 8.64 8.14 28.64 8.14 8.34 8.14 8.54 30.6 8.34 16.9 10.94 30.4 3.1 22.8 16 30.1 30.7 24.2 24.3 5.8 5.1 6.34 6.04 30.06 30.1 24.8 30.7 NaN NaN NaN NaN 9.56 24.8 12.76 30.06 7.04 11.2 17.76 22.86 10.16 14.86 1.2 10.16 9.96 9.76 3.6 7.2 6.2 1 5 5.34 9.2 5.1 2.9 12.7 14.6 5.19 22.7 30.5 30.3 30.5 30.5 30.5 9.8 17.5 30.4 8.4
NaN NaN NaN NaN NaN NaN NaN NaN NaN NaN NaN NaN NaN NaN 19.04 10.94 15.84 8.34 8.14 10.74 30.3 8.44 13.34 28.54 30.4 30.5 25.1 30.8 17.3 30.3 7 6.3 9.9 5.7 5.7 24.3 30.4 30.8 30.6 30.5 9.1 3.2 5 6.14 9.66 9.56 29.96 12.4 17.6 NaN NaN NaN NaN 30.5 14.7 15.36 10.16 26.16 13.4 10.36 9.96 9.76 7.6 17.06 3.1 20.06 30.2 8.3 1.1 8.3 1.3 7.7 13.3 8.8 5.1 7.8 12.5 30.4 30 9 9.2 14.2 30.7 5.1 5.69 5.39 12.4 30.6 7
NaN NaN NaN NaN NaN NaN NaN NaN NaN NaN NaN NaN NaN NaN NaN 8.8 16.3 3.7 8.44 10.84 23.54 30.5 8.74 30.64 6.3 30.14 30.8 30.6 11.3 30.2 12.5 10 10.1 7.3 30.2 14.7 26.7 30.6 30.5 30.3 22.4 9.1 5 6.44 25.06 7.1 29.86 22.9 10 NaN NaN NaN NaN NaN NaN NaN 17.76 10.16 28.06 7.3 30.3 5.7 9.66 6.24 6.24 6.54 7.6 3.2 5 5.14 10.2 7.9 30.3 7.1 25.2 10.4 5.29 30.7 5.49 7.2 30.3 14.3 30.4 30.5 30.4 5.49 8 30.6 7.2
NaN NaN NaN NaN NaN NaN NaN NaN NaN NaN NaN NaN NaN NaN NaN NaN 1.1 15.2 6.2 19.8 15.9 12.3 6.2 15.94 6.4 23.44 7.4 10.84 8.54 12.6 NaN NaN NaN 9.9 6.48 5.8 29.2 7.2 30.4 30.4 30.3 30.2 3 14.3 22.66 27.76 12.56 25.1 17.6 NaN NaN NaN NaN NaN NaN NaN 10.26 10.26 7.2 30.7 5.9 17.76 6.74 5 6.44 6.94 10.1 7.6 5.1 3 10.2 5.44 5.3 7.6 5.9 30.5 9.9 5 15.3 30.5 14.3 30.6 3.7 30.4 5.29 27 19.3 11.9 19.3
NaN NaN NaN NaN NaN NaN NaN NaN NaN NaN NaN NaN NaN NaN NaN NaN NaN 12.4 6 1 10.94 10.84 9.8 30.5 14.7 18.34 11.24 8.24 8.24 9.8 NaN NaN NaN NaN 6.38 5.7 30.4 23.1 30.5 30.4 5.7 5.6 5.1 6.2 13.4 8.2 12.66 12.66 NaN NaN NaN NaN NaN NaN NaN 10.36 10.36 15.36 15.36 12.96 10.06 30.26 12.76 6.84 10.16 6.64 5.2 5.1 7.6 10.3 5.7 5.34 8.5 30.2 15.3 30.2 3.6 30.4 5.39 30.3 11.7 NaN 3.3 5.3 4.94 4.44 30.3 22.1 30.4
NaN NaN NaN NaN NaN NaN NaN NaN NaN NaN NaN NaN NaN NaN NaN NaN NaN NaN 9.9 27.5 18.74 8.54 30.14 20.74 10.84 10.94 21.14 8.54 30.44 17.6 NaN NaN NaN NaN NaN 6.38 10.7 30.5 7.1 30.4 3.3 6.44 6.74 30.4 6.44 7.04 15.36 9.86 NaN NaN NaN NaN NaN NaN NaN 9.6 10.16 10.16 10.26 10.26 10.26 12.76 10.36 10.16 13.06 3.3 11.4 30.3 10.1 5.3 30.2 6.04 5.24 12.7 5.2 7.8 6.59 5.19 11.3 30.6 NaN NaN 19 17.1 9.3 30.2 30.4 30.5 30.7
NaN NaN NaN NaN NaN NaN NaN NaN NaN NaN NaN NaN NaN NaN NaN NaN NaN NaN NaN 10 20.2 25.5 30.4 20.1 8.24 10.74 8.34 10.94 8.04 9.8 NaN NaN NaN NaN NaN 6.58 6.54 6.64 7.9 30.2 3.2 5.8 6.74 6.74 6.64 6.74 10.06 9.96 NaN NaN NaN NaN NaN NaN NaN NaN 10.16 10.16 10.16 10.36 12.76 9.96 15.66 10.36 12.96 6.14 6.44 15.3 30.4 5.1 10.3 5.9 6.04 5.94 10.2 6.04 7.1 16.6 6.74 18 8.1 30.1 30.4 30.2 11.7 16.7 30.5 30.4 30.7
NaN NaN NaN NaN NaN NaN NaN NaN NaN NaN NaN NaN NaN NaN NaN NaN NaN NaN NaN NaN 12.5 25.3 NaN NaN 30.5 8.24 13.34 8.34 9.8 NaN NaN NaN NaN NaN NaN 6.48 NaN 6.74 5.2 30.3 5.1 6.84 NaN 6.54 6.44 6.44 10.06 24.96 NaN NaN NaN NaN NaN NaN NaN NaN NaN 10.16 10.16 10.16 10.36 15.06 17.76 7.2 30.7 6.04 6.34 28.1 30.4 3.4 5.3 6.04 5.84 5.94 19.3 5.3 29.4 30.2 30.5 7.9 7.3 30.5 26.9 11.7 30.5 12.5 31 30.2 30.2
NaN NaN NaN NaN NaN NaN NaN NaN NaN NaN NaN NaN NaN NaN NaN NaN NaN NaN NaN NaN NaN NaN NaN NaN NaN 9.9 10.2 22.5 9.9 NaN NaN NaN NaN NaN NaN NaN NaN 6.54 6.84 6.64 6.94 6.64 NaN NaN NaN NaN 6.54 NaN NaN NaN NaN NaN NaN NaN NaN NaN NaN NaN 5 7 7 10.36 20.4 3.2 6.94 30.1 6.24 3.8 5.7 5.84 30.4 6.44 3 6.04 15.8 11.3 5.2 12.3 30.4 14.3 9.2 30.5 30.6 31.2 30.5 30.1 30.4 16.9 30.6
NaN NaN NaN NaN NaN NaN NaN NaN NaN NaN NaN NaN NaN NaN NaN NaN NaN NaN NaN NaN NaN NaN NaN NaN NaN 9.9 15 NaN NaN NaN NaN NaN NaN NaN NaN NaN NaN NaN NaN NaN NaN NaN NaN NaN NaN NaN 6.54 NaN NaN NaN NaN NaN NaN NaN NaN NaN NaN NaN NaN 6.64 6.64 3.7 3.2 6.84 NaN 6.04 6.38 30.4 NaN NaN NaN 30.5 3.9 30.5 3.3 NaN 6 5.7 30.1 31.1 31 31.3 31 30.2 30.5 30.2 30.5 19.2 30.8
NaN NaN NaN NaN NaN NaN NaN NaN NaN NaN NaN NaN NaN NaN NaN NaN NaN NaN NaN NaN NaN NaN NaN NaN NaN NaN NaN NaN NaN NaN NaN NaN NaN NaN NaN NaN NaN NaN NaN NaN NaN NaN NaN NaN NaN NaN 6.44 NaN NaN NaN NaN NaN NaN NaN NaN NaN NaN NaN 6.74 6.74 6.1 10.1 5.7 1.4 NaN NaN NaN NaN NaN NaN NaN NaN 8.5 6.28 NaN NaN NaN NaN 6.54 30.5 30.5 7.4 30.3 30.3 30.2 30.5 30 30.3 30
NaN NaN NaN NaN NaN NaN NaN NaN NaN NaN NaN NaN NaN NaN NaN NaN NaN NaN NaN NaN NaN NaN NaN NaN NaN NaN NaN NaN NaN NaN NaN NaN NaN NaN NaN NaN NaN NaN NaN NaN NaN NaN NaN NaN NaN NaN NaN NaN NaN NaN NaN NaN NaN NaN NaN NaN NaN NaN 6.84 5.6 3.1 6.74 6.74 6.2 6.84 NaN NaN NaN NaN NaN NaN NaN NaN NaN NaN NaN NaN NaN NaN 5.2 30.5 30.2 30.5 30.3 30.3 30.6 30.9 30.7 30.5
NaN NaN NaN NaN NaN NaN NaN NaN NaN NaN NaN NaN NaN NaN NaN NaN NaN NaN NaN NaN NaN NaN NaN NaN NaN NaN NaN NaN NaN NaN NaN NaN NaN NaN NaN NaN NaN NaN NaN NaN NaN NaN NaN NaN NaN NaN NaN NaN NaN NaN NaN NaN NaN NaN NaN NaN NaN NaN NaN NaN NaN NaN NaN NaN NaN NaN NaN NaN NaN NaN NaN NaN NaN NaN NaN NaN NaN NaN NaN NaN NaN 6.38 15.1 30.6 30.8 30.5 29.2 30.6 16.8
NaN NaN NaN NaN NaN NaN NaN NaN NaN NaN NaN NaN NaN NaN NaN NaN NaN NaN NaN NaN NaN NaN NaN NaN NaN NaN NaN NaN NaN NaN NaN NaN NaN NaN NaN NaN NaN NaN NaN NaN NaN NaN NaN NaN NaN NaN NaN NaN NaN NaN NaN NaN NaN NaN NaN NaN NaN NaN NaN NaN NaN NaN NaN NaN NaN NaN NaN NaN NaN NaN NaN NaN NaN NaN NaN NaN NaN NaN NaN NaN NaN NaN NaN NaN 17.2 30.5 30.5 21.8 30.3
NaN NaN NaN NaN NaN NaN NaN NaN NaN NaN NaN NaN NaN NaN NaN NaN NaN NaN NaN NaN NaN NaN NaN NaN NaN NaN NaN NaN NaN NaN NaN NaN NaN NaN NaN NaN NaN NaN NaN NaN NaN NaN NaN NaN NaN NaN NaN NaN NaN NaN NaN NaN NaN NaN NaN NaN NaN NaN NaN NaN NaN NaN NaN NaN NaN NaN NaN NaN NaN NaN NaN NaN NaN NaN NaN NaN NaN NaN NaN NaN NaN NaN NaN NaN 30.4 30 30.4 30.6 30.5
NaN NaN NaN NaN NaN NaN NaN NaN NaN NaN NaN NaN NaN NaN NaN NaN NaN NaN NaN NaN NaN NaN NaN NaN NaN NaN NaN NaN NaN NaN NaN NaN NaN NaN NaN NaN NaN NaN NaN NaN NaN NaN NaN NaN NaN NaN NaN NaN NaN NaN NaN NaN NaN NaN NaN NaN NaN NaN NaN NaN NaN NaN NaN NaN NaN NaN NaN NaN NaN NaN NaN NaN NaN NaN NaN NaN NaN NaN NaN NaN NaN NaN NaN NaN 30.3 30.5 11.9 30.9 30.7
NaN NaN NaN NaN NaN NaN NaN NaN NaN NaN NaN NaN NaN NaN NaN NaN NaN NaN NaN NaN NaN NaN NaN NaN NaN NaN NaN NaN NaN NaN NaN NaN NaN NaN NaN NaN NaN NaN NaN NaN NaN NaN NaN NaN NaN NaN NaN NaN NaN NaN NaN NaN NaN NaN NaN NaN NaN NaN NaN NaN NaN NaN NaN NaN NaN NaN NaN NaN NaN NaN NaN NaN NaN NaN NaN NaN NaN NaN NaN NaN NaN NaN NaN 1.3 NaN 7.2 7 30.4 11.8
NaN NaN NaN NaN NaN NaN NaN NaN NaN NaN NaN NaN NaN NaN NaN NaN NaN NaN NaN NaN NaN NaN NaN NaN NaN NaN NaN NaN NaN NaN NaN NaN NaN NaN NaN NaN NaN NaN NaN NaN NaN NaN NaN NaN NaN NaN NaN NaN NaN NaN NaN NaN NaN NaN NaN NaN NaN NaN NaN NaN NaN NaN NaN NaN NaN NaN NaN NaN NaN NaN NaN NaN NaN NaN NaN NaN NaN NaN NaN NaN NaN 6.18 4.94 5.14 NaN NaN NaN NaN NaN
NaN NaN NaN NaN NaN NaN NaN NaN NaN NaN NaN NaN NaN NaN NaN NaN NaN NaN NaN NaN NaN NaN NaN NaN NaN NaN NaN NaN NaN NaN NaN NaN NaN NaN NaN NaN NaN NaN NaN NaN NaN NaN NaN NaN NaN NaN NaN NaN NaN NaN NaN NaN NaN NaN NaN NaN NaN NaN NaN NaN NaN NaN NaN NaN NaN NaN NaN NaN NaN NaN NaN NaN NaN NaN NaN NaN NaN NaN NaN NaN NaN 17.9 8 4.74 5.3 24.6 NaN NaN NaN
NaN NaN NaN NaN NaN NaN NaN NaN NaN NaN NaN NaN NaN NaN NaN NaN NaN NaN NaN NaN NaN NaN NaN NaN NaN NaN NaN NaN NaN NaN NaN NaN NaN NaN NaN NaN NaN NaN NaN NaN NaN NaN NaN NaN NaN NaN NaN NaN NaN NaN NaN NaN NaN NaN NaN NaN NaN NaN NaN NaN NaN NaN NaN NaN NaN NaN NaN NaN NaN NaN NaN NaN NaN NaN NaN NaN NaN NaN NaN 9.8 30.8 4.2 26.8 9.2 21.8 4.74 4.94 4.74 NaN
NaN NaN NaN NaN NaN NaN NaN NaN NaN NaN NaN NaN NaN NaN NaN NaN NaN NaN NaN NaN NaN NaN NaN NaN NaN NaN NaN NaN NaN NaN NaN NaN NaN NaN NaN NaN NaN NaN NaN NaN NaN NaN NaN NaN NaN NaN NaN NaN NaN NaN NaN NaN NaN NaN NaN NaN NaN NaN NaN NaN NaN NaN NaN NaN NaN NaN NaN NaN NaN NaN NaN NaN NaN NaN NaN NaN NaN NaN 30.3 30.8 25.9 21.7 14.7 30.3 4.54 17.9 10.5 3.2 4.74
NaN NaN NaN NaN NaN NaN NaN NaN NaN NaN NaN NaN NaN NaN NaN NaN NaN 10.7 10.7 10.7 10.7 10.7 10.7 10.7 10.7 NaN NaN NaN NaN NaN NaN NaN NaN NaN NaN NaN NaN NaN NaN NaN NaN NaN NaN NaN NaN NaN NaN NaN NaN NaN NaN NaN NaN NaN NaN NaN NaN NaN NaN NaN NaN NaN NaN NaN NaN NaN NaN NaN NaN NaN NaN NaN NaN NaN NaN NaN 5.98 6.54 12.3 30.5 6.24 5.6 5.8 5.9 4.44 4.94 4.74 1.3 NaN
NaN NaN NaN NaN NaN NaN NaN NaN NaN NaN NaN NaN NaN NaN NaN NaN 10.7 10.7 10.7 10.7 10.7 10.7 10.7 10.7 10.8 10.9 NaN NaN NaN NaN 10.7 10.7 10.8 NaN NaN NaN NaN NaN NaN NaN NaN NaN NaN NaN NaN NaN NaN NaN NaN NaN NaN NaN NaN NaN NaN NaN NaN NaN NaN NaN NaN NaN NaN NaN NaN NaN NaN NaN NaN NaN NaN NaN NaN NaN 6.28 5.48 5.44 7.2 6.14 6.04 30.7 8.3 5.94 4.54 5.04 5.04 5.1 NaN 5.08
NaN NaN NaN NaN NaN NaN NaN NaN NaN NaN NaN NaN NaN NaN NaN NaN 9.82 9.82 9.82 10.7 10.7 10.7 10.7 9.82 10.02 10.7 10.7 10.8 30.3 10.7 1 10.9 10.7 NaN NaN NaN NaN NaN NaN NaN NaN NaN NaN NaN NaN NaN NaN NaN NaN NaN NaN NaN NaN NaN NaN NaN NaN NaN NaN NaN NaN NaN NaN NaN 6.13 NaN NaN NaN NaN NaN NaN 9 30.2 24.2 5.8 30.5 5.54 5.94 6.14 6.04 7.1 5.8 5.2 4.54 4.94 4.64 4.64 5.04 4.64
NaN NaN NaN NaN NaN NaN NaN NaN NaN NaN NaN NaN NaN NaN NaN 30.3 10.8 12.42 9.92 9.92 9.92 9.92 15.02 27.52 10.02 9.92 12.42 10.7 9.92 9.82 9.92 12.42 10.7 NaN NaN NaN NaN NaN NaN NaN NaN NaN NaN NaN NaN NaN NaN NaN NaN NaN NaN NaN NaN NaN NaN NaN NaN NaN NaN NaN 6.33 6.64 6.14 6.24 6.3 6.3 6.34 6.24 6.44 NaN 6.48 6.29 5.49 5.44 5.44 5.94 5.24 5.3 14.7 3.1 5.94 7.2 5.3 28.2 6.5 30.5 30.6 4.74 30.1
NaN NaN NaN NaN NaN NaN NaN NaN NaN NaN NaN NaN NaN NaN NaN 10.7 13.3 9.92 9.92 9.92 9.82 9.82 9.92 9.82 9.92 9.82 9.82 1.1 9.82 9.92 10.02 9.92 NaN NaN NaN NaN NaN NaN NaN NaN NaN NaN NaN NaN NaN NaN NaN NaN NaN NaN NaN NaN NaN NaN NaN NaN NaN 6.63 6.43 6.14 6.3 6 5.6 6.1 6 6.1 6.1 6.3 5.69 5.79 5.49 14.8 5.39 5.44 5.44 9.8 5.64 5.1 5.2 9.6 10.2 5 3.1 30.3 30.6 30.7 30.4 30.3 14.4
NaN NaN NaN NaN NaN NaN NaN NaN NaN NaN NaN NaN NaN NaN NaN 9.82 9.82 9.82 9.82 9.82 9.92 12.52 9.92 30.02 1 9.82 9.82 9.92 15.02 9.92 NaN NaN NaN NaN NaN NaN NaN NaN NaN NaN NaN NaN NaN NaN NaN NaN NaN NaN NaN NaN NaN NaN NaN NaN NaN NaN 6.53 6.54 30.7 5.6 5.3 5.5 6.3 6.1 6.1 5.9 6.2 6.09 6.49 5.59 5.99 6.39 18 7.8 5.24 5.94 5.44 5.84 5.84 5.1 5 18.4 30.4 4.94 30.8 4.64 9.9 30.3 17.1
NaN NaN NaN NaN NaN NaN NaN NaN NaN NaN NaN NaN NaN NaN NaN 9.82 7 9.82 9.82 1 10.02 9.82 9.82 14.92 1.1 12.52 30.12 20.22 12.52 NaN NaN NaN NaN NaN NaN NaN NaN NaN NaN NaN NaN NaN NaN 10.21 10.21 NaN NaN NaN NaN NaN NaN NaN NaN NaN 6.23 6.24 6.44 5.5 5.7 5.8 5.6 6.3 6.4 6 6.2 6.2 6 6.09 6.19 5.79 5.39 5.99 5.29 5.34 27 5.64 6.04 5.94 5.2 5.2 5.1 3.2 30.6 6.24 4.64 30.6 30.5 17.1 14.9
NaN NaN NaN NaN NaN NaN NaN NaN NaN NaN NaN NaN NaN NaN NaN 9.82 7 1 1 9.92 9.82 9.82 19.92 10.02 30.02 9.82 9.82 30.5 NaN NaN NaN NaN NaN NaN NaN NaN NaN NaN NaN NaN NaN NaN 10.36 10.21 10.21 10.21 NaN NaN NaN NaN NaN NaN NaN 30.5 6.64 6.6 5.7 5.6 5.4 5.3 6.4 6.1 6.6 6.5 5.8 6 6.1 6.09 6.69 5.59 14.7 5.1 1 5.39 5.44 5.14 5.94 30.5 25.3 30.3 7.7 14.3 6.04 6.74 30.2 7.4 30.6 30.5 4.7
NaN NaN NaN NaN NaN NaN NaN NaN NaN NaN NaN NaN NaN NaN NaN 9.82 1 1 12.42 8.06 8.16 8.26 1 3.6 12.42 9.92 10.9 NaN NaN NaN NaN NaN NaN NaN NaN NaN NaN NaN NaN NaN 10.36 10.36 10.36 10.21 9.33 10.21 NaN NaN NaN NaN NaN NaN 9.93 30.5 6.5 5.8 5.7 5.4 5.9 5.2 6.2 6.4 6.5 6.3 6.4 6.3 6.4 6.69 6.49 27.4 6.19 5.39 5.39 6.29 5.34 5.94 30.4 14.7 5.54 30.5 6.34 5.94 30.4 19.2 19.7 30.2 30.5 30.7 17
NaN NaN NaN NaN NaN NaN NaN NaN NaN NaN NaN NaN NaN NaN NaN 9.82 7 8.36 8.16 13.16 8.06 8.06 7.2 9.92 15.02 12.42 10.7 NaN NaN NaN NaN NaN NaN NaN NaN NaN NaN NaN 10.3 10.36 10.36 10.36 9.48 9.33 9.33 10.21 NaN NaN NaN NaN NaN NaN 30.4 7.54 30.4 5.3 5.5 5.9 6.1 5.9 6.1 6 6.5 6.2 6.2 6.3 6.5 6.09 6.29 5.99 5.69 5.99 5.99 6.59 6.04 5.94 6.04 5.74 5.2 6.44 30.2 6.44 25.3 30.6 6.5 6.5 19.7 30.9 6.7
