Outfile_2.asc
NCOLS 201
NROWS 151
XLLCORNER 730592.938286
YLLCORNER 2561222.529137
CELLSIZE 145.176046
NODATA_VALUE NaN
[rows 0 to 32 of 151, columns 75 to 149 of 201]
NaN NaN NaN NaN NaN NaN NaN NaN NaN NaN NaN NaN NaN NaN NaN NaN NaN NaN NaN NaN NaN NaN NaN NaN NaN NaN NaN NaN NaN NaN NaN NaN NaN NaN NaN NaN NaN NaN NaN NaN NaN NaN NaN NaN NaN NaN NaN NaN NaN NaN NaN NaN NaN NaN NaN NaN NaN NaN NaN NaN NaN NaN NaN NaN NaN NaN NaN NaN NaN NaN NaN NaN NaN NaN NaN
NaN NaN NaN NaN NaN NaN NaN NaN NaN NaN NaN NaN NaN NaN NaN NaN NaN NaN NaN NaN NaN NaN NaN NaN NaN NaN NaN NaN NaN NaN NaN NaN NaN NaN NaN NaN NaN NaN NaN NaN NaN NaN NaN NaN NaN NaN NaN NaN NaN NaN NaN NaN NaN NaN NaN NaN NaN NaN NaN NaN NaN NaN NaN NaN NaN NaN NaN NaN NaN NaN NaN NaN NaN NaN NaN
NaN NaN NaN NaN NaN NaN NaN NaN NaN NaN NaN NaN NaN NaN NaN NaN NaN NaN NaN NaN NaN NaN NaN NaN NaN NaN NaN NaN NaN NaN NaN NaN NaN NaN NaN NaN NaN NaN NaN NaN NaN NaN NaN NaN NaN NaN NaN NaN NaN NaN NaN NaN NaN NaN NaN NaN NaN NaN NaN NaN NaN NaN NaN NaN NaN NaN NaN NaN NaN NaN NaN NaN NaN NaN NaN
NaN NaN NaN NaN NaN NaN NaN NaN NaN NaN NaN NaN NaN NaN NaN NaN NaN NaN NaN NaN NaN NaN NaN NaN NaN NaN NaN NaN NaN NaN NaN NaN NaN NaN NaN NaN NaN NaN NaN NaN NaN NaN NaN NaN NaN NaN NaN NaN NaN NaN NaN NaN NaN NaN NaN NaN NaN NaN NaN NaN NaN NaN NaN NaN NaN NaN NaN NaN NaN NaN NaN NaN NaN NaN NaN
NaN NaN NaN NaN NaN NaN NaN NaN NaN NaN NaN NaN NaN NaN NaN NaN NaN NaN NaN NaN NaN NaN NaN NaN NaN NaN NaN NaN NaN NaN NaN NaN NaN NaN NaN NaN NaN NaN NaN NaN NaN NaN NaN NaN NaN NaN NaN NaN NaN NaN NaN NaN NaN NaN NaN NaN NaN NaN NaN NaN NaN NaN NaN NaN NaN NaN NaN NaN NaN NaN NaN NaN NaN NaN NaN
NaN NaN NaN NaN NaN NaN NaN NaN NaN NaN NaN NaN NaN NaN NaN NaN NaN NaN NaN NaN NaN NaN NaN NaN NaN NaN NaN NaN NaN NaN NaN NaN NaN NaN NaN NaN NaN NaN NaN NaN NaN NaN NaN NaN NaN NaN NaN NaN NaN NaN NaN NaN NaN NaN NaN NaN NaN NaN NaN NaN NaN NaN NaN NaN NaN NaN NaN NaN NaN NaN NaN NaN NaN NaN NaN
NaN NaN NaN NaN NaN NaN NaN NaN NaN NaN NaN NaN NaN NaN NaN NaN NaN NaN NaN NaN NaN NaN NaN NaN NaN NaN NaN NaN NaN NaN NaN NaN NaN NaN NaN NaN NaN NaN NaN NaN NaN NaN NaN NaN NaN NaN NaN NaN NaN NaN NaN NaN NaN NaN NaN NaN NaN NaN NaN NaN NaN NaN NaN NaN NaN NaN NaN NaN NaN NaN NaN NaN NaN NaN NaN
NaN NaN NaN NaN NaN NaN NaN NaN NaN NaN NaN NaN NaN NaN NaN NaN NaN NaN NaN NaN NaN NaN NaN NaN NaN NaN NaN NaN NaN NaN NaN NaN NaN NaN NaN NaN NaN NaN NaN NaN NaN NaN NaN NaN NaN NaN NaN NaN NaN NaN NaN NaN NaN NaN NaN NaN NaN NaN NaN NaN NaN NaN NaN NaN NaN NaN NaN NaN NaN NaN NaN NaN NaN NaN NaN
NaN NaN NaN NaN NaN NaN NaN NaN NaN NaN NaN NaN NaN NaN NaN NaN NaN 8.05 8 NaN NaN NaN NaN NaN NaN NaN NaN NaN NaN NaN NaN NaN NaN NaN NaN NaN NaN NaN NaN NaN NaN NaN NaN NaN NaN NaN NaN NaN NaN NaN NaN NaN NaN NaN NaN NaN NaN NaN NaN NaN NaN NaN NaN NaN NaN NaN NaN NaN NaN NaN NaN NaN NaN NaN NaN
NaN NaN NaN NaN NaN NaN NaN NaN NaN NaN NaN NaN NaN NaN NaN NaN 7.95 14.954 7.9 NaN NaN NaN NaN NaN NaN NaN NaN NaN NaN NaN NaN NaN NaN NaN NaN NaN NaN NaN NaN NaN NaN NaN NaN NaN NaN NaN NaN NaN NaN NaN NaN NaN NaN NaN NaN NaN NaN NaN NaN NaN NaN NaN NaN NaN NaN NaN NaN NaN NaN NaN NaN NaN NaN NaN NaN
NaN NaN NaN NaN NaN NaN NaN NaN NaN NaN NaN NaN NaN NaN 12.25 9.85 8.7 11 7.75 NaN NaN NaN NaN NaN NaN NaN NaN NaN NaN NaN NaN NaN NaN NaN NaN NaN NaN NaN NaN NaN NaN NaN NaN NaN NaN NaN NaN NaN NaN NaN NaN NaN NaN NaN NaN NaN NaN NaN NaN NaN NaN NaN NaN NaN NaN NaN NaN NaN NaN NaN NaN NaN NaN NaN NaN
NaN NaN NaN NaN NaN NaN NaN NaN NaN NaN NaN NaN 10.15 14.995 10.5 11.85 9.65 11.45 8.1 9.05 NaN NaN NaN NaN NaN NaN NaN NaN NaN NaN NaN NaN NaN NaN NaN NaN NaN NaN NaN NaN NaN NaN NaN NaN NaN NaN NaN NaN NaN NaN NaN NaN NaN NaN NaN NaN NaN NaN NaN NaN NaN NaN NaN NaN NaN NaN NaN NaN NaN NaN NaN NaN NaN NaN NaN
NaN NaN NaN NaN NaN NaN NaN NaN NaN 8.65 9.2 8.1 11.2 10.65 10.1 14.9 15.003 10.95 4.85 5.55 NaN NaN NaN NaN NaN NaN NaN NaN NaN NaN NaN NaN NaN NaN NaN NaN NaN NaN NaN NaN NaN NaN NaN NaN NaN NaN NaN NaN NaN NaN NaN NaN NaN NaN NaN NaN NaN 8.85 NaN 9.65 NaN NaN NaN NaN NaN NaN NaN NaN NaN NaN NaN NaN NaN NaN NaN
NaN NaN NaN NaN NaN NaN NaN NaN NaN 10.4 13.65 12.4 9.6 14.955 8.8 8.15 9.95 9.45 8.9 9.4 NaN NaN NaN NaN NaN NaN NaN NaN NaN NaN NaN NaN NaN NaN NaN NaN NaN NaN NaN NaN NaN NaN NaN NaN NaN NaN NaN NaN NaN NaN NaN 9.2 14.963 7.9 5.7 11.65 10.35 14.1 7.95 14.97 4.7 7.45 NaN NaN NaN NaN NaN NaN NaN NaN NaN NaN NaN NaN NaN
NaN NaN NaN NaN NaN NaN NaN NaN 8.65 15.048 14.55 11.7 13.35 12.45 9.8 8.7 10.35 10.35 10.85 14.966 14.964 NaN NaN NaN NaN NaN NaN NaN NaN NaN NaN NaN NaN NaN NaN NaN NaN NaN NaN NaN NaN NaN NaN NaN NaN NaN NaN NaN NaN NaN NaN 14.982 10.2 10.3 10.35 8 10.35 13.55 7.65 9.55 7.65 8.6 7.9 NaN NaN NaN NaN NaN NaN NaN NaN NaN NaN NaN NaN
NaN NaN NaN NaN NaN NaN NaN 15.004 9.25 10.35 11.35 8.9 8 9.95 11.85 8.35 13.45 12.85 10.05 11.05 5.55 NaN NaN NaN NaN NaN NaN NaN NaN NaN NaN NaN NaN NaN NaN NaN NaN NaN NaN NaN NaN NaN NaN NaN NaN NaN NaN NaN NaN NaN 10.7 9.35 15.029 10 9.3 15.005 15.029 15.049 10.9 12.65 11.6 7.6 7.35 NaN NaN NaN NaN NaN NaN NaN NaN NaN NaN NaN NaN
NaN NaN NaN NaN NaN 10.9 8.35 15.022 5.15 15.012 4.8 8.15 10.8 8.65 8.15 14.96 8.9 13.4 11.5 12.8 9.7 10.05 NaN NaN NaN NaN NaN NaN 7.95 NaN NaN NaN NaN NaN NaN NaN NaN NaN NaN NaN NaN NaN NaN NaN NaN NaN NaN NaN NaN NaN 9.15 8.1 8.85 8.8 15.003 10.25 10 14.8 12.7 12.95 7.8 7.55 8.9 8.1 NaN NaN NaN NaN NaN NaN NaN NaN NaN NaN NaN
5.5 NaN NaN 15.012 14.981 15.059 15.04 15.126 15.1 13.1 9.6 10.3 7.65 8.8 9.1 9.7 8.8 9.1 7.95 12.25 11.2 8 NaN NaN NaN NaN NaN NaN 2.1166666667 9.55 8.75 NaN NaN NaN NaN NaN NaN NaN NaN NaN NaN NaN NaN NaN NaN NaN NaN NaN NaN NaN 9.95 1.8 8.5 14 10 8.9 9.35 14.2 13.1 11.5 4.7118913743 7.95 7.6 7.55 NaN NaN NaN NaN NaN NaN NaN NaN NaN NaN NaN
8.3 12.3 10.05 10.2 15.049 15.012 15.168 13.7 9.9 15.01 9.15 7.85 12.5 9.4 7.85 8.5 9.7 8.8 9.4 7.45 9 4.55 8.95 7.8 NaN NaN NaN NaN 2.2203703704 5.9833333333 2.15 10.65 14.965 8.75 12.3 14.8 NaN NaN NaN NaN NaN NaN NaN NaN NaN NaN NaN NaN NaN NaN NaN 15.065 8.65 4.75 11.4 8.8 12.2 10.95 10 9.4 8.55 9.05 10.528511354 7.55 7.9 NaN NaN NaN NaN NaN NaN NaN NaN NaN NaN
4.95 5.4 19.991 8.05 11.35 12.45 9.05 8.65 10.15 10.15 10.5 10.4 8.05 8.3 12.25 8.15 8.85 9.95 15.066 8.7 8.45 14.954 8.15 8.15 9.6 9.25 4.8 11.95 13.15 9.15 14.6 13.4 13.2 9.25 15.057 14.986 10.1 9 NaN NaN NaN NaN NaN NaN NaN NaN NaN NaN NaN NaN 14 11.2 7.95 10 10 15.009 9.9 5.1757618163 12.1 10.4 13.55 7.65 8.1 5.2540925512 NaN NaN NaN NaN NaN NaN NaN NaN NaN NaN NaN
9.5 12.45 19.963 9.3 15.056 9.75 8.35 12.35 8.05 14.35 10.65 12.35 14.45 9.35 9.2 8.85 8.25 8.35 7.7 10.9 8.65 8.1 14.75 9.95 11.2 14.95 14.952 8.35 12.15 10.75 11.8 9.7 10.85 8.3 5.9 8.8 15.165 11.6 12.45 13.75 8.65 NaN NaN NaN NaN NaN 8.2 NaN 15.086 9.2 8.2 9.5 13.9 10.4 4.5 8.75 15.002 15.011 10.45 11.45 8.15 8.85 8.7 NaN NaN NaN NaN NaN NaN NaN NaN NaN NaN NaN NaN
5 7.15 19.959 15.064 14.85 8.5 5.7 11.65 10.1 8.4 9.15 10.55 9.45 15.001 8 8.95 8.6 8.2 13.05 8.65 9.9 7.8 14.961 15.033 14.5 10.9 9.6 9.5 9.65 2.4166666667 8.5 9.8833333333 15.0213703704 11.1 4.95 15 5.1 15.07 14.8 11.1 11.8 11 8.85 12.55 7.5 9.75 8.95 11.35 8.85 14.957 9.5 9.6 9.05 7.85 13.05 9.8 11.8 12.05 15.003 12.65 12.65 7.75 8.3 10.45 8.55 NaN NaN NaN NaN NaN NaN NaN NaN NaN NaN
8.05 7.65 8.2 15.04 15.109 14.972 9.8 6 7.65 9.15 9.55 9.85 10.35 12.75 7.75 8.4 10.75 5 14.1 7.9 8.3 10.9 8 12 8.85 10.15 8.55 9.55 6.5013641714 2.4666666667 9.95 6.6333333333 14.5 8.9 7.95 4.95 8.75 8.65 11.05 7.85 9.75 8.6 13.1 15.001 14.969 11.9 10.55 9.8 10.35 10.6 14.2 7.9 5.3789342698 8.4 2.0384487607 8.45 10.6 10.4 10.1 11.95 7.85 9.15 9.75 7.8 7.6 14.962 9.65 10.95 15.019 14.75 5 14.978 13.5 7.8 NaN
6.9 7.85 7.55 8.1 6.7 15.014 7.8 8.6 8.8 11.6 13.45 9.2 8.8 15.005 7.75 5.15 8.5 5.15 8.5 9.85 4.95 9.05 13.05 8.15 7.8 7.9 7.65 4.9880952381 10.5203703704 11.9 1.65 8.95 10.0013641714 8.45 8.7 7.6 5 4.7 4.5 4.5 11.25 15.013 9.4 15.059 9.1 12.6 13.9 9.8 8.8 8.5 8.2002805931 9.75 11.25 13.4 14.35 2.5540925512 8.85 9.75 9 8.25 9.15 9.1 10.75 9.45 8.2 11.75 9.35 8.8 11.8 12.55 15.057 13.45 13 8.65 7.6
6.85 7.6 7.15 7.35 7.1 9.2 7.85 7.45 15.029 9.25 8.5 9.9 9.75 9.5 13.75 15.053 10.6 9.15 6 14.9 7.6 8.15 10.4 8.75 7.75 15.015 14.7 8.8 8 9.1 7.55 8.65 11.1833333333 11.95 9.15 8.55 15.168 9.65 9.55 9.7 15.0269244652 13.4989137706 8.7 14.9829588438 14.979 15.011 10.7 9 4.95 6.95 8.8 12.65 8.7 14.9325006541 8.75 11.4833333333 8.55 2.76898463 11.2 8.15 10.55 9.75 12.95 9.25 12.15 9.25 8.95 13.9 14.85 9.1 11.45 10 10.5 13.05 NaN
7.2 9.9 7 8.35 5.95 12.55 NaN 8.5 14.96 15.039 15.089 11.3 9.6 7.95 10.4 10.3 11.05 8.05 9.45 8.05 8.25 10.8 6.073998276 15.0697777778 9.4 14.6277777778 12.8777777778 7.25 10 9.05 7.7 9.4 8.6 10.45 7.8064102564 9 13.55 8.95 8.65 8.9 10.5 5.1185127644 5.2491289 14.298142394 10.5 15.002 15.043 12.05 12.55 9.8 8.7 8.95 15.0730925512 7.05 11.05 11.95 11.45 9.15 9.9 8.75 13.15 14.981 8 8.9 8.55 7.4 14.95 14.05 10.15 8.7 10.75 9.1 11.35 8.95 NaN
7.7 6.95 7.05 6.45 7.05 NaN 7.1 NaN 7.3 14.9812222222 15.0109342698 10.05 8.85 9.45 15.064998276 7.45 5.253030303 9.35 9.75 7.75 8.15 9.2 10.8 11.6761904762 7.4 5.6261904762 10.8261904762 8.9445644158 14.9818182626 5.747178591 8.2 2.75 5.3117382165 5.1666666667 14.9756666667 6.2714045971 8.3 9.5 8.55 14.9660664066 15.0500225406 5.8047379305 6.6404286252 6.4211282852 12.7401371761 15.0954922192 9.5 8.3789342698 13.45 13.85 11.05 7.6 14.9993333333 8.5 9.35 9.3 9 8.9 11.1532369137 10.8 10 11.55 11.55 10.7 10.4 4.75 8 4.45 10.45 10.25 8.75 8.4 10.45 7.95 NaN
7.3 7.05 7.55 7.05 6.95 6.85 6.75 NaN 7.25 6.053030303 8.15 5.3333333333 15.1163333333 10 15.005 10.55 9.75 9.2770461645 11.25 10.4 5.6953558739 10.35 7.7 5.9611111111 5.9611111111 6.0111111111 5.8111111111 6.9609550211 7.8512482872 7.2777777778 6.0374258846 7.6080151505 2.97568603 2.5380983798 5.4333333333 15.0230925512 6.9111111111 8 7.9 11.5 10.4 8.8 11.1273928005 6.3921877893 2.8666666667 5.6622501134 14.65 8.1 12.85 5.6156866083 10.25 7.9 6.9 8 8.55 7.75 15.053 8.95 9.3 9.45 4.9 10 10.35 8.25 12.85 7.95 8 9.6 8.15 9.65 7.85 11.25 14.75 NaN NaN
8.05 8 7.95 7.1 7.05 6.85 6.9 6.85 6.1555555556 7.3 12.8 9.95 5.6166666667 2.8333333333 8.35 3.2111111111 7.55 11.75 11.1833333333 8.8 14.976 9.2 7.9 6.4666666667 8.6166666667 6.5666666667 6.3666666667 10.3200953027 11.4208927697 9.8120225406 14.9620453033 14.9690685946 11.0314757273 14.989057876 15.0973333333 7.85 9.7 7.4 10.3 9.5825157082 7.25 7.85 15.038 15.1505575791 14.9633333333 14.938511354 9.1 2.147996552 2.4585207206 2.5982350545 8.55 15.0553623108 7.75 7.1 7.65 1.9032369137 9.7 8.45 14.958 5.1 15.004 1.85 8.8 14.96 8.55 13.4 11.6 9.35 1.65 7.55 11.35 10.5 1.45 NaN NaN
8.85 17.15 10.75 7.1 14.4666666667 6.85 6.95 6.7 15.0313333333 11.5833333333 8.15 10.5 5.2 15.008 14.95 15.0366666667 14.85 11.5 7.85 11 8.05 8.75 14.9435555556 5.4261904762 5.6261904762 5.3261904762 5.1761904762 15.0509522925 6.8897640738 14.9395602819 14.9927379305 7.75 11.1112105808 2.7055555556 8.35 10.45 8.05 7.4 10.5023689097 9.4536979496 8.65 7.75 2.3100148419 8.75 2.8245006541 15.0016666667 13.6 11.6 9.4 6.0159705015 15.010708522 6.45 7.75 2.0237619586 9.6 8.9 10.9 10.3 10.5 13.35 4.75 9.85 9.65 8.45 14.97 12.05 15.136 10.65 10.25 8.9 7.4 5.15 NaN NaN NaN
3.0611111111 7.25 15.0461111111 6.75 14.9891111111 6.8 11.5111111111 11.5745006541 6.85 9.9333333333 8.7 5.5584518793 8 15.012 12.5 5.5761904762 15.076 11.7 11.3 14.3181050248 8.1 9.5094922192 11.8 11 5.0277777778 5.4777777778 6.4777777778 2.2777777778 6.7617382165 11.2958969948 13.0351191813 13.571584533 9.317305074 15.014030303 7.55 13.25 10.4 7.65 10.053030303 9.4297798013 15.0074285714 7.6 5.5637297639 4.9768601941 5.3634491708 5.8770461645 6.4953558739 8.8 13.65 15.0276892072 14.94871197 14.9277204931 7.9 7.95 8.7 4.7 4.95 11.55 15.003 11.75 9.9 5.05 5.25 11.05 10.35 10.1 11.1 14.8 9.5 13.15 9.5 14.05 10.7 NaN NaN
6.45 6.7 2.5666666667 6.2 2.5166666667 6.75 7 6.85 7.6 7.75 7.45 7.5 7.3 10.75 8.05 14.9477858837 7.95 8.95 8.1 7.55 8.1 4.6147188482 14.3583333333 5.3521130107 4.9 5.75 4.65 6.0194840324 11.3 9.05 15.0532609479 5.3555555556 15.034030303 11.3083333333 14.7083333333 13.1083333333 9.05 10.65 15.0117777778 12.8761904762 9 7.35 11.6 5.1777777778 4.9635231517 4.7594922192 8.65 9.3 9.7068038428 15.088 10.6 15.0942373727 7.4 6.5753443262 9.05 8.85 10.25 8.5 9.05 12.45 7.85 8.7 14.953 14.974 9.7 11.7 10.05 9.8 15.015 11.05 10.45 4.7 7.85 NaN NaN
6.65 7 6.75 6.1 5.9 6.1 7.2 7.7 7.2 8.4 7.35 7.15 8 9.85 12.55 15.0891130107 7.75 13.1 10.35 10.3 4.65 4.6 4.85 4.85 5.05 5.9 5.85 6.1277777778 6.7761904762 9.5 7.5 12.9469040394 6.2423526966 1.9047650464 7.65 11 4.8618913743 14.3833333333 10.8134491708 7.4 14.9666666667 14.9601111111 8.4 5.4777777778 14.968 1.6722222222 8.3594922192 6.5889532194 7.7853397564 13.8297003671 8.65 7.4 7.7 6.95 10.85 7.65 4.85 9.45 11.15 15.002 9.9 12.15 8.9 10.35 9.55 10.65 14.979 15.009 10.2 10.2 15.004 15.007 8.95 NaN NaN
