Outfile_5.asc
NCOLS 201
NROWS 151
XLLCORNER 730592.938286
YLLCORNER 2561222.529137
CELLSIZE 145.176046
NODATA_VALUE NaN
[rows 33 to 65 of 151, columns 74 to 147 of 201]
9.25 5.5 10.15 9 6.8 7.35 6.8 12.9 6.55 6.7 9.05 10.95 6.15 8.4 15.054 15.025 9.75 15.024 15.026 14.985 5.75 5.45 5.2 5.25 5.55 5.2 6.45 6.7 7.0277777778 7.0261904762 14.9876666667 7.9166666667 5.9761904762 6.6277777778 5.3 6.35 15.0683193566 10.4533326691 13.1 14.9680925512 15.007 15.0863333333 6.7111111111 15.0916666667 6.0277777778 6.45 6.6160289775 13.7634491708 7.0584518793 6.5683739396 3.4535234292 9.3 13.65 15.0636666667 6.7111111111 15.006 10.65 11.65 14.3 15.129 15.062 9.15 15.123 15.007 12.8 14.966 12.45 11.7 14.997 15.059 15.03 14.961 15.023 15.029
9.45 7.95 8.45 9.75 6.7 5.65 7.65 6.4 6.8 7.6 6.6 8.5 9.05 15.01 8.8 15.172 15.031 12.35 11.95 9.8 15.021 14.35 5.15 5.25 5.45 5.65 6.45 5.3 6.8277777778 6.9761904762 8.1 15.0776666667 15.1091904762 14.9517777778 15.066 13.9 8.6564102564 6.7634491708 14.9664518793 14.6 15.0546666667 6.8611111111 6.2166666667 6.2726779369 6.1635231517 6.8311250567 6.0635735976 8.6 15.1506666667 10.25 11.45 12.95 14.99 8.8666666667 15.103 10.5 14.971 14.971 9.75 14.974 11.85 11.65 10.75 14.999 15.072 14.1 15.053 14.993 13.7 15.009 15.041 13.55 9.3 13.7
7.75 7.05 15.113 11.75 5.4 6.6 2.35 5.25 7.25 7.6 6.55 8.05 9.5 15.018 7.7 15.229 6.85 10.15 8.5 15.019 10.1 5.4 4.95 5.4 5.2 5.25 5.6 6.3 6.9777777778 7.8261904762 15.1576666667 14.9796666667 14.9891904762 8.7277777778 15.076 8.763394791 11.7858309864 14.9331904762 13.75 14.9970224301 15.013996552 15.0916880965 6.9033326691 5.7768182948 5.6222222222 5.1946277864 5.6876880965 14.9685006541 6 7.6 10.65 3.1777777778 13.2 15.037 15.06 13.3 15.124 15.0798185325 15.026 15.119 11.6 13.7 10.3 9.9 14.95 14.972 15.022 12.65 10.75 15.001 15.03 14.992 15.072 15.037
12.5 10.15 9.8 8.85 7.1 6.95 5.3 2.45 7.25 15.001 6.2 7 8.45 7.8 7.35 8.95 15.016 7.95 5.05 5 6.5 14.982 6.6 10.8 5.25 5 5.9 6.6021130107 6.2847858837 15.0931904762 8.6 14.95 15.2721904762 15.0967777778 15.132 6.7102895721 15.1034920661 14.9996666667 15.0980224301 15.104511354 15.0528685395 14.969998276 5.6893193566 5.764274771 2.6230772833 5.7928371643 15.0446743286 14.9533333333 14.987 9.35 9.95 9.55 9.4 9.65 13.55 14.986 14.1 11.1 14.957 10 14.999 9.85 15.002 15.045 15.055 11.7 11.55 14.991 15.083 11.8 12.55 13.9 15.111 5.65
5.7 13.25 7.4 8.85 10.45 7.65 12 7.35 6.8 6.35 6.45 7 9.75 7.95 15.12 8.95 7.7 13.2 10.2 5.15 15.028 10.8 5.7 5.35 8.8 5.75 5.6 9.2 6.453030303 7.0055555556 15.0853333333 15.006511354 15.0538685395 14.986998276 5.7399385949 5.636717456 9.05 15.0416666667 14.9833333333 7.95 6.1033326691 10.5899385949 15.0572369137 6.0160289775 2.9115508071 3.11898463 8.8570224301 3.54071197 2.5770461645 2.586717456 10.85 13.85 8.75 7.85 7.75 14.956 10.3 8.4 14.4 15.003 15.216 15.004 8.95 11.15 15.017 12.95 8.05 10.75 11.25 14.98 5.85 15.29 15.004 15.138
13.6 20.031 12.05 18.4 20.131 19.987 7.3 6.05 7.2 6.9 6.3 10.25 10.5 11.45 10.5 15.129 9.35 15.036 5.8567245426 21.65 23.15 5.6 5.65 5.45 6.15 6.6757618163 5.7635231517 3.0277777778 11.4 3.3555555556 9.65 15.1221111111 10.6 15.0244102564 5.998142394 7.5 14.028511354 15.0363333333 14.8584518793 7.8 8.1 10.7567245426 6.9477647286 2.9033326691 6.2205792798 7.14071197 13.3570224301 3.0166666667 10.35 15.055 15.068 11.35 6.8423526966 11.95 15.124511354 10.6 13.4 13.1 12.05 5.264274771 10.95 8.65 9.85 12.6 15.015 14.96 13.15 9.8 8.7 6.5 13.85 8.7 15.037 11.65
19.964 18.2 17.3 12.4 9.9 8.25 6.8 8.5 7.45 6.45 6.85 8.05 10.6 11.35 5.4899385949 12.35 12.7 13.85 15.65 8.95 12.2 24.917 5.6 6.45 6.5450715499 5.3135735976 6.1134491708 5.8761904762 8.9 6.6883656714 7 12.05 9.8350406063 6.4268182948 5.5134491708 15.1206743286 11.7 14.9865006541 14.9539040394 15.0961667897 15.1832242458 14.955 6.6635735976 8.1 7.1245006541 2.8 2.9856743286 10.65 12.3 2.5067245426 15.041 6.6 12.7 15.0034487607 15.0602557464 9.3 9 9.75 9.55 5.8660289775 14.981 12.65 10.2 10.15 12.65 15.036 8.65 NaN NaN 9.65 13.75 9.55 7.1 3.4
5.914274771 14.05 9.7 7.25 8.15 7 8.55 7.1 6.9 6.8 6.3 8.8 15.1098101159 15.037 22.55 14.15 11.25 10.75 8.1 14.55 24.991 13.95 24.967 5.4688440482 6.4581667897 9.3 6.9245006541 11.2 8.7 7.5 12.6875594364 14 6.2612944531 14.9122111039 5.7166666667 9.6070224301 6.69071197 5.2205792798 14.9913326691 15.0320715499 13.85 14.955 14.9912501134 6.2245006541 15.0043333333 3.5540925512 3.1214045971 10.3 13.95 13.45 9.05 8.75 6.7502805931 10.35 14.9546779369 9.45 8.05 10.7 12.4 5.9615508071 5.5984520197 15.001 8.9 13.8 8.6 10.15 7.45 NaN NaN 8.75 15.076 6.85 9.15 5.4
10.4 13 6.55 5.25 15.2 8.65 7.7 7.05 6.55 6.9 7.05 9 8.3 24.45 15.1 13.4 20.3 10.5 7.8 10.9 11.9 25 15.75 13.25 NaN 6.51898463 10.0570224301 10.3714317131 7.55 7.15 11.5578339874 8.9967854397 5.9568038428 7.1390996564 14.97671197 10.5333333333 11.15 5.7401371761 10.2768182948 5.8108185325 6.8602895721 7.0726779369 6.4166666667 5.9333333333 5.4070224301 11.15 13.55 14.2 6.2 9.25 9 10.75 12.25 8.15 8.05 9.1 14.9685006541 8.9 11.8 5.5714045971 8.4 15.095 8.2 7.7 7.1 11.35 11.6 8.9 9.7 10.85 14.966 13.3 9.65 15.063
18 7.7 7 2.15 8 7.5 8 6.85 7 6.85 7.7 9.05 8.45 15.9 8.45 8.85 11.19071197 7.65 10.15 7.7 9.5 11.85 23.95 7.65 9.6 7.928511354 25.0403333333 6.9245942812 25.0587823999 8.8 7.95 19.9326039052 7.9027049172 8.2963669952 10.1070224301 3.6356743286 5.9767895821 5.7446277864 5.8311250567 12.9899385949 15.020717456 5.7216618094 8.44071197 5.0570224301 3.2166666667 6.5928371643 6.9160289775 6.7532369137 15.068 12.2 9.95 15.001 12.8 8.35 10.4 11.8 14.05 11 12.5 9.7 10.3767895821 8.7 10.9 8.35 8.75 6.7874901471 9 15.1037245426 15.102 15.105 15.024 15.031 14.952 15.042
8.2892557464 9.05 7 20.072274771 7 8.05 9.8 6.6 7.75 7.25 6.85 7.25 25.07271197 8.45 9.79071197 8 18.1 7.3376880965 8.5 8.85 10.3 10.05 14.45 24.951 9.85 10.65 6.9245006541 7.75 6.8178148254 16.1190276405 15.4437128312 25.045570706 25.1004258846 25.4911434492 3.3666666667 25.0738371643 5.9446277864 6.0742242458 7.0242242458 7.1081667897 8.2 6.528511354 12.5333333333 3.6453558739 2.4767895821 6.4858309864 8.65 6.7 13.7 10.95 10.75 9.85 11.65 9.2 8 8.95 8.05 14.9909040394 11.8 15.0803333333 10.5 8.9 7.8 8.65 14.6 11.9 14.9590529685 11.45 15.029426912 6.0362387519 15.1594901471 12.95 7.3 6.5
11 8.4 6.0928371643 8.85 7.25 6.95 7 6.65 6.7 20.0195735976 7.6 6.0540925512 13.15 6.1084518793 6.0705792798 10.5 7.2 8.05 8.65 7.25 19.2205792798 7.6027355997 19 11.7 9.05 8.3 6.8216618094 6.8237619586 21.1165769424 9.9327350258 9.1435268607 22.25 24.902 7.6859420902 9.15 12 6.2893193566 5.4722222222 2.5268182948 5.7767895821 7.1084518793 12.95 3.4745006541 2.9376880965 14.98 11.2 6.75 2.5 10.1 8.7 10.4 6.15 8.05 10.65 9.3 10.15 12.25 11.65 14.9905792798 15.052511354 12.75 20.1333333333 9.65 9.8 14.989 14.45 15.0493481745 15.1491833406 15.017 8.2 9.95 7.1 7.6 9.2484520197
20.1320224301 9.2 7 3.1267895821 10.0581667897 6.75 7.8 7.25 10.05 5.9714045971 7.35 8.25 25.009511354 9.8 7.7 11.15 8.1 11.95 11.65 6.7977647286 9.45 12.15 9.855300936 24.915 20.1 10.35 14.15 6.6602895721 25.0288989167 8.5823451376 24.9353179633 10.55 14.1 8.1 8.7 6.7770074531 8.5 9.85 6.2226779369 6.225 15.002 7.328511354 5.9705792798 16.3 2.6450715499 10.95 15.013 8.65 6.55 6.4 10.4 6.4 6.3 9.75 12.35 15.007 14.978 12.6 8.6 6.8969040394 9.35 20.0593333333 8.8 7.7 20.1163333333 8.8 8.55 7.9 10.7 7.75 6.9 9.15 14.9739755892 15.0602058324
20.08898463 15.39071197 19.6833333333 6.3584518793 6.0969040394 6.2226779369 5.848142394 7.35 20.1274045971 16.1245006541 20.005 25.071511354 2.5716618094 6.086717456 25.0357647286 13.5 9.35 6.45 10 8.3 11.15 11.7 9.0703870548 21.15 10.05 24.924 6.7356325411 6.8730521815 6.6625225222 8.0611111111 21.9 25.0524444444 8.4666666667 25.0671111111 7.8 8.5 11.55 8.7 12.75 11.843742273 15.0448910438 3.1634799922 7.1033326691 6.3977647286 11.75 15.8 18.9 14.6 8.55 7.7 11.25 10.4 5.85 9.35 13.8 15.004 10.2 15.06 9.1 7.5 20.0403333333 5.5203703704 12.1 9.95 13.1555555556 20.0220953027 20.1145594364 20.0306117652 20.0051780206 7.95 8.7 8.25 4.3133899069 8.2
20.0928371643 5.5166666667 20.0356666667 7.1 3.4745006541 6.01898463 8.15 7.8 20.1006743286 20.0093333333 8.6 6.9716618094 12.95 10.1 14.1 11.6 10 8.4 7.85 11.2 7.0028140863 8.35 16.85 25.109 6.6582403764 8.4111266977 6.7273862895 5.9722222222 6.159201947 3.7934562487 6.96898463 24.9967543607 9.1023179633 14.0461624635 9.8940446391 5.2393193566 10.0521773816 6.1143423404 9.4101229154 6.8055555556 6.3352414614 7.6126205685 6.7831464622 20.0848185325 20.022 6.05 8.15 7.75 19.953 16.4 6.05 2.5 8.8 5.75 14.75 12 12.7 11.3 10.15 14.7742242458 7.1 15.7564102564 5.2847858837 19.9814922192 20.0033333333 20.1181321867 19.9647640738 20.0733547631 19.9875805095 20.0262174738 20.1469883586 20.1368755254 13 15.1288045212
7.95 8.2 7.75 8.6 18.5333333333 16.7055555556 6.5176157029 20.0800740412 14.0651186864 17.9954770164 7.6 6.45 25.1030772833 10.6 9.15 19.8 10.8 6.4 12.4 10.75 6.5880952381 6.9681350989 7.6570952919 12.75 19.4421691488 2.779996399 6.8377707402 2.2328101159 6.5755884172 8.5524976531 6.4768601941 25.1466087569 21.7472305644 25.0015015266 24.9631936115 7.3 9.3 10.8483456956 24.9480537214 5.6333333333 3.8203870548 6.9150123622 13.0959542766 6.45 6.25 8.65 9.2 8.65 19.961 7.2 7 8.75 9.35 14.971 9.85 9.2 9.05 15.181 15.044 14.8 12.95 12.85 19.1021130107 9.9 15.3242242458 19.9697777778 20.0203155329 20.1871506991 20.1961093871 20.0431186864 20.0451068402 19.9730514612 20.2026892072 20.0400453033
20.0241904762 19.9351904762 19.9301904762 3.0761904762 7.3733912093 3.780910846 9.05 11.05 7.0333333333 23.1 10.25 6.75 7.5 5.6047650464 8.65 6.9 6.8 6.6 6.2 15.074 15.0642242458 13.986570247 6.1059860233 14.9794102564 3.1535234292 3.5242677032 5.4064102564 2.3564102564 6.4134491708 7.3729365995 5.7690355763 6.9994767825 7.0870664144 26.1362387519 13.5048669366 8.35 7.2 3.240937233 7.7123737794 12.7777777778 7.3987079739 13.8787676428 20.0516256917 7.8 10.95 20.064 20.084 9.1 12.35 11.75 19.8 12 15.023 11.55 15.073 8.65 15.158 15.087 15.008 15.049 19.976 14.7 18.2 11.25 9.65 11.1 8.6 12.9 19.9978356538 20.0934045971 20.1893447023 19.9971667897 6.7663426646 6.3020891032
18.6 20.0296666667 18.1666666667 8.0166666667 20.0884767825 20.0230761414 20.1097777778 6.4040925512 8.1 7.8090193633 6.9714317131 5.8205792798 17.0115508071 14.8056550252 7 6.85 25.208 12.9 6.7 15.143 6.5108185325 7.05 6.997996552 7.8070224301 3.4611111111 2.7261904762 2.4847858837 9.7531712291 6.2419755892 3.8723216919 8.3300313266 6.8512334657 13.3594922192 17.8135231517 2.9893193566 6.5581667897 6.9 7.9888009261 23.0533326691 7.4 3.1075587721 8.75 8 16.8 8.45 10.5 15.05 10.85 11.9 19.971 12.8 6.2 15.105 15.224 14.956 6.35 6.25 6.35 6.85 5.3 5.15 11.1 20.105 16.6 20.2691130107 19.999 19.96 9.7 8.75 20.1137852127 20.0843333333 20.0350438755 7.55 20.0038320124
15 3.4111111111 7.45 9.65 10.85 16.45 19.96 15.2057344001 8.95 15.125142394 5.3567245426 7 15.1210461645 15.1443333333 7.05 6.8 6.75 6.05 6.05 6.3 6.1 6.673998276 7 6.428511354 4.0666666667 2.6055555556 2.5162167619 5.7036784889 3.3416625669 5.9467825041 3.4866660024 6.2158451277 3.1761904762 5.8699035803 6.8574243814 30.0031998385 26.6477712359 25.1748185325 4.0678307106 3.3533142958 3.4528929542 2.52899873 9.75 8.5 15.5 8.15 7.6 6.5 8.4 15.044 15.203 15.057 10.05 20.297 5.35 5.9 7.1 6.95 6.65 15.15 20.056 10 11.05 19.912 19.9293333333 19.973030303 17.15 20.1348658549 20.0182865378 20.1533636364 20.1535352804 7.95 2.9905617714 20.0874784217
19.993 19.96 9.25 9.05 14.65 11.85 11.15 15.1559052512 14.95 9.2 8.1745006541 14.05 6.2540925512 6.4214045971 15.151142394 6.2683739396 6.9 6.2 6.6 6.8 6.15 6.703428636 6.3542261031 6.4258747098 5.7512401769 3.405947185 2.622947292 5.7240421083 6.75 24.6874258846 6.0049951428 14.1026087569 7.1345735102 10.5714006833 15.3 30.0083333333 30.0136660024 7.9053296488 3.4459802891 3.3384487607 2.7950715499 6.5 5.5 2.05 7 12.3 19.35 20.001 14.999 10.85 6.4 15.009 15.01 6.65 6.35 5.4 6.6 15.011 2.5 10.9 9.7 11.35 25.251 8.95 20.1923333333 10.503030303 8.65 9.45 20.0965834467 20.0265555556 8.65 6.2233230525 2.8182195417 5.3768182948
11.05 16.3 19.96 14.45 12.6 17.35 9.15 10.6 15.0481310486 9.95 7.1705792798 14.428511354 15.056 15.0546743286 14.9738371643 6.2768182948 13.3567245426 15.036 6.4 6.55 5.1 2.4328101159 6.7647589624 3.38974395 6.2526087569 3.505371548 6.3809458229 7.2 6.6 12.1573786367 3.3934852841 6.7513608481 3.2487842103 7.05 10.9 6.3681335412 4.6883284761 3.1406199178 3.370302182 3.2118913743 18.8 10.35 5.45 2.5647188482 20.1822222222 16.3679068435 13.8067245426 7.85 6.8 15.056 6.15 5.95 8.1 5.4 14.85 5.15 5.8 20.178 15.03 15.313 20.324 6.6 16.75 8 6.4079276146 14.5517858479 20.0754866991 7.55 19.9794518793 19.9856666667 7.9 6.9997840537 5.909220178 6.6722222222
NaN 9.7 20.122 14.55 9.25 20.019 15.146 10.35 6.6423526966 13.1 6.8226779369 7.2166666667 14.6570224301 6.9 6.7892557464 6.2384487607 6.5477647286 5.25 6.35 6.35 10.9 2.4064102564 6.8939023225 2.7064766961 4.0883284761 4.3356512967 3.4459439454 3.2469069309 8.8 7.2880712638 6.1636825423 6.1309458229 3.2221177144 3.4935268607 5.0760070601 8.3 4.1546589586 3.2249999779 2.7803300294 2.4222222222 2.6 2.5532369137 6.3899385949 3.0347858837 6.353030303 7.45 7.5 20.4929385949 2.6532369137 2.85 15.067 11.65 15.111 5.05 5.85 6.55 7.6 6.5 15.135 6.65 20.218 6.65 8.95 19.959 6.4 13.9758686137 8.2057238518 8.6 6.9725890798 20.3456666667 6.3872459465 5.7928255525 5.888943094 5.25
NaN 11.45 13.8 17.9 16.3666666667 12.5 5.9245006541 9.35 8.25 11.65 6.9358309864 6.4767895821 8.2166666667 15.0033333333 8.878511354 6.45 8.186717456 6.6556550252 7.8 6.2 6.8 2.4277777778 6.853008771 3.8380712638 6.9540925512 3.64071197 5.6714045971 5.5734705095 21.2690076619 4.8152126241 3.5422599133 3.1451511893 3.29690064 5.8191643198 7.7175015521 3.2222222222 3.1535791641 3.1819287483 3.1218743513 2.5847858837 2.3064102564 7.65 2.4033326691 6.5122501134 6.5055555556 6.5469040394 6.85 7.45 2.4118913743 2.5047650464 8.2 6.8 7.3 12.9 13.7 29.975 16.4 30.006 9.65 7.7 6.5 20.093 7.25 18.25 29.982 14.7742242458 5.9925555291 8.3 6.547178591 13 5.7699993357 5.3936229055 5.3222222222 5
8.3 17.4 20.003 19.967 19.96 11.65 7.6745006541 12.35 11.4 6.2 6.7242242458 6.8581667897 6.6767895821 7.9245006541 12.15 6.95 15.0540461645 6.8226779369 6.7094922192 6.4056550252 9.0880952381 8 NaN 3.8801158374 6.6 NaN 7.1801158374 6.5 6.35 5.8355337841 2.7770461645 4.775118546 3.0892557464 3.7169601147 3.609201947 3.5428255525 3.1150123622 3.1751885585 3.1412577986 2.6214045971 13.5666666667 9.45 19.99298463 8.578511354 7.45 7.2 19.980511354 7.3 19.9595508071 20.1040772833 7.75 25.9 11.9 16.2 30 14.1 29.966 30 27.25 12.45 7 6.45 29.989 20.4 6.65 20.04 5.4564102564 9.55 19.932182661 20.0450769231 19.9668749122 5.4127291329 5.3147188482 5.15
9.25 20.091 20.053 19.8 10.7 9.65 15.111 15.036 14.955 6.3893193566 12.4179068435 6.6399385949 6.8635735976 6.8714045971 7.3245006541 7.95 6.65 8.85 7.0770461645 6.8134491708 12.9 6.4384487607 9.3300907618 8.8208640506 4.4680308381 6.9171063627 6.47568603 3.0020223583 3.1011372672 3.529530349 3.7064484313 6.4477344001 5.3154743095 5.8014383581 5.9570952919 6.3039126131 3.1537203881 4.5621165671 20.0994757273 6.8515305025 7.7611111111 7.3111111111 20.0153333333 20.0623333333 20.0360925512 19.3611111111 20.1663333333 20.04771197 20.11498463 20.0298371643 7.5 6.6399385949 30.005 30.002 29.973 11.35 8.1 30.004 6.7 20.7 7.1 5.3 7.35 7.1 5.6 20.092 7.05 7.1 7.85 7.2 20.0915555556 5.803030303 5.4583333333 5.1
NaN 12 20.032 13.7 17.8 19.6 13.7 8.55 15.1 15.0985508071 9.75 6.9816790289 8.8333333333 15.0382261031 8.1261904762 15.0166743286 8.35 15.198 15.0996666667 7.4040925512 6.2333333333 11.7800614577 7.03974395 6.4879713052 15.0735268607 3.0786328389 2.8664250941 2.8704444133 3.4355130099 3.05510641 3.3329743404 3.6194011491 3.8102466654 3.1637223453 4.0110823404 23.1166666667 5.7333333333 4.2573786367 5.9666666667 20.0928888889 11.9666666667 11.8666666667 20.008511354 7.85 20.0012501134 6.2767895821 20.0466666667 19.9630224301 20.1370224301 14.5953558739 20.0466880965 30.016717456 30.0076550252 29.5547650464 14.9 18.5 7 7.2 6.8 5.2 6.5 7.05 15.6 29.908 12.7 2.5 20.0557777778 7.05 11.2166666667 20.0711111111 6.6969040394 5.4923526966 5.7047650464 6.5
NaN NaN 19.92 19.942 19.988 20.02 17.8 12.6 12.65 10.7 7.05 7.85 7.65 9.1 9.15 7.2856743286 9.7 7.9 15.07071197 14.9603333333 15.0733333333 2.4064102564 2.3874920661 4.1096966 4.9260070601 3.2912124542 2.6730769231 2.3203703704 2.7384487607 3.28611562 2.7724392339 3.3786041427 3.1865717317 3.2107229978 4.5404286252 3.7990906338 6.4870537214 2.5714045971 7.488854364 6.7370090087 6.5261904762 6.6261904762 11.1578685395 6.9384487607 20.1498309864 6.6358309864 12.7428371643 22.6166666667 30.00971197 17.3833333333 8.7745006541 7.1770461645 13.7115508071 11.1984520197 5.65 7.1 7.25 6.95 7.85 12.6 13.6 11.1 5.95 30.014 11.6 5.5 7.3 6.6261904762 20.0386666667 7.1 5.4761904762 5.1777777778 8.65 5.25
NaN NaN NaN 7.6 5.9730772833 15.7 6.7166666667 15.4666666667 8 8.6 6.75 14.9440224301 8.95 15.0473333333 NaN 7.85 15.0122557464 13.2892557464 15.0480925512 8.79071197 3.1584518793 6.2111111111 3.3006911303 15.018 6.0236890968 3.8873015873 3.3111111111 3.0733912093 2.9753443262 2.5237619586 2.4757618163 2.8658552292 2.6215970431 2.9876880965 3.9018572798 5.9428255525 5.588701459 3.7726430481 9.65 19.9394920661 19.973030303 6.553030303 6.598142394 6.8056550252 19.9928440482 2.9242242458 22.7946277864 6.3134491708 8.5166666667 23.89071197 30.0013333333 11.128511354 29.9768685395 9.423998276 23 30.065 7.1 7.15 7.7 6.4 6.7 7.95 6.8 5.85 30.006 2.4579276146 6.0017858479 20.128996552 6.8 6.0611111111 7.5761904762 6.2777777778 6.3 5.3
NaN NaN NaN NaN 9.3 19.9368182948 12.3 12.7 9.25 NaN NaN NaN NaN NaN NaN NaN 11.25 15.0396666667 14.9753333333 NaN 5.9 3.7542351217 6.3824338008 6.7120225406 3.9738672278 6.1967825041 2.9135231517 2.773998276 3.5439846865 3.1353511597 2.8194840324 2.7546089565 2.8442146898 2.7833333333 2.903628582 6.5400453809 4.2041568138 15.900414722 20.0223641714 20.1998182948 7.013394791 18.2583333333 6.7567245426 6.9 6.45 6.7 20.0002222222 16.3268182948 6.2767895821 6.9856743286 6.4 8.028511354 6.8578685395 20.023998276 11.75 7 8.15 7.9 7.05 7 30.058 6.45 30 5.3 17.75 7.1 3.003030303 7.15 17.3333333333 7.1333333333 6.8166666667 6.6064102564 5.9 20.178
NaN NaN NaN 5.55 11.1 10.563394791 20.2804102564 7.098142394 10.2 NaN NaN NaN NaN NaN NaN NaN NaN NaN NaN NaN NaN NaN 6.7 3.3726619182 3.056906681 3.1640145061 3.7533841227 4.1745352062 3.8487992076 3.210477637 2.9827596463 3.2824898728 3.0162474188 2.6760253956 2.7103925074 3.9034638077 11.95 15.45 6.653030303 2.7583333333 2.8 2.75 7.05 7 7.05 6.85 6.6083333333 6.903030303 9.7 30.0023333333 23.278511354 7.1392557464 7.0533326691 6.5399385949 6.4722222222 7 7.1 6.4222222222 7.2 8.4 6.8222222222 6.6 9.6722222222 28.4179068435 5.1079276146 3.0702728564 5.6268601941 3.26898463 20.0403333333 14.4833333333 6.8 12.6064102564 5.65 5.2
NaN NaN NaN 5.85 11.95 9.8 19.45 7.0067245426 6.1289342698 NaN NaN NaN NaN NaN NaN NaN NaN NaN NaN NaN NaN NaN NaN NaN 6.85 7.7310207061 6.4119610908 4.9951780206 6.3578339874 4.7708927697 4.0444444444 4.1302373727 3.5854980438 3.3948841404 3.6103794978 6.0302373727 23.9 25.1281401162 2.5992758406 2.4384651411 2.9895346585 2.8608185325 2.8 2.65 6.6 6.95 19.9939276146 6.6017858479 7.147996552 7.9070224301 7.1611111111 6.7261904762 16.3692754236 6.9833333333 29.9333333333 7.4 8.15 18.3833333333 7.95 27.6833333333 6.95 6.3 6.45 2.888759456 3.0757841239 6.1177163727 7.1 3.6313855149 6.9 19.9584851991 7.25 6.1450715499 5.8 11.9
NaN NaN NaN NaN NaN NaN NaN NaN NaN NaN NaN NaN NaN NaN NaN NaN NaN NaN NaN NaN NaN NaN NaN NaN NaN NaN NaN 13.8578339874 6.8897668798 3.9686485301 4.5801158374 7.7874258846 3.94071197 6.5047379305 4.04071197 6.4374258846 14.1 3.2780270252 6.4385969716 3.6740421083 2.6781824662 2.7089609265 1.8635231517 2.4893193566 2.5242242458 6.8108185325 6.3 7.2 6.5714045971 30.00171197 30.0686666667 7.1055555556 7.0216618094 7.0666666667 6.9666666667 6.4166666667 3.0666666667 6.9166666667 6.9666666667 6.7666666667 6.95 6.55 6.1533841227 3.5093499059 3.1558650915 7.2 8.35 6.85 7.05 7.0148090607 6.8060726134 6.4423526966 6.9268182948 10.6064102564
NaN NaN NaN NaN NaN NaN NaN NaN NaN NaN NaN NaN NaN NaN NaN NaN NaN NaN NaN NaN NaN NaN NaN NaN NaN NaN NaN 7.75 4.3374258846 3.1782389099 3.0282334925 4.4833333333 4.8360678439 3.3690047263 3.2620225406 NaN NaN 11 7.9360678439 3.65 3.4393446036 5.7721177144 2.4666666667 2.5181050248 5.6333333333 2.703030303 2.5768182948 2.7056550252 2.5634491708 7.5040925512 24.8833333333 11.34071197 30.0013333333 6.4 20.9 30.003 12.05 14.55 6.25 2.05 13.25 5.423998276 5.2578685395 19.9568339874 20.0325337841 19.9265352062 7.65 7.25 8.05 3.7380712638 6.9536979496 6.3577225718 6.8714045971 20.0034313952
