Outfile_2.asc
NCOLS 201
NROWS 151
XLLCORNER 733748.947016
YLLCORNER 2561541.418206
CELLSIZE 137.483444
NODATA_VALUE NaN
[rows 80 to 119 of 151, columns 89 to 177 of 201]
6.8 6.4 7.7 30.5 6.7 6.5 6.8 5.1 5.1 4.7 4.7 4.6 4.8 4.7 19.9 25.3 4.8 10.6 19.9 12.8 30.2 30.2 12.8 11.9 6.2 30.6 5.1 5.1 5.5 17.3 5.4 7 6.9 30.1 7.1 30.5 9.1 29.2 17.2 30.6 14.7 7.6 7.3 9.8 5.89 5.99 5.99 5.95 6.05 7.45 25.4 7.35 7.25 7.15 7.15 6.1 9.65 7.05 7.05 6.3 5.3 30.5 26 3.6 3.2 7.79 9.55 9.85 9.85 12.2 22.75 10.15 8.19 8.09 8.39 10.05 12.75 12.65 15.25 9.95 10.05 9.95 5.1 8.45 8.65 11.05 16.05 9.9 18.65
6.4 6.9 14.3 30.3 6.7 6.7 6.5 6.9 6.6 6.6 30.4 6 3.4 4.5 4.2 4.4 4.7 4.9 7.1 7 30.4 14.6 7.8 5.9 30.4 6.1 3.3 29.2 8.9 30.6 5.9 14.1 30.6 24.9 14.8 12.3 9.1 12.1 14.7 9.3 12.5 9.6 7.15 7 7.19 7.19 7.25 7.25 7.35 20.15 7.35 9.85 7.15 12.15 7.15 10.2 5.1 7.25 7.15 7.25 27.35 30.6 8.2 6.2 23.7 7.95 5 1 1 3.6 21.5 9.85 30.4 17.65 17.75 6.3 30.15 30.25 17.65 6.6 30.45 12.45 8.45 8.35 8.35 8.25 13.35 17.2 10.85
6.4 6.7 6.4 6.4 30.8 30.5 6.3 6.4 6.3 29.1 6.7 11.8 30.5 6 6.1 3.7 11.8 25.4 5.9 7 6.5 21.6 7.1 14.1 16.8 7.4 30.5 30.2 6.3 6.3 25 30.4 30.5 30.4 7.1 30.4 21.9 9 7.2 30.3 6.85 7.25 7.15 7.15 7.15 7.35 9.6 7.35 7.55 7.25 7.05 7.15 23.85 7.15 7.15 7.05 29.2 30.2 7.15 11.15 7.15 30.2 1.1 3 3.3 10.55 7.7 1.2 15.49 10.59 8.29 11.09 30.29 13.49 14.2 6.7 7.2 1.1 9.85 9.95 20.05 30.35 13.65 8.35 8.35 8.45 9.55 8.55 8.25
6.4 30.8 6.9 6.7 30.3 6.7 6.5 6.1 6.3 6.4 6.5 6.4 6.7 6.1 14.1 5.2 6.1 5.8 1.2 6.3 6.1 8.1 9.8 24.4 7.1 7.4 5.2 4.75 5.25 5.05 12.7 6.85 7.2 30.4 7.9 11.9 7.1 7.1 7.2 6.95 6.85 6.75 7.15 7.15 7.25 27.2 30.3 30.2 7.15 7.15 30.51 7.05 7.15 6.95 7.15 7.15 14.1 14.2 7.25 7.15 22.25 7.2 6.4 27.3 3.6 28.3 1.1 13.05 7.55 30.09 8.29 7.99 18.39 8.39 30.25 30.35 3.7 15.75 12.65 10.25 9.95 17.65 8.45 5.2 11.05 21.15 8.35 8.45 7.1
1.1 30.7 12.6 30.7 24.6 5.2 30.4 30.8 6.4 6.3 3.7 30.5 6.4 6.2 29.1 6.2 5.2 7.9 26.6 21.8 10.5 5.7 5.7 30.2 7.7 13.3 5.05 5.05 12.3 30.6 22.1 30.7 30.4 30.3 7.4 30.3 6.05 24.9 21.6 6.75 6.85 3 6.75 7.1 8.05 9.3 30.05 9.75 17.2 7.05 7.05 11.41 7.05 6.95 6.85 7.05 7.15 6.95 7.15 7.25 7.05 7.05 28.7 6.2 1.1 5.7 8.35 3.7 3.8 7.45 8.09 8.49 10.35 30.15 10.55 18.8 10.05 22.65 9.85 3.1 8.35 8.55 10.05 12.5 28.65 8.35 26.15 8.65 8.35
6.1 6.5 6.1 6.8 6.5 6.6 30.3 6.6 6.6 6.4 30.3 30.4 6.7 7.3 6.3 6.4 6.4 11 30.4 6.4 6.1 5.9 5.1 5.8 21.7 30.6 30.3 9.9 30.3 30.3 30.6 14.3 24.3 30.8 24.9 6.35 17.2 7.05 12.3 7.2 30.4 9.1 12.3 22.4 9.6 9 21.7 7.25 7.15 7.05 6.95 7.15 8.71 8.61 8.41 6.75 6.3 3 7.35 9.95 7.05 8.7 3.6 1 8.15 13.15 30.05 8.45 30.3 1 8.25 13.59 8.09 30.25 10.35 12.75 10.25 9.95 3.7 18.65 30.05 8.35 5.8 8.75 8.45 18.55 12.4 9.8 10.95
7.7 11.4 6.45 6 30.5 18.4 6.6 9 8.9 30.7 6.05 6.05 5.95 6.05 13 6.25 6.55 6.75 16.7 7.2 5 30.1 6.45 14.7 29.8 30.5 30.3 24.5 30.7 16.8 30.3 30.5 30.6 6.45 30.5 19.3 30.6 30.3 6.85 6.75 7 12.15 9.8 7.05 30.4 21.8 30.4 23.3 6.95 6.85 6.85 6.85 9.1 13.81 8.11 27.8 1.1 5.6 8.2 20.7 6.4 1.1 10.55 11.7 7.7 9 13.15 7.1 8.55 3.3 8.25 27.1 15.89 10.79 9.85 12.65 12.65 1 8.35 13.35 1.1 8.35 10.95 8.35 8.35 8.55 16.06 30.36 15.96
5 6.35 15.6 12.3 12 22.8 15.6 30.5 9.2 5.85 5.95 6.45 6.35 30.4 7.4 30.7 5 8 6.45 6.55 5.1 30.2 21.7 9.3 19.3 30.4 14.9 9.8 30.1 30.5 30.4 24.5 6.55 6.55 6.55 30.4 6.05 6.95 9.85 7.35 7.25 7.15 7.2 6.65 9.7 14.2 9.2 9.85 30.5 30.3 7.7 7.15 7.25 8.81 8.41 16.91 9.71 5.8 30.5 1.2 8.35 3.6 11.3 13.35 5.1 7 6.3 1.1 1.1 8.15 8.35 16.05 23.8 8.09 9.85 9.85 20.45 13.6 8.35 19.1 8.35 11.15 8.25 8.16 8.26 8.26 8.46 1.1 7.1
5.1 30.5 30.1 5.2 8.8 27 10.4 6.4 18.6 6.05 5.85 6.45 9.8 6.55 6.65 7.3 6.65 30.7 30.5 6.95 7.3 30.6 30.5 30.2 30.4 30.7 9.8 30.3 30.6 24.6 6.85 6.75 6.65 30.5 6.45 31.1 30.1 9.1 7.15 6.95 7.05 6.95 7.15 6.75 30.5 15 13.25 10.85 8.05 5.2 16.7 14.1 30.7 5.2 9.81 9.51 9.51 1.1 1.3 4 29 30.41 21.7 8.15 13.05 23.15 8.15 18.95 18.35 8.15 13.15 1.4 8.55 13.25 9.85 8.25 8.55 30.4 8.35 8.65 10.85 8.45 8.16 13.26 8.26 11.06 6.5 6.5 6.5
30.5 23.1 30.7 6.55 6.15 30.3 5.1 30.4 30.4 6 6.45 6.35 9.2 5.95 6.15 6.55 6.85 6.55 6.85 30.5 30.4 6.45 30.3 23 30.4 30.8 30.4 30.3 30.6 6.15 6.25 29.8 6.15 6.25 17.5 31 6.65 30.5 9.8 5.3 10.9 6.85 6.95 5.4 6.85 8.15 8.05 13.35 30.5 8.05 30.2 7.3 16.6 8.25 1.3 30.3 1.2 16.7 30.3 3.9 4 3.8 3.6 1.2 7.75 12.75 13.05 13.25 23.15 8.05 8.15 10.85 3.9 6.55 6.65 8.35 8.45 16.05 9.05 21.15 10.95 8.36 13.26 6.6 6.8 6.8 6.6 NaN NaN
6.35 30.2 7.9 3.8 5 9.6 30.4 30.7 6.45 5.65 5.75 6.45 6.45 22.2 13 7.8 5.5 30.7 6.65 6 3 7.6 18.2 11.7 6.1 10.6 3.7 26.8 24.2 6.35 6.55 17.9 6.25 30.8 30.8 6.55 30.5 17.9 12.3 7.7 16.7 30.1 9.2 6.75 12.8 8.05 21.7 10.65 9.8 7.2 30.4 21.8 12.2 8.25 7.95 8.05 11.91 7.85 30.35 9.51 30.41 24.71 1.6 8.8 7.95 9.85 7.65 7.75 7.75 8.05 8.15 3.6 6.85 6.45 6.65 6.65 16.6 7.2 16.65 11.25 8.36 8.26 6.7 6.6 6.4 6.5 NaN NaN NaN
7.05 6.45 30.7 22.3 6.05 5.95 6.55 6.15 6.25 11.9 30.3 6.35 6.55 30.5 6.75 30.1 3.9 5 30.6 30.6 6.25 6.25 3.3 22.4 16.7 30.7 30.4 16.9 30.4 6.45 6.85 30.6 30.4 26.3 30.7 30.5 9.4 5.4 19.4 30.3 18.8 10.2 12.8 7.6 5 7.45 7.85 8.25 13.35 10.95 8.25 8.25 9.6 8.05 30.4 28.25 30.61 9.61 11.81 9.51 30.51 4 29.81 8.25 13.15 15.65 9.71 9.61 10.35 6.25 6.65 6.65 30.5 6.65 6.65 13.31 8.71 30.9 30.16 6.8 6.7 6.6 6.5 NaN NaN NaN NaN NaN NaN
25 6.95 22.1 6.45 6.4 5.65 6.15 6.55 30.6 18.2 6.25 30.7 6.15 30.3 30.5 30.3 10.7 13.2 30.7 30.6 19 1.3 30.2 30.4 30.7 30.4 30.6 30.1 6.4 30.3 6.55 30.7 26.7 30.5 14.2 30.4 6.45 6.45 30.4 9.7 9.9 17.4 30.4 14.1 3 7.45 11.6 9.61 9.7 9 11.6 9 30.5 8.45 30.4 8.05 9.61 9.81 9.31 21.5 30.11 19.61 27.11 9.51 7.95 9.61 12.31 21.01 6 6.55 30.3 6.2 10.2 6.65 6.45 6.46 18.62 6.86 6.7 6.8 6.9 6.7 NaN NaN NaN NaN NaN NaN NaN
6.75 6.85 6.75 15.2 1.4 5.55 6.25 30.4 30.7 11.4 9.8 30.6 5.95 6.15 30.3 30.4 30.1 30.6 30.4 20.5 10 1.4 8.5 17.5 26.7 17.9 8.9 5.2 16.8 17.3 22.3 30.3 30.5 30.5 30.2 30.4 15 6.35 5.2 30.2 7.5 13.3 7.1 22.6 7.7 7.65 9.51 1.1 24.2 5 11.5 9 29.3 3.3 8.25 8.05 12.31 6 9.91 9.51 9.3 9.41 8.05 8.05 11.27 9.41 7.91 8.11 5.6 6.45 16.1 3.7 3.8 5.4 30.3 6.76 6.91 6.81 6.2 NaN NaN NaN NaN NaN NaN NaN NaN NaN NaN
6.95 30.7 29.3 30.7 6.05 6.35 5.55 27.3 6.75 6.95 6.25 30.4 6.15 6.35 30.7 15.3 7.1 20.9 30.5 30.6 6.55 14.2 30.4 30.9 9 30.4 6.55 5.1 30.3 9 30.3 30.4 30.5 6.05 6.05 7.8 25.5 30.2 12.3 17.7 30.4 5.2 15.3 9.7 6.4 1.2 9.41 11.91 11.7 16.9 23.21 30.51 7.1 10.6 8.35 30.25 8.15 7.85 9.71 9.91 12.11 13.57 7.75 10.45 13.97 13.87 7.91 14 23.11 6.55 6.35 6.35 8.7 6.55 6.45 6.91 6.81 7.01 NaN NaN NaN NaN NaN NaN NaN NaN NaN NaN NaN
6.25 6.65 11.5 1.5 30.6 6.15 6.75 6.65 17.4 6.55 6.75 7.9 6.15 6.35 6.55 14.8 21.8 7.1 6.65 10.4 12.3 30.4 5.3 3.2 7.8 30.5 6.5 30.4 30.5 27.5 30.5 5.95 5.95 5.65 19.1 7.1 7 30.4 19.8 30.2 30.3 5.3 5.4 8.15 3.9 25.01 12.01 9.31 30.1 30.3 30.7 25.3 19.3 30.2 3.8 10.2 8.15 7.85 9.61 9.81 10.97 11.17 11.37 11.27 9.97 12.37 9.67 8.01 30.4 8.21 6.75 8.31 6.55 12.9 6.66 7.01 6.81 6.71 NaN NaN NaN NaN NaN NaN NaN NaN NaN NaN NaN
6.15 5.3 6.35 6.35 6.45 6.25 6.45 6.95 6.85 6.65 6.45 5.2 6.05 5.75 30.8 7 14.2 9.7 30.4 21.8 30.6 7.6 6.75 6.65 10.4 11.7 6.35 16.9 6.35 6.55 5.95 31 30.4 25 7.2 9.8 12.1 30.4 22.6 30.2 30.2 12.1 7.6 8.35 30.25 11.27 30.31 24.21 16.9 30.4 10.01 12.61 25.21 9.81 3.1 3 8.15 5.6 7.85 29.81 10.97 17.6 10.97 9.57 22.17 17.57 9.97 12.17 8.21 8.01 3.8 23.31 7.16 6.96 7.01 6.81 6.71 NaN NaN NaN NaN NaN NaN NaN NaN NaN NaN NaN NaN
19.1 6.75 6.55 6.55 6.15 6.35 9.1 6.35 30.4 5.85 30.7 21.4 5.75 NaN 30.2 30.5 7.1 7.2 30.1 7 11.6 30.5 30.3 30.3 7.7 30.4 13.5 3.3 3.2 6.3 30.6 30.1 9.3 25.9 12.2 7.3 7.2 30.4 17.7 12.3 9.8 7.3 17.3 20.95 30.8 30.67 3.8 11.57 30.5 9.3 12.51 30.11 12.41 17.3 3.9 14 13.05 23.05 8.05 11.47 10.97 16.17 9.47 9.67 17.17 30.47 30.57 25.27 28.47 8.11 10.82 8.42 6.66 6.96 12.21 6.81 6.81 NaN NaN NaN NaN NaN NaN NaN NaN NaN NaN NaN NaN
6.55 6.35 6.35 6.75 9 3.8 1.1 6.45 6.25 3.7 5.5 6.25 NaN 5.55 7 7.1 30.5 9.7 7.1 9 16.6 30.4 9.8 6.65 14.1 22.8 30.5 30.5 6.4 6.65 30.2 6.65 6.45 14.2 7.1 17.3 22 22.8 30.4 7.7 3.6 12.5 11.87 6 8.45 3.7 25.07 13.67 30.7 30.5 13.97 21.57 9.91 7.1 12.21 14.27 19.4 30.7 30.77 30.57 19.17 3.8 22.37 10.07 3.6 9.57 12.77 9.77 9.87 7.82 30.4 6.56 6.86 6.91 6.91 6.91 NaN NaN NaN NaN NaN NaN NaN NaN NaN NaN NaN NaN NaN
6.45 6.55 6.35 6.55 11.3 8.8 3.8 6.05 3.2 30.4 15.7 30.6 NaN NaN NaN 28.2 30.2 7.2 30.3 30.5 30.4 30.4 11 30.5 22.5 6.35 24.3 29.2 6.95 30.7 30.7 7.15 6.65 7.4 9.1 30.3 7.1 9.7 12.2 5.7 10.75 1.1 11.97 30.37 30.3 26.77 30.57 16.47 18.97 30.37 13.97 30.57 14.27 14.27 16.47 11.47 11.37 11.37 11.57 12.07 9.97 9 9.77 10.07 12.67 14.87 10.07 20.17 9.88 8.52 8.12 6.46 6.46 7.11 9.91 6.91 NaN NaN NaN NaN NaN NaN NaN NaN NaN NaN NaN NaN NaN
6.35 6.45 6.55 6.45 30.4 6.15 5.65 8 5.65 1.2 7 NaN NaN NaN NaN 5.95 9.7 30.4 6.55 30.4 31 10.5 14.9 17.3 30.2 8.2 9.7 9.1 14.3 6.35 30.5 30.4 6.55 12.3 7.3 24.9 7.2 9.8 12.4 18.1 10.85 1 30.3 26.97 14.37 16.57 14.17 18.77 30.47 28.77 24.27 16.67 11.57 24.07 30.37 11.37 11.37 11.37 14.37 10.17 9.77 5.2 30.57 5.3 15.07 9.97 9.97 9.58 3.8 8.12 6.66 6.76 6.91 7.01 7.11 19.81 NaN NaN NaN NaN NaN NaN NaN NaN NaN NaN NaN NaN NaN
6.25 6.25 6.15 6.65 6.25 5.45 6.15 30.3 27.9 3.2 5.95 NaN NaN NaN NaN NaN 6.15 6.75 6.65 30.6 9.1 9.8 30.6 10.6 30.4 5.2 30.5 11.6 30.5 20.3 5.2 17.4 6.05 6.35 6.25 30.3 10.85 8.35 8.75 30.45 16.35 3.9 7.1 1.2 18.87 11.37 3.6 11.27 11.17 30.47 3.6 14.07 11.37 11.47 21.57 24.27 30.17 30.37 30.37 12.87 9.77 15.3 9.87 5 25.17 30.37 22.37 6.4 7.8 6.46 6.26 6.76 7.21 7.01 6.91 NaN NaN NaN NaN NaN NaN NaN NaN NaN NaN NaN NaN NaN NaN
5.65 5.75 5.55 3.8 6.35 5.45 6.15 10.8 3.1 30.5 NaN NaN NaN NaN NaN NaN 11.8 9.1 30.3 13.3 30.4 30.3 30.7 5.3 30.2 8.3 12.4 30.6 30.4 24.9 6.45 9.3 16.7 6.65 8.6 20.85 30.3 11.05 8.45 13.45 8.25 8.25 14.47 13.47 21.07 13.77 13.17 10.57 10.47 12.97 30.47 6.2 1.2 3.8 11.47 16.47 16.47 22.97 30.27 10.37 9.77 5.2 3.7 9.87 9.97 9.97 12.38 6.56 6.86 6.56 6.66 6.91 6.91 7.01 6.71 NaN NaN NaN NaN NaN NaN NaN NaN NaN NaN NaN NaN NaN NaN
5.75 NaN 5.95 5.55 6.25 6.15 7.7 3.6 10.8 6.45 6.35 NaN NaN NaN NaN NaN 6.15 30.2 9.2 15.4 22.2 30.5 30.3 5.1 5.3 30.4 12.2 12.1 19.8 12.3 6.75 24.2 6.25 6.85 9.95 7.85 11.1 18.35 15.75 3.4 7.75 7.55 1.2 1.4 9.85 7.35 30.27 18.17 10.47 10.57 25.27 20.27 10.47 27.97 30.47 3.7 30.57 10.17 10.07 15.37 12.27 1 25.07 30.4 12.67 30.38 5.76 6.86 6.36 6.76 6.66 7.11 6.91 6.61 6.81 NaN NaN NaN NaN NaN NaN NaN NaN NaN NaN NaN NaN NaN NaN
5.65 NaN NaN 5.65 5.75 5.55 6.25 23.5 5.7 8.8 1.2 5.95 NaN NaN NaN NaN 6.25 6.15 7.1 9.8 18.3 30.4 12.1 7.7 22.4 22.1 7.4 19.8 10.2 10.3 29.7 5.7 30.5 10.05 17.75 14.75 7.15 9.7 7.45 7.55 7.35 1.1 7.35 8.8 6.2 7.25 11.3 5.3 10.47 11.47 1.2 8.77 8.97 9.47 30.37 9.37 10.27 16.5 20.37 12.47 1.4 9.97 15.17 10.17 29.98 5.46 6.16 6.56 6.46 6.46 6.61 7.01 10.31 9.51 6.91 NaN NaN NaN NaN NaN NaN NaN NaN NaN NaN NaN NaN NaN NaN
NaN NaN NaN NaN 6.75 6.45 3 9 5.3 8.1 6.45 6.05 26.7 NaN 30.5 10.2 5.3 10.8 14.8 22.5 17.8 29.9 17.8 30.3 7.2 24.2 7.3 30.3 10.3 6.65 30.4 9.1 5.7 11.7 7.85 7.55 7.45 6.95 12.35 7.55 7.35 8.7 1.3 1 3.1 5.85 16.97 9.37 8.97 8.57 1.2 8.67 1 8.67 8.87 16.5 28.57 16.87 8.97 9.77 12.57 19.87 27.77 12.67 5.66 6.76 6.66 6.56 6.56 6.46 7.11 6.91 6.81 6.81 6.61 NaN NaN NaN NaN NaN NaN NaN NaN NaN NaN NaN NaN NaN NaN
NaN NaN NaN NaN 6.15 6.35 6.45 30.6 13.4 3.1 6.25 5.95 19.1 7 14.6 5.95 12.6 15.3 30.3 30 19.5 13 7 7.1 7.1 12.2 30.2 6.65 17.4 6.65 6.45 7.1 5.6 7.45 7.25 10.05 7.65 10.15 22.65 3.3 7.65 5.3 5.1 5.3 5.65 5.75 9.27 24.37 16.97 9.37 18.87 8.77 5.05 8.57 9.07 9.07 8.97 21.67 11.47 8.97 11.47 12.37 12.47 16.67 5.96 6.86 6.76 6.65 6.75 6.76 6.81 7.01 7.01 9.51 NaN NaN NaN NaN NaN NaN NaN NaN NaN NaN NaN NaN NaN NaN NaN
NaN NaN NaN NaN 6.35 6.45 6.65 8.8 30.4 8.5 3.8 1 18.6 9.6 7.1 6.15 30.5 30.1 30.5 19.6 30.3 5.95 9.6 9.8 14.8 10.3 6.55 14.2 6.35 6.45 29.95 7.55 30.1 1.1 3.2 6.85 7.55 7.45 9.85 5.55 6.05 3.8 30.5 5.75 30.2 6.3 5.75 5.35 15.8 5.85 8.4 3.6 5.15 8.57 13.57 30.47 5.3 8.37 13.37 10.87 8.27 30.07 11.47 6.45 6.75 6.56 NaN NaN NaN NaN NaN NaN NaN NaN NaN NaN NaN NaN NaN NaN NaN NaN NaN NaN NaN NaN NaN NaN NaN
NaN NaN NaN NaN 6.05 6.25 1.2 6.75 9 6.45 6.15 30.1 14.6 9.8 30.4 6.25 7.8 5.5 5.8 17.2 3.7 6.05 30.3 9.6 5.3 15.3 8.2 6.25 6.45 7.35 7.45 7.55 7.65 1 7.35 7.25 7.05 7 6.95 5.95 6.45 10.2 5.9 5.85 5.3 5.65 5.45 5.6 5.55 5.65 5.65 8.3 5.55 5.45 7.7 4.95 13.87 8.27 30.17 18.77 13.57 30.37 5.35 5.45 5.25 NaN NaN NaN NaN NaN NaN NaN NaN NaN NaN NaN NaN NaN NaN NaN NaN NaN NaN NaN NaN NaN NaN NaN NaN
NaN NaN NaN NaN 6.05 6.05 5.95 6.15 15.6 6.85 6.55 7.03 7.33 17.9 30.7 6.05 6.55 6.95 6.05 6.15 19.6 30.5 14.7 7.8 5.1 5.1 3.8 6.25 6.45 7.45 7.35 7.25 7.25 7.45 7.35 7.25 7.35 9.6 5.35 5.55 30.7 5.3 30.3 3.1 22.8 21.3 13.6 3.1 5.55 1 5.55 8.4 5.95 5.05 5.45 5.15 5.65 26.1 6.75 5.15 5.35 5.45 13 5.15 NaN NaN NaN NaN NaN NaN NaN NaN NaN NaN NaN NaN NaN NaN NaN NaN NaN NaN NaN NaN NaN NaN NaN NaN NaN
NaN NaN NaN NaN NaN NaN NaN 5.95 13.1 6.85 6.55 5.85 30.43 3.8 6.15 5.95 6.85 30.5 6.55 6.45 6.25 10 17.3 7.1 5.6 5.1 30.2 6.25 7.55 7.45 7.35 7 7.25 6.1 1.2 7.35 7.35 7.65 5.85 5.35 5.85 6.3 5.65 6.15 3.6 23.8 3.2 7.05 3.6 6.95 1 7.25 5.95 6.15 7.45 7.65 7.25 3.1 18.6 5.2 11 5.25 5.05 NaN NaN NaN NaN NaN NaN NaN NaN NaN NaN NaN NaN NaN NaN NaN NaN NaN NaN NaN NaN NaN NaN NaN NaN NaN NaN
NaN NaN NaN NaN NaN NaN NaN NaN 5.95 6.45 6.75 6.45 30.2 7.73 30.4 6.15 6.25 6.15 6.15 6.25 30.5 30.4 3.3 7.7 19.7 5.2 7.1 10.4 7.85 7.25 7.25 1 7.25 3 3.2 7.45 7.25 3.7 30.1 5.65 6.05 5.75 5.35 6 3.8 7.35 7.35 7.45 7.45 7.65 1.3 7.55 7.35 6.3 30.3 7.35 7.35 6.95 3 21 15.5 5.15 30.5 NaN NaN NaN NaN NaN NaN NaN NaN NaN NaN NaN NaN NaN NaN NaN NaN NaN NaN NaN NaN NaN NaN NaN NaN NaN NaN
NaN NaN NaN NaN NaN NaN NaN 5.85 5.95 6.65 9.55 6.45 7.13 27.9 6.73 9.8 5.75 5.85 5.85 10.2 29.4 13.2 5 20.3 8.3 27.8 30.3 12.4 7.35 7.35 16.5 7.25 7.25 7.35 6 18.7 7.45 7.45 30.4 7.05 1.3 7.35 7.45 3.8 9.55 1.3 15.05 7.45 7.45 7.55 7.45 30.5 1.1 7.35 7.35 7.45 13.47 10.57 5.6 3.2 5.65 5.25 NaN NaN NaN NaN NaN NaN NaN NaN NaN NaN NaN NaN NaN NaN NaN NaN NaN NaN NaN NaN NaN NaN NaN NaN NaN NaN NaN
NaN NaN NaN NaN NaN NaN NaN 5.95 6.15 6.25 6.15 6.25 14.83 30.13 7.13 7.23 30.2 7.03 7.23 6 3.3 3.2 3.3 5.2 3.3 9.6 9.7 5.7 1 7.25 7.25 1.1 9.95 9.95 9.95 1.4 5.2 3.1 3 10.7 7.25 7.15 12.75 7.15 3.6 6.4 10.7 8.8 7.25 7.35 10.15 7.35 7.35 7.35 7.35 11.3 30.27 10.57 17.97 10.47 1.2 5.45 NaN NaN NaN NaN NaN NaN NaN NaN NaN NaN NaN NaN NaN NaN NaN NaN NaN NaN NaN NaN NaN NaN NaN NaN NaN NaN NaN
NaN NaN NaN NaN NaN NaN NaN NaN NaN NaN 6.15 6.25 NaN 7.03 7.23 6.83 1.2 16.3 30.4 3.8 6.4 1.1 8.9 6.55 3.2 5.6 7.25 8.2 7.35 7.35 9.95 30.6 7.35 7.25 7.45 26.1 7.7 7.45 5.6 7.25 12.55 17.35 6.95 9.55 8.8 3 8.8 3.7 11.3 6.2 7.45 7.35 7.65 7.35 9.85 10.15 7.65 18.47 13.27 30.57 8.7 NaN NaN NaN NaN NaN NaN NaN NaN NaN NaN NaN NaN NaN NaN NaN NaN NaN NaN NaN NaN NaN NaN NaN NaN NaN NaN NaN NaN
NaN NaN NaN NaN NaN NaN NaN NaN NaN NaN NaN NaN NaN NaN 7.63 7.33 1.2 5.2 7.53 6.3 6.75 6.35 6.3 3.3 30.4 7.55 10.05 7.55 1.1 1.1 10.77 7.25 7.25 1.1 10.05 12.65 10.25 9.75 1.1 7 8.8 3.7 1.4 12.25 6.5 6.95 6.95 8.8 7.05 7.25 7.65 7.45 7.45 1.2 7.35 7.35 1 9.65 10.77 13.07 30.2 NaN NaN NaN NaN NaN NaN NaN NaN NaN NaN NaN NaN NaN NaN NaN NaN NaN NaN NaN NaN NaN NaN NaN NaN NaN NaN NaN NaN
NaN NaN NaN NaN NaN NaN NaN NaN NaN NaN NaN NaN NaN 7.13 1.4 7.33 20.2 7.33 7.63 15.4 1.1 6.35 7.55 1 7.65 7.25 1.2 10.77 7.1 11.2 20.97 11.07 7.75 8.9 12.95 9.95 3.7 7.45 1.1 6.2 7.35 22.35 5.7 7.15 6.95 7.15 6.85 6.85 7.25 7.25 7.1 30.35 9.95 10.1 7.35 7.35 3.6 6.95 15.97 15.57 11.37 NaN NaN NaN NaN NaN NaN NaN NaN NaN NaN NaN NaN NaN NaN NaN NaN NaN NaN NaN NaN NaN NaN NaN NaN NaN NaN NaN NaN
NaN NaN NaN NaN NaN NaN NaN NaN NaN NaN NaN NaN NaN NaN 7.43 9.73 5.3 6.65 6.55 10.3 7.43 30.03 6.3 6.3 6.1 1.3 12.75 30.17 13.57 8.8 1.2 15.87 8.95 1.1 7.45 3.7 7.45 8.6 3.2 10.2 3.7 7.25 9.75 3 7.05 30.25 13.7 3.1 6.85 3.9 6.85 7.15 7.25 7.05 7.25 7.45 7.45 7.15 15.47 17.97 NaN NaN NaN NaN NaN NaN NaN NaN NaN NaN NaN NaN NaN NaN NaN NaN NaN NaN NaN NaN NaN NaN NaN NaN NaN NaN NaN NaN NaN
NaN NaN NaN NaN NaN NaN NaN NaN NaN NaN NaN NaN NaN NaN 7.33 7.43 9.93 7.73 7.63 7.43 7.83 12.43 8.8 1.1 6.3 6.3 7.65 7.25 10.77 7 19.6 1.1 7.25 16.4 5.2 7.25 7.35 3 7.35 7.35 22.2 21.2 7.35 1 7.05 28.17 3.7 5.8 6.85 7.05 29.95 7.05 6.95 6.85 7.05 10.25 7.35 6.95 NaN NaN NaN NaN NaN NaN NaN NaN NaN NaN NaN NaN NaN NaN NaN NaN NaN NaN NaN NaN NaN NaN NaN NaN NaN NaN NaN NaN NaN NaN NaN
NaN NaN NaN NaN NaN NaN NaN NaN NaN NaN NaN NaN NaN NaN NaN NaN 7.33 7.53 6.7 20.03 7.33 12.73 18.9 3.7 3.1 3.6 1.2 7.25 10.77 10.77 10.87 1 30.47 7.35 6.3 7.25 7.35 7.25 1 1.3 7.25 14.75 7.05 8.2 1 13.17 15.77 28.37 17.8 3 8.1 7.05 3.8 7.15 13.7 6.3 NaN NaN NaN NaN NaN NaN NaN NaN NaN NaN NaN NaN NaN NaN NaN NaN NaN NaN NaN NaN NaN NaN NaN NaN NaN NaN NaN NaN NaN NaN NaN NaN NaN
