Outfile_1.asc
NCOLS 201
NROWS 151
XLLCORNER 730592.938286
YLLCORNER 2561222.529137
CELLSIZE 145.176046
NODATA_VALUE NaN
[rows 33 to 65 of 151, columns 75 to 149 of 201]
11.2 6.8 7.1 5.65 5.7 5.6 6.3 5.95 5.6 6.35 6.8 16.7 6.65 6.95 7.3 10.55 8.75 7.9 7.05 6.1 5.8 5.4 7 6.95 6.45 12.4 6 9.7777777778 16.9761904762 8.4666666667 10.5666666667 6.3261904762 15.8777777778 6.9 6.7 30.2393193566 27.3533326691 6.85 19.1040925512 7.05 12.0833333333 6.2111111111 12.6666666667 5.5777777778 13.05 9.8660289775 9.7634491708 9.3084518793 7.6183739396 6.0535234292 6.9 7 19.1166666667 7.3111111111 7.45 7.65 8.05 8.5 7.75 9.4 8.5 9.85 7.9 8.6 7.8 7.65 7.85 8.75 8.2 7.85 7.3 7.9 9.6 11.8 NaN
6 6.45 6.65 7.35 6 6.25 5.7 5.7 6.3 5.9 6.7 6.8 7 6.8 20.05 7.75 7.75 11 7.4 7.6 7.75 6.4 12.55 5.8 8.8 5.9 6.1 7.5277777778 9.9761904762 7.6 30.0666666667 12.3761904762 10.1777777778 14.3 9.3 10.5564102564 8.4634491708 18.8084518793 18.2 17.1666666667 6.8611111111 8.2666666667 5.9226779369 7.4135231517 11.7311250567 6.0635735976 6.9 19.6166666667 6.8 7 6.95 6.9 29.7666666667 9.6 7.45 8.1 7.4 8.6 8.2 9.35 8.9 7.7 8.2 7.6 8.25 7.9 10.9 10.1 12.9 9 11.65 8.45 10.85 29.8 8.75
6.1 14.2 6.55 8.9 5.9 7.2 6.25 6.1 6.45 5.75 6.2 6.65 28.75 6.65 12.35 7 8.45 8.05 8.15 8.45 9 6.5 9.5 12.35 8.65 5.85 6.9 15.7277777778 6.2761904762 28.5666666667 30.2166666667 13.7761904762 19.4777777778 9.3 7.963394791 17.3858309864 12.8761904762 7.15 30.4570224301 19.997996552 11.7876880965 7.8533326691 5.4268182948 5.1722222222 7.2446277864 5.2876880965 23.4245006541 11 6.65 7.05 3.7277777778 6.95 7 8.7 7.95 7.55 14.0108185325 8.55 13.65 9.25 9.45 7.7 8 8.4 7.95 8.3 8.6 7.75 9.1 9.55 12.15 7.6 9.95 8.75 9
6.55 6.45 6.9 6.1 6.45 8.3 3.95 6.75 10.7 5.35 5.75 6.15 6.5 6.25 7.05 6.9 9.7 6.6 6.35 6.25 10.4 6.5 6.75 6.15 6.05 9.35 15.2521130107 12.2347858837 28.9261904762 7.6 7.55 14.3761904762 30.1777777778 16.35 6.1602895721 11.1874920661 11.9666666667 12.1570224301 22.928511354 21.9578685395 13.673998276 5.9893193566 10.214274771 3.7230772833 7.7428371643 10.5856743286 17.1833333333 9.1 6.85 6.85 6.95 6.85 7.05 7.6 8.55 8.25 8.15 7.6 8.05 8.15 7.9 7.7 7.95 10.4 10.4 12.9 9.95 8 7.35 8.75 8.1 10.8 5.55 6.95 8.65
7.95 6.55 7.15 6.1 6.85 7.05 6.5 5.95 5.5 5.5 6.25 6.3 6.25 15.4 7.6 7.05 7.35 7.2 6.3 9.1 6.85 4.75 6.55 6.6 6.6 6.05 6.75 9.253030303 30.0555555556 29.0833333333 19.128511354 30.2578685395 19.773998276 9.7399385949 7.636717456 6.95 15.5666666667 30.0833333333 6.7 4.7033326691 22.2399385949 23.0032369137 8.3660289775 3.7115508071 3.61898463 10.3570224301 6.54071197 4.9770461645 1.786717456 6.8 6.95 7.05 7 6.9 8.15 7.55 8.75 7.65 8.05 26 6.95 7.4 7.7 8.9 9.65 10.1 7.05 7.15 7.8 7.65 30.1 8 7.2 6.75 7
7.4 7.7 6.6 26.5 20.75 6.2 6.95 6.25 5.8 5.65 6.65 6.9 7 6.6 8.45 7.55 7.35 8.8067245426 8 8.55 5.65 9.45 12.8 5.6 7.6257618163 10.6635231517 2.6277777778 8.25 5.9055555556 6.8 15.5111111111 6.85 16.0064102564 6.298142394 6.75 13.928511354 30.1833333333 15.1584518793 6.35 6.5 16.0067245426 6.1477647286 12.8533326691 6.4205792798 12.54071197 17.8070224301 2.5666666667 9.95 7.6 7.1 6.85 14.6423526966 6.95 17.378511354 7.05 9.1 7.4 7.7 12.464274771 13.7 7.2 9.3 13.55 7.35 8.5 7.1 7.1 7.7 6.45 7.6 7.35 7.4 8.6 7 9.6
7.35 7.55 6.8 8.35 6.55 6.25 6.4 6.5 5.75 5.75 6.55 6.65 6.6 7.1399385949 7.25 7.8 7.65 9.7 15.6 8.15 9.15 9.5 5.85 13.2950715499 7.8635735976 6.2634491708 5.7761904762 6.95 9.7383656714 6.85 7.9 11.4850406063 7.0768182948 5.0634491708 22.1856743286 6.85 28.8745006541 17.2469040394 15.6581667897 13.7742242458 6.7 8.0635735976 7.25 11.8745006541 7.15 7.7856743286 8.4 7.45 4.1067245426 7.5 9.25 7.05 18.2884487607 14.5392557464 7 7.7 12.7 7.65 5.7660289775 12.5 8.05 7.9 7.1 8 6.9 7.15 NaN NaN 7.15 16.55 8.25 7.35 3.9 6.9 7.45
8.45 6.85 6.35 7.05 6.25 6.45 6.5 6.5 6.15 5.65 6.25 10.7328101159 10.45 7.9 7.8 7.4 10.9 7.55 7.5 8.1 8 12.95 7.6188440482 11.5081667897 7.9 6.7745006541 7.2 7 6.75 11.9875594364 7.9 5.4112944531 11.4112111039 9.1166666667 9.9570224301 11.54071197 6.7205792798 10.9533326691 17.8950715499 6.9 7 12.7622501134 9.4745006541 13.8333333333 4.4040925512 3.4214045971 7.5 7.95 7.75 6.8 7.15 6.6002805931 7.05 29.6726779369 7.1 7.35 8.1 9.4 8.4615508071 6.1984520197 8.9 8.9 7.45 7.8 7.05 7.2 NaN NaN 6.95 25.15 7.05 7.1 9.4 8.1 7.9
6.65 5.7 7 7.7 7.05 6.7 6.35 5.75 5.65 6.35 6.55 6.6 10.1 9.3 9.05 8.75 7.65 6.75 8.1 7.35 7.35 7 6.55 NaN 13.06898463 14.2570224301 12.6714317131 7.45 6.9 17.7578339874 12.9467854397 13.1068038428 7.0390996564 8.79071197 12.8333333333 7.05 30.0901371761 13.0768182948 6.9608185325 8.1102895721 7.4726779369 7.5166666667 5.8833333333 13.8570224301 6.95 7.65 7.65 11.6 6.6 6.95 7.1 7.8 7.85 7.9 10.9 19.5245006541 7.3 7.05 5.7214045971 6.95 7 6.7 6.95 6.8 8.3 7 6.9 6.7 6.95 7 8.8 8.65 30 6.65 8.7
6.55 6.1 3.85 6.35 6.75 6.7 6.25 5.9 5.55 6.55 6.7 6.75 8.2 7.1 7 14.69071197 6.65 6.7 6.7 6.75 6.65 7.4 6.9 7.95 7.078511354 12.6833333333 26.7245942812 11.8497823999 6.75 6.55 10.5326039052 7.0027049172 13.9463669952 24.9570224301 3.6356743286 6.1767895821 6.7946277864 7.1811250567 14.2399385949 20.736717456 15.6216618094 14.99071197 6.7070224301 5.1166666667 11.2428371643 7.0660289775 10.2032369137 7.25 6.95 7.1 7 7.3 7.3 7.1 8.45 7 7.8 6.95 7.05 30.0767895821 7.2 6.95 7.2 7.15 16.2374901471 6.95 16.3067245426 26.45 30.35 17.9 30.05 27 9.35 8.1 5.45
6.7 5.9 23.464274771 5.8 6.55 6.8 5.65 5.65 6.4 6.45 6.9 30.24071197 6.55 8.64071197 7.05 6.85 8.4876880965 6.75 7.05 7 6.95 8.55 7.8 7.2 7 10.1745006541 6.95 13.0678148254 6.7690276405 9.4937128312 10.913570706 17.2874258846 22.9661434492 6.5666666667 15.3428371643 4.4446277864 5.9742242458 6.9742242458 6.6081667897 7 14.828511354 10.3333333333 5.3453558739 7.4267895821 13.2858309864 7 15.6 6.8 6.7 7.05 7.15 7.85 7.35 7.05 7 7 19.2969040394 8.15 30.0833333333 7 8.1 7.1 6.95 7.15 7.1 19.5500529685 6.55 26.427426912 7.0862387519 17.5874901471 6.6 6.75 14.55 1.2 30.05
5.95 9.2928371643 5.8 6 6 6 8 5.75 15.4635735976 6.65 15.1040925512 17.6 16.3084518793 18.1705792798 7.05 7 6.85 6.7 6.9 14.3205792798 6.6027355997 7.05 7.35 7.05 6.85 7.9716618094 15.7237619586 18.5165769424 9.2827350258 6.8935268607 7.15 9.9 7.2859420902 7.6 7.1 9.2393193566 8.3722222222 6.2768182948 8.6267895821 8.7584518793 17.6 5.7245006541 5.3876880965 10 9.25 5.45 4.35 6.6 6.9 7.6 5.35 6.85 7.85 7.05 6.9 7 6.95 10.6705792798 10.828511354 6.9 26.3333333333 7.15 7 7.1 6.85 17.2483481745 24.7171833406 6.9 7 6.8 6.45 6.5 11.1484520197 6.5567245426 7.85
5.85 5.65 4.3267895821 10.0081667897 6.1 6.65 6.55 6.15 17.9214045971 6.55 6.45 14.528511354 6.95 6.85 6.8 6.6 6.7 6.75 8.1477647286 6.95 6.8 14.155300936 7.3 6.85 6.95 7.05 7.5102895721 18.6788989167 7.8823451376 29.5023179633 7.9 7.35 7.65 8.95 11.6770074531 6.85 7 7.8226779369 8.375 6.9 30.028511354 14.8205792798 7.9 3.3450715499 7.8 8.85 6.65 17.05 8.8 6.65 12.65 26.2 7.3 7.2 7.7 7.15 7.05 6.8 10.2469040394 6.8 19.3833333333 7.05 6.7 27.7333333333 6.7 6.6 6.5 6.8 6.6 6.45 6.4 24.8919755892 30.0672058324 5.3096284107 13.064274771
10.29071197 13.8833333333 8.3084518793 7.9469040394 6.6726779369 6.698142394 6.65 21.3714045971 9.6745006541 12.15 16.628511354 3.6216618094 5.036717456 12.6477647286 6.9 6.6 12.6 6.65 6.65 6.9 6.75 21.4203870548 7.45 6.95 7.1 8.4356325411 6.2230521815 16.5625225222 8.4111111111 12.2 16.6944444444 8.7666666667 12.0111111111 6.7 7.05 7 7 6.85 17.993742273 30.1828910438 4.3134799922 12.7533326691 10.2977647286 8.5 7.9 7.15 6.65 6.8 6.7 12.85 6.85 6.25 7.75 7.2 7.65 7 7.1 6.5 6.7 10.1333333333 5.6203703704 6.7 7.1 29.6555555556 23.3200953027 23.7375594364 15.8356117652 17.2951780206 6.75 6.35 6.4 3.5633899069 6.6 6.2261704976 5.7611005273
8.7666666667 30.0666666667 6.7 4.1745006541 4.81898463 6.5 6.4 28.7856743286 16.2833333333 6.65 18.6216618094 6.6 6.55 6.95 6.9 6.9 6.75 6.7 6.65 7.3528140863 6.55 7.4 6.95 13.8082403764 19.6611266977 7.8273862895 5.0222222222 14.709201947 7.6934562487 9.06898463 12.1257543607 7.3523179633 14.7961624635 12.6940446391 13.6393193566 9.4521773816 7.3143423404 6.9601229154 6.2555555556 7.6852414614 7.0126205685 8.7831464622 30.1608185325 30.1 6.4 6.9 6.9 26.15 14.9 20.55 4.35 6.7 5.3 7.15 7.6 7.35 8.25 6.65 26.2742242458 6.4 18.1064102564 4.5847858837 30.2094922192 16.7833333333 12.9961321867 18.2897640738 15.3543547631 13.5485805095 24.3282174738 30.2889883586 17.8298755254 23.3 26.8948045212 2.7739502039 13.0161146552
6.55 6.6 6.4 11.2333333333 9.8555555556 8.1176157029 14.2660740412 12.2651186864 16.9454770164 7.15 5.5 10.4730772833 6.55 6.8 30.2 6.8 8.4 14 7.85 6.5380952381 12.5681350989 6.4070952919 7.7 16.9421691488 2.879996399 8.2377707402 3.5828101159 6.3755884172 15.0024976531 6.7268601941 30.1026087569 24.7472305644 25.1735015266 22.5571936115 6.25 6.3 9.7983456956 12.9870537214 6.1833333333 6.8703870548 8.9150123622 11.7959542766 6.85 8.55 6.95 7.7 7.65 29.3 7 6.5 8.25 7.7 8.45 7.75 9.35 6.95 29.45 22.95 14.4 14.8 15.75 19.5521130107 6.9 27.8742242458 14.3277777778 18.1073155329 30.3361506991 25.5851093871 14.9651186864 30.0071068402 11.5360514612 15.0286892072 30.1740453033 4.0015468186 10.8103925074
24.9761904762 15.5261904762 6.5761904762 7.7733912093 4.480910846 6.35 6.4 6.5833333333 7.1 6.35 5.6 6.35 6.6547650464 6.9 5.8 6 5.9 9.35 11.85 30.0742242458 8.936570247 9.3559860233 14.5564102564 6.4535234292 2.2742677032 11.6064102564 4.1064102564 9.4634491708 8.0729365995 21.1690355763 13.7494767825 7.7870664144 30.0362387519 11.9548669366 6.5 6.5 4.890937233 7.3623737794 13.7777777778 7.2487079739 9.3787676428 7.6326256917 6.85 7.15 21.85 10.8 7.05 8.95 7 7 7.2 13.85 7.75 9.35 7.4 30 24.9 25 30.3 30.05 7.15 16.85 6.85 7.05 8.75 7.6 6.9 8.5678356538 14.7714045971 21.1433447023 19.1081667897 6.7163426646 8.0020891032 30.0761704976 6.801703306
30.0666666667 22.6166666667 12.6666666667 11.1494767825 15.1920761414 17.6777777778 7.1040925512 6.55 8.9090193633 7.2214317131 8.5705792798 24.0615508071 14.7556550252 6 5.9 15.95 30 5.7 12.7 7.5608185325 6 6.897996552 6.7570224301 4.8611111111 3.1761904762 3.2347858837 7.8031712291 6.5919755892 6.2723216919 8.9800313266 6.6012334657 13.6594922192 29.9135231517 3.8893193566 8.3081667897 6.45 9.4388009261 16.8533326691 6.7 2.1075587721 7.05 6.85 7.15 7.05 11.4 9.8 7.3 7.05 30 7.1 8.25 17.85 11.75 12.3 5.95 7.4 5.8 18.5 11.2 12.75 7.1 7.1 7.1 14.6521130107 7.25 7.2 7.15 6.75 12.3667852127 14.6333333333 20.8630438755 6.45 9.0288320124 6.6 28.0212972011
14.2111111111 6.9 7.05 9.25 9.1 9.9 18.6477344001 6.55 25.198142394 6.0567245426 5.7 15.9270461645 16.0833333333 6.3 5.9 5.95 7.4 26.55 5.15 7.25 19.373998276 6.5 13.178511354 9.2166666667 6.5555555556 4.4662167619 13.1036784889 7.0916625669 9.1967825041 6.6866660024 9.7658451277 4.4261904762 16.0699035803 11.8074243814 22.4831998385 15.6477712359 26.9108185325 5.1678307106 7.8533142958 3.4028929542 4.02899873 8.05 7.85 7.1 6.7 6.6 11.5 6.8 19.8 11.25 13.35 9.9 21.4 7.85 6.25 5.2 6.5 5.15 13.75 10.8 7.1 7 7.1 14.8083333333 18.203030303 7.25 24.0678658549 18.5092865378 17.4363636364 21.8925352804 6.45 4.9405617714 30.1194784217 12.0666666667 21.3070224301
8.15 6.85 10.8 8.25 7.6 7.4 18.8459052512 8.6 7.5 9.3745006541 7.35 6.5540925512 7.8714045971 23.898142394 13.9183739396 6.2 8.95 8.6 6.2 6.25 11.303428636 8.0542261031 6.0758747098 6.3512401769 5.305947185 5.972947292 5.4740421083 16.5 15.1374258846 7.7049951428 9.2026087569 14.4345735102 10.7714006833 6.6 14.8833333333 18.9866660024 8.3553296488 7.6959802891 3.0884487607 2.5950715499 12.65 13.1 6 6.75 25.7 22.5 30.15 13.55 25.2 10.65 10.35 11.5 10.5 7.55 7 8.4 28.65 2.15 16.55 6.35 6.95 30.15 6.85 15.1583333333 30.303030303 9.4 7.7 22.6955834467 11.9055555556 6.5 13.5733230525 4.4182195417 6.2768182948 30.1634491708 16.0356743286
8.05 9.15 9.2 8.05 8.2 8.25 7 9.8801310486 8.1 6.8205792798 8.378511354 30 8.5856743286 21.8428371643 11.5768182948 12.6067245426 14.7 7.3 7.4 9.3 5.3328101159 18.8647589624 3.33974395 5.5026087569 4.705371548 6.0309458229 6.25 6.1 12.4073786367 6.7934852841 12.6513608481 13.7987842103 6.6 6.65 5.3181335412 10.1883284761 4.8906199178 3.970302182 3.0618913743 7.05 7.05 10.65 3.7147188482 20.7722222222 15.1679068435 12.6067245426 6.5 6.25 11.6 9.1 5.25 6.15 14.65 17 6.4 12.05 12.35 30.05 30.1 30.05 5.2 10.9 6.15 14.5579276146 11.1017858479 23.1354866991 6.75 16.2584518793 30.1166666667 6.75 17.6997840537 9.159220178 14.5722222222 23.598142394 21.9714045971
7.9 9.1 9.6 8.5 7.95 8.6 6.4 8.5923526966 6.55 7.5726779369 6.3166666667 13.1570224301 5.55 10.0892557464 9.9384487607 8.6977647286 6.45 7.4 6.2 11.9 4.3564102564 8.5439023225 2.2064766961 5.1383284761 4.5356512967 3.9959439454 8.0969069309 6.2 9.2880712638 9.1136825423 6.9809458229 5.7721177144 5.3935268607 7.4760070601 22.6 10.0546589586 4.1249999779 3.4803300294 1.5222222222 2.8 2.0532369137 11.7899385949 5.8347858837 8.903030303 6.6 6.65 27.4399385949 6.3032369137 3.6 30 28.2 30.15 6.45 4.8 5 12.3 5.3 22.95 5.7 30.2 7.4 6.25 17 8.15 11.1758686137 11.7557238518 6.6 10.2225890798 26.2166666667 22.5872459465 6.6428255525 7.388943094 7.3 6.1 13.4533326691
7.95 8.5 7.95 15.5666666667 7.6 7.2745006541 7.25 6.95 7 6.6858309864 7.7767895821 12.5166666667 15.3333333333 10.078511354 5.9 10.636717456 9.8556550252 5.85 9.55 6.25 7.3277777778 7.103008771 4.0380712638 8.4540925512 4.99071197 9.3714045971 7.5734705095 21.8190076619 6.6652126241 4.0422599133 5.2451511893 3.94690064 7.0691643198 11.2175015521 9.4222222222 6.2035791641 7.9819287483 4.3718743513 5.7847858837 5.0564102564 6.9 3.3033326691 7.9122501134 13.1555555556 7.9969040394 6.55 6.75 1.5618913743 5.6547650464 6.75 6.3 6.15 8.8 19.45 10.85 12.95 14.4 6.15 6.25 20.1 26.1 6.2 30.05 20.05 24.8242242458 10.6925555291 6.8 12.997178591 8.05 6.3199993357 8.6436229055 9.2722222222 7.85 6.2 13.6160289775
10.55 9.15 8.95 8.6 8.2 15.2245006541 8.5 6.95 9.6 8.3742242458 9.6581667897 6.5267895821 8.1245006541 9.85 5.8 14.9270461645 11.6726779369 5.5094922192 11.7556550252 15.4380952381 6.5 NaN 5.8801158374 6.1 NaN 9.0301158374 5.7 5.25 5.6355337841 2.7270461645 6.825118546 2.4392557464 4.1169601147 9.859201947 6.4428255525 5.6650123622 8.4251885585 5.1912577986 1.8714045971 30.1666666667 6.8 30.06898463 6.428511354 6.5 6.65 15.278511354 6.6 15.9115508071 9.4230772833 6.8 10.5 6.25 14.35 11.95 8.35 14.95 18.7 16.3 10.45 13.55 6.85 22.55 19.6 10.85 30.2 6.8564102564 6.5 13.156182661 11.5730769231 13.1448749122 7.5627291329 8.6647188482 8.25 9.95 7.764274771
8.1 12.2 8.5 12.2 8.3 8.9 8.15 8.95 8.0393193566 9.7179068435 8.5399385949 7.5635735976 7.2214045971 12.8745006541 6.35 5.7 6.45 9.6770461645 7.2134491708 6.75 12.6884487607 6.9300907618 7.7208640506 7.0680308381 16.3671063627 10.62568603 6.6020223583 4.8011372672 2.879530349 4.2064484313 18.9477344001 7.5654743095 15.1014383581 9.3570952919 7.7539126131 8.2537203881 4.3621165671 10.5814757273 9.1015305025 9.0111111111 17.1611111111 11.1333333333 21.6833333333 12.8540925512 10.6611111111 27.2333333333 12.84071197 30.06898463 17.5928371643 6.45 7.4899385949 10.75 8.95 14.9 14.55 6.3 12.45 8.65 30.2 7.45 6.4 6.1 6.05 8.45 12.7 6.3 6.25 6.25 6 15.3555555556 8.103030303 5.4583333333 6.35 6.3 9.35
9.5 9.45 9.4 9.7 9.25 7.65 9.6 7.9 13.7115508071 6.7 6.5816790289 6.4833333333 30.2542261031 8.4261904762 7.2356743286 6.3 15.9 14.1666666667 13.5540925512 16.4333333333 13.7300614577 9.13974395 7.2379713052 15.4935268607 10.2286328389 11.0664250941 3.9704444133 3.2855130099 2.40510641 2.0329743404 4.8694011491 3.5602466654 3.3137223453 6.8610823404 24.9666666667 5.8333333333 3.9573786367 6.0666666667 16.1888888889 10.5166666667 13.6666666667 24.078511354 6.5 12.6622501134 8.8267895821 11.6666666667 16.1070224301 9.4070224301 8.1453558739 10.1376880965 12.336717456 12.7056550252 9.5547650464 20.1 17.25 6.6 6.5 6.45 7.95 9.45 6.1 11.15 8.25 16 6.15 30.0277777778 6.2 6.7166666667 19.0611111111 7.8969040394 10.6923526966 5.0047650464 10.9 5.2 6.35
NaN 8.5 8.55 8.6 9.4 8.25 7.6 7.45 6.55 6.9 6.7 6.3 6.5 6.55 7.6856743286 6.35 6.35 30.04071197 10.7833333333 10.2333333333 5.1564102564 3.7874920661 6.0596966 16.7260070601 5.9912124542 3.7230769231 4.2703703704 4.3384487607 4.93611562 5.0224392339 5.5286041427 3.0365717317 4.6607229978 5.7904286252 10.0490906338 6.4370537214 4.0214045971 16.088854364 8.2370090087 7.6761904762 12.4761904762 18.2578685395 8.0384487607 14.7358309864 11.2358309864 11.7928371643 11.5666666667 10.69071197 18.6333333333 8.3745006541 7.5770461645 14.7615508071 21.7984520197 12 6.25 6.2 6.25 5.95 6.05 6.3 6.25 6.35 12.75 6.1 12.25 6.3 13.5761904762 22.6166666667 6.3 8.3261904762 8.2277777778 14.35 4.75 9.5 11.4
NaN NaN 7.75 5.5730772833 7.85 12.3666666667 8.8166666667 6.95 6.8 6.2 20.1070224301 6.65 14.7333333333 NaN 6.4 11.4892557464 28.9892557464 17.0040925512 15.44071197 5.7084518793 9.9611111111 3.0506911303 9.7 13.1736890968 2.8873015873 5.1611111111 3.8233912093 5.7253443262 4.8237619586 3.5257618163 3.6658552292 5.8715970431 2.4376880965 5.2018572798 6.3928255525 8.638701459 6.1726430481 8.2 13.2374920661 10.753030303 10.103030303 11.198142394 8.5556550252 17.5688440482 4.2742242458 16.7946277864 6.4134491708 9.1166666667 13.54071197 15.3333333333 17.328511354 10.7578685395 20.823998276 30.15 13.3 6.15 6.1 6.2 5.7 6.35 6.15 7.35 5.15 12.7 3.3579276146 6.1017858479 30.147996552 6.25 9.7111111111 27.0261904762 25.1777777778 8.5 5.8 5.85 10.55
NaN NaN NaN 7.15 19.9268182948 7.2 7.3 6.7 NaN NaN NaN NaN NaN NaN NaN 6.5 15.0666666667 15.5833333333 NaN 10.35 4.0542351217 6.2824338008 8.0620225406 6.9738672278 5.6967825041 3.2135231517 5.423998276 3.5939846865 3.4353511597 3.7194840324 7.8046089565 4.9942146898 5.8833333333 4.103628582 11.1900453809 15.7541568138 18.700414722 12.1513641714 18.5768182948 6.263394791 16.7583333333 12.2567245426 6.85 8 8.65 11.6222222222 10.1768182948 7.2767895821 8.7356743286 6.3 11.728511354 8.9078685395 16.623998276 8.8 6 6.05 6 6 6.1 14.3 7.75 16.7 4.35 15.85 6.1 2.553030303 6.4 30.0833333333 8.1333333333 7.2166666667 6.5564102564 11.5 15.85 8 5.4
NaN NaN 6.1 7.2 24.163394791 15.7564102564 6.698142394 7 NaN NaN NaN NaN NaN NaN NaN NaN NaN NaN NaN NaN NaN 6.4 4.8226619182 6.156906681 8.5640145061 8.5033841227 5.4245352062 4.9987992076 5.710477637 5.5827596463 5.5324898728 2.4162474188 2.6760253956 5.7103925074 4.1534638077 7.35 7.95 10.653030303 3.0583333333 3.75 6.45 7.8 10.85 6.35 13 8.6583333333 6.453030303 6.6 21.0833333333 17.928511354 10.6392557464 6.7033326691 15.1899385949 8.1722222222 6.35 6.2 11.1222222222 5.95 6.05 5.5222222222 5.9 9.6722222222 11.4679068435 9.2079276146 5.0702728564 5.0768601941 5.56898463 30.1833333333 16.8833333333 6.3 11.7064102564 6.75 6.35 6.05 6.25
NaN NaN 5.6 7.1 7 15.8 6.0067245426 5.8289342698 NaN NaN NaN NaN NaN NaN NaN NaN NaN NaN NaN NaN NaN NaN NaN 6.5 9.5810207061 10.4119610908 7.3951780206 9.7078339874 6.4208927697 4.8944444444 5.5302373727 6.0354980438 9.3948841404 8.8603794978 7.7802373727 7.35 26.9861401162 3.8992758406 3.3384651411 1.6895346585 4.1108185325 3.85 3.9 6.85 6.3 9.0579276146 8.6017858479 6.747996552 10.5570224301 12.5111111111 8.8761904762 19.7692754236 6.1333333333 30.1833333333 6.1 6.1 17.6333333333 5.95 17.6833333333 6.1 6.05 5.7 4.938759456 6.8757841239 5.8677163727 5.8 5.4313855149 5.85 17.0774851991 6.15 8.6450715499 6.05 7.85 11.1 5.95
NaN NaN NaN NaN NaN NaN NaN NaN NaN NaN NaN NaN NaN NaN NaN NaN NaN NaN NaN NaN NaN NaN NaN NaN NaN NaN 23.7578339874 10.7897668798 9.9686485301 4.9801158374 9.9374258846 7.14071197 17.9047379305 12.04071197 7.8374258846 13.95 8.7280270252 7.3385969716 2.5240421083 5.9781824662 4.3589609265 5.5635231517 2.8393193566 3.6242242458 6.4108185325 9.45 6.55 7.7214045971 14.34071197 16.4666666667 6.9055555556 11.0216618094 7.0666666667 7.0166666667 9.4166666667 3.5166666667 6.4666666667 6.4666666667 8.4166666667 6.05 5.7 7.3533841227 2.7093499059 3.8058650915 6.1 6.1 6.1 5.85 7.1648090607 8.2060726134 7.2423526966 6.7268182948 14.1064102564 6.45 7.4045401467
NaN NaN NaN NaN NaN NaN NaN NaN NaN NaN NaN NaN NaN NaN NaN NaN NaN NaN NaN NaN NaN NaN NaN NaN NaN NaN 6.55 10.1374258846 3.5782389099 10.8782334925 6.9833333333 5.6860678439 5.4690047263 5.7620225406 NaN NaN 6.45 7.6360678439 4.75 4.6893446036 6.5221177144 4.3166666667 1.6181050248 5.0333333333 2.153030303 5.4768182948 2.3556550252 3.7134491708 10.8540925512 12.1333333333 6.79071197 30.1333333333 12.05 9.85 14.55 7.1 6.8 5.75 1.6 6.85 4.873998276 5.6078685395 13.6578339874 13.7355337841 15.5245352062 6.25 6.15 6.25 7.6380712638 7.7036979496 5.8577225718 10.4214045971 14.1644313952 7.4298625896 9.9330432003
