Outfile_1.asc
ncols         201
nrows         151
xllcorner     733748.947016
yllcorner     2561541.418206
cellsize      137.483444
NODATA_value  -9999
[rows 0 to 38 of 151, columns 0 to 85 of 201]
-9999 -9999 -9999 -9999 -9999 -9999 -9999 -9999 -9999 -9999 -9999 -9999 -9999 -9999 -9999 -9999 -9999 -9999 -9999 -9999 -9999 -9999 -9999 -9999 -9999 -9999 -9999 -9999 -9999 -9999 -9999 -9999 -9999 -9999 -9999 -9999 -9999 -9999 -9999 -9999 7.1 -9999 -9999 -9999 7.8 7.8 -9999 -9999 -9999 -9999 -9999 -9999 -9999 -9999 -9999 -9999 -9999 -9999 -9999 -9999 -9999 -9999 -9999 -9999 -9999 -9999 -9999 -9999 -9999 -9999 -9999 -9999 -9999 -9999 -9999 -9999 -9999 -9999 -9999 -9999 -9999 -9999 -9999 -9999 -9999 -9999
-9999 -9999 -9999 -9999 -9999 -9999 -9999 -9999 -9999 -9999 -9999 -9999 -9999 -9999 -9999 -9999 -9999 -9999 -9999 -9999 -9999 -9999 -9999 -9999 -9999 -9999 -9999 -9999 -9999 -9999 -9999 -9999 -9999 -9999 -9999 -9999 -9999 -9999 -9999 8.4 8.3 10.7 10.6 7.9 7.8 7.8 7.9 -9999 -9999 -9999 -9999 -9999 -9999 -9999 -9999 -9999 -9999 -9999 -9999 -9999 -9999 -9999 -9999 -9999 -9999 -9999 -9999 -9999 -9999 -9999 -9999 -9999 -9999 -9999 -9999 -9999 -9999 -9999 -9999 -9999 -9999 -9999 -9999 -9999 -9999 -9999
-9999 -9999 -9999 -9999 -9999 -9999 -9999 -9999 -9999 -9999 -9999 -9999 -9999 -9999 -9999 -9999 -9999 -9999 -9999 -9999 -9999 -9999 -9999 -9999 -9999 -9999 -9999 -9999 -9999 -9999 -9999 -9999 -9999 -9999 -9999 -9999 -9999 -9999 -9999 8.4 8.7 18.6 8.3 13.2 10.7 8.2 8.3 10.6 8 8.1 8 10.6 18.3 8 7.8 -9999 -9999 -9999 -9999 -9999 -9999 -9999 -9999 -9999 -9999 -9999 -9999 -9999 -9999 -9999 -9999 -9999 -9999 -9999 -9999 -9999 -9999 -9999 -9999 -9999 -9999 -9999 -9999 -9999 -9999 -9999
-9999 -9999 -9999 -9999 -9999 -9999 -9999 -9999 -9999 -9999 -9999 -9999 -9999 -9999 -9999 -9999 -9999 -9999 -9999 -9999 -9999 -9999 -9999 -9999 -9999 -9999 -9999 -9999 -9999 -9999 -9999 -9999 -9999 -9999 -9999 -9999 -9999 -9999 -9999 10.7 30.1 11.4 8.6 16 21 11.1 8.2 8 8.1 8 7.9 13 10.5 8.3 7.9 8 -9999 -9999 -9999 -9999 -9999 -9999 -9999 -9999 -9999 -9999 -9999 -9999 -9999 -9999 -9999 -9999 -9999 7.8 7.8 7.9 -9999 -9999 -9999 -9999 -9999 -9999 -9999 -9999 -9999 -9999
-9999 -9999 -9999 -9999 -9999 -9999 -9999 -9999 -9999 -9999 -9999 -9999 -9999 -9999 -9999 -9999 -9999 -9999 -9999 -9999 -9999 -9999 -9999 -9999 -9999 -9999 -9999 -9999 -9999 -9999 -9999 -9999 -9999 -9999 -9999 -9999 -9999 15.8 10.8 8.2 8.6 13.2 28.7 8.5 13.4 13.3 16 12.1 23.4 10.4 8 8.2 8.2 8.1 8.4 14.9 -9999 -9999 -9999 -9999 -9999 -9999 -9999 -9999 -9999 -9999 -9999 -9999 -9999 -9999 -9999 -9999 7.9 7.8 8 7.9 -9999 -9999 -9999 -9999 -9999 -9999 -9999 -9999 -9999 -9999
-9999 -9999 -9999 -9999 -9999 -9999 -9999 -9999 -9999 -9999 -9999 -9999 -9999 -9999 -9999 -9999 -9999 -9999 -9999 -9999 -9999 -9999 -9999 -9999 -9999 -9999 -9999 -9999 -9999 -9999 -9999 -9999 -9999 -9999 -9999 -9999 -9999 10.7 13.5 11 8.4 10.6 13.2 10.9 8.1 7.9 7.8 13.1 13 14.8 7.4 9.7 23.2 10.8 19.9 8.1 -9999 -9999 -9999 -9999 -9999 -9999 -9999 -9999 -9999 -9999 -9999 -9999 -9999 8 8.1 18.3 7.8 7.8 10.5 13 7.8 -9999 -9999 -9999 -9999 -9999 -9999 -9999 -9999 -9999
-9999 -9999 -9999 -9999 -9999 -9999 -9999 -9999 -9999 -9999 -9999 -9999 -9999 -9999 -9999 -9999 -9999 -9999 -9999 -9999 -9999 -9999 -9999 -9999 -9999 -9999 -9999 -9999 -9999 -9999 -9999 -9999 -9999 -9999 -9999 -9999 -9999 8.1 8 8.2 8.2 13.3 10.9 30.3 8.4 7.9 13.1 30.3 7 7 7.2 7.2 7.3 10.6 8.2 7.8 -9999 -9999 -9999 -9999 -9999 -9999 -9999 -9999 -9999 -9999 -9999 8 8.4 10.4 25.6 8.3 7.9 7.9 7.9 7.8 8 -9999 -9999 -9999 -9999 -9999 -9999 -9999 -9999 -9999
-9999 -9999 -9999 -9999 -9999 -9999 -9999 -9999 -9999 -9999 -9999 -9999 -9999 -9999 -9999 -9999 -9999 -9999 -9999 -9999 -9999 -9999 -9999 -9999 -9999 -9999 -9999 -9999 -9999 -9999 -9999 -9999 -9999 -9999 -9999 -9999 -9999 8 13.3 23.5 11 8.1 10.7 8.1 10.7 8.5 12.6 15 7.5 7.3 7.3 7.2 6.7 6.6 13.2 8 -9999 -9999 -9999 -9999 -9999 -9999 -9999 -9999 -9999 -9999 13 8.1 30.4 7.9 7.9 8.1 8 10.8 7.8 7.8 10.4 -9999 -9999 -9999 -9999 -9999 -9999 -9999 -9999 -9999
-9999 -9999 -9999 -9999 -9999 -9999 -9999 -9999 -9999 -9999 -9999 -9999 -9999 -9999 -9999 -9999 -9999 -9999 -9999 -9999 -9999 -9999 -9999 -9999 -9999 -9999 -9999 -9999 -9999 -9999 -9999 -9999 -9999 -9999 -9999 -9999 -9999 8 15.9 8 8.3 7.9 8.6 7.9 7.9 7.1 7.1 7 7.3 7.5 7.2 10 16.7 6.4 7.4 -9999 -9999 -9999 -9999 -9999 -9999 -9999 -9999 -9999 -9999 8 8.1 7.9 30.2 7.9 7.9 8.1 8.1 7.9 8 22.9 7.9 3 -9999 -9999 -9999 -9999 -9999 -9999 -9999 -9999
-9999 -9999 -9999 -9999 -9999 -9999 -9999 -9999 -9999 -9999 -9999 -9999 -9999 -9999 -9999 -9999 -9999 -9999 -9999 -9999 -9999 -9999 -9999 -9999 -9999 -9999 -9999 -9999 -9999 -9999 -9999 -9999 -9999 -9999 -9999 -9999 8.1 18.2 8.1 8.2 18.2 8.2 8.2 7.1 7.1 7.2 7.1 7.3 7.2 7.2 7.4 7.6 7.2 6.8 6.7 7.3 -9999 -9999 -9999 -9999 -9999 -9999 -9999 -9999 -9999 8 8 7.8 8.1 8.2 7.8 8.1 8.1 7.8 7.8 10.5 8 10.5 -9999 -9999 -9999 -9999 -9999 -9999 -9999 -9999
-9999 -9999 -9999 -9999 -9999 -9999 -9999 -9999 -9999 -9999 -9999 -9999 -9999 -9999 -9999 -9999 -9999 -9999 -9999 -9999 -9999 -9999 -9999 -9999 -9999 -9999 -9999 -9999 -9999 -9999 -9999 -9999 -9999 -9999 -9999 10.5 8 7.8 7.9 28 8 10.6 7.3 7.2 9.6 7 7 7 7.3 7.3 7.3 9.7 12.4 6.6 6.4 6.5 -9999 -9999 -9999 -9999 -9999 -9999 -9999 -9999 12.9 3.1 10.8 8.2 10.5 7.6 7.7 7.7 8 3.1 7.8 7.8 8 8.1 7.9 -9999 -9999 -9999 -9999 -9999 -9999 -9999
-9999 -9999 -9999 -9999 -9999 -9999 -9999 -9999 -9999 -9999 -9999 -9999 -9999 -9999 -9999 -9999 -9999 -9999 -9999 -9999 -9999 -9999 -9999 -9999 -9999 -9999 -9999 -9999 -9999 -9999 -9999 -9999 -9999 -9999 -9999 7.8 25.5 14.4 7.7 17.9 7.8 6.8 7.1 7.3 9.9 11.7 12.2 9.7 7.4 3.3 7.3 7 7.4 6.4 6.5 6.3 -9999 -9999 -9999 7.1 7.1 7.9 17.8 29.7 7.8 30.2 7.8 8.1 7.8 12.7 7.5 7.7 7.6 12.8 3 10.1 7.8 30.3 7.9 -9999 -9999 -9999 -9999 -9999 -9999 -9999
-9999 -9999 -9999 -9999 -9999 -9999 -9999 -9999 -9999 -9999 -9999 -9999 -9999 -9999 -9999 -9999 -9999 -9999 -9999 -9999 -9999 -9999 -9999 -9999 -9999 -9999 -9999 -9999 -9999 -9999 -9999 -9999 -9999 -9999 -9999 7.9 20.3 7.4 7.6 7.9 7 9.6 7 7.1 7.1 6.3 6.2 6.2 7.2 9.7 30.3 7.2 7.3 7.4 5.7 6.4 6.3 -9999 -9999 6.8 7.1 7.9 7.7 8.4 9 7.9 7.8 7.7 8 7.6 7.5 7.8 7.5 7.5 10.3 7.6 7.7 7.9 7.9 7.8 -9999 -9999 -9999 -9999 -9999 -9999
-9999 -9999 -9999 -9999 -9999 -9999 -9999 -9999 -9999 -9999 -9999 -9999 -9999 -9999 -9999 -9999 -9999 -9999 -9999 -9999 -9999 -9999 -9999 -9999 -9999 -9999 -9999 -9999 -9999 -9999 -9999 -9999 -9999 -9999 7.7 10.6 7.8 6.6 6.7 6.5 6.6 6.6 6.6 6.8 6.8 6.1 6.6 6.3 5.1 7.3 7 7.3 14.2 7.1 6.3 6.4 6.3 7 -9999 6.9 7 7.7 8 7.9 7.7 30.4 7.6 30.3 10.3 7.1 7.5 7.8 7.5 7.6 10.2 7.5 7.7 7.7 7.9 7.9 7.8 -9999 -9999 -9999 -9999 7.9
-9999 -9999 -9999 -9999 -9999 -9999 -9999 -9999 -9999 -9999 -9999 -9999 -9999 -9999 -9999 -9999 -9999 -9999 -9999 -9999 -9999 -9999 -9999 -9999 -9999 -9999 -9999 -9999 -9999 -9999 -9999 -9999 -9999 7.7 7.1 7 7.1 6.6 6.6 6.5 6.5 6.6 6.7 5.6 6.5 6.6 6.9 9.3 11.7 30.4 6.9 12.3 7.3 30.2 6.4 6.3 5.7 14.4 9.2 6.7 7 7 10.6 8 7.8 7.9 7.6 7.6 7.7 7.7 7.6 7.8 7.5 7.6 7.6 12.9 7.7 7.5 7.6 7.8 7.8 7.8 7.9 7.9 15.8 8
-9999 -9999 -9999 -9999 -9999 -9999 -9999 -9999 -9999 -9999 -9999 -9999 -9999 -9999 -9999 -9999 -9999 -9999 -9999 -9999 -9999 -9999 -9999 -9999 -9999 -9999 -9999 -9999 -9999 -9999 -9999 -9999 -9999 6.7 6.9 6.9 6.6 6.7 13.2 6.6 6.6 6.8 3.2 30.2 6.6 6.6 6.6 14.3 12.9 3.1 30.2 7.4 7.1 7.2 20.8 6.3 30.2 6.4 7.1 6.9 7 8 8 7.9 7.8 8.1 12.8 7.7 7.9 30.4 7.9 8 7.8 7.8 7.8 8.3 7.7 7.7 7.8 7.7 8 8 8.1 7.9 8 22.2
-9999 -9999 -9999 -9999 -9999 -9999 -9999 -9999 -9999 -9999 -9999 -9999 -9999 -9999 -9999 -9999 -9999 -9999 -9999 -9999 -9999 -9999 -9999 -9999 -9999 -9999 -9999 -9999 -9999 -9999 -9999 -9999 -9999 7.3 7 6.8 6.7 6.7 6.8 3.2 7.1 3.2 30.3 3.2 6.6 14.3 6.7 6.3 10.3 14.9 11.9 26.8 7.1 7 30.4 5.7 3.3 27.2 5.7 6.6 5 8 10.3 7.9 7.7 7.6 7.6 7.5 7.7 7.6 7.9 7.8 7.6 5 7.7 7.5 12.7 7.5 7.6 7.5 7.5 7.9 7.9 7.9 10.4 7.1
-9999 -9999 -9999 -9999 -9999 -9999 -9999 -9999 -9999 -9999 -9999 -9999 -9999 -9999 -9999 -9999 -9999 -9999 -9999 -9999 -9999 -9999 -9999 -9999 -9999 -9999 -9999 -9999 -9999 -9999 -9999 -9999 6.8 6.8 6.6 6.7 6.8 6.7 6.9 6.8 6.8 6.6 6.8 6.8 1.1 6.5 6.5 6.8 19.3 5 5.1 30.4 17.3 5.7 6.5 5.6 6.2 5.9 5.8 6.7 7.2 7.9 7.1 17.8 7.6 5.1 7.6 7.5 7.8 8 7.9 7.7 7.5 7.5 12.7 7.5 7.3 7.5 7.6 3 6.9 7.5 7.5 6.8 30.2 7.2
-9999 -9999 -9999 -9999 -9999 -9999 -9999 -9999 -9999 -9999 -9999 -9999 -9999 -9999 -9999 -9999 -9999 -9999 -9999 -9999 -9999 -9999 -9999 -9999 -9999 -9999 -9999 -9999 -9999 -9999 -9999 6.9 7.1 6.7 6.6 6.6 6.6 6.5 29.2 6.5 6.7 6.7 6.8 6.8 1.1 14.1 1.2 6.6 5.6 5.8 5.9 3.3 6.5 7.2 6.5 6.1 6.2 6.1 5.9 5.2 6.1 7.1 9.9 7.3 7.7 7.9 7.8 7.7 12.8 8 7.8 7.8 3.1 11.8 5.7 16.6 19.3 7.2 7.7 7.7 6.9 6.9 6.7 6.7 3.2 5.9
-9999 -9999 -9999 -9999 -9999 -9999 -9999 -9999 -9999 -9999 -9999 -9999 -9999 -9999 -9999 -9999 -9999 -9999 -9999 -9999 -9999 -9999 -9999 -9999 -9999 -9999 -9999 -9999 -9999 -9999 -9999 6.9 6.9 6.6 6.5 6.6 6.6 6.6 6.5 6.6 6.2 9.1 6.2 3.8 6.1 30.2 1.2 6.8 16.6 6.1 3.6 6.1 5.7 6.4 5.7 6.2 9.6 5.9 5.8 5.8 5.8 6.3 6.9 6.9 7.9 30.3 15.3 7.7 8.1 7.8 7.6 7.8 5.1 7.7 9.1 3.1 9.7 7.5 9.8 7.5 7.3 6.9 6.9 7 14.2 6.8
-9999 -9999 -9999 -9999 -9999 -9999 -9999 -9999 -9999 -9999 -9999 -9999 -9999 -9999 -9999 -9999 -9999 -9999 -9999 -9999 -9999 -9999 -9999 -9999 -9999 -9999 -9999 -9999 -9999 -9999 6.8 7 6.9 6.7 6.5 6.7 6.7 6.7 6.7 6.5 30.6 6.7 7.6 3.4 3.1 7 7.8 8.3 6.7 30.5 13.1 6.5 6.2 6.2 10.2 5.6 5.7 10.8 5.9 5.9 5.7 6.1 7 30.5 10.2 9 14.3 10.2 7.8 10.3 21 18.1 10.5 7.8 7.3 7.3 12.3 7.3 7.4 7.3 3.1 7.2 14.1 10.8 14.2 6.7
-9999 -9999 -9999 -9999 -9999 -9999 -9999 -9999 -9999 -9999 -9999 -9999 -9999 -9999 -9999 -9999 -9999 -9999 -9999 -9999 -9999 -9999 -9999 -9999 -9999 -9999 -9999 -9999 -9999 -9999 7.1 7.1 3.2 6.6 6.7 6.6 6.6 6.6 6.6 3 6.8 6.7 16.6 15.3 6.4 3.3 5.7 3.1 5.7 6.1 5.8 3.4 6.1 -9999 5.1 5.9 5.4 3.8 6.1 6.2 5 -9999 6.8 14.6 6.8 7.8 14.2 9.1 7.8 7.7 7.7 30.4 7.8 7.2 7.2 7.2 7.3 20 9.9 24.9 6.9 6.9 16.7 28.3 5.2 12.2
-9999 -9999 -9999 -9999 -9999 -9999 -9999 -9999 -9999 -9999 -9999 -9999 -9999 -9999 -9999 -9999 -9999 -9999 -9999 -9999 -9999 -9999 -9999 -9999 -9999 -9999 -9999 -9999 -9999 6.8 6.9 30.3 6.6 6.5 1.2 6.7 7.7 30.6 3.6 7.2 6.2 6.6 6.1 6.5 30.5 9.1 7.2 6.1 9 6.1 5.9 5.7 6.3 3.1 6.3 6.5 5.7 5.8 6.1 5.5 5.9 -9999 6.1 6.2 20.3 3.2 30.2 7.6 7.6 9 7.7 7.8 7.2 7.2 7.1 7.2 7.2 7.2 7.4 7.5 15.7 21.6 23.2 20 5.1 7
-9999 -9999 -9999 -9999 -9999 -9999 -9999 -9999 -9999 -9999 -9999 -9999 -9999 -9999 -9999 -9999 -9999 -9999 -9999 -9999 -9999 -9999 -9999 -9999 -9999 -9999 -9999 -9999 7.2 7.1 6.9 7 6.7 6.6 6.5 6.7 6.6 6.5 6.2 6.3 30.2 5.7 6 6.2 6.2 3.5 13.3 5.7 6.1 6.1 6.3 6.1 6.3 6.4 28.8 6.2 6.5 5.9 5.7 6.1 6 9 6 5.9 -9999 6.7 14.2 7.7 3.2 9.1 7.7 10.4 7.7 7.3 7.1 7.2 7.2 6.1 8.6 7.2 3.2 3.2 9.2 19.6 9.1 21.7
-9999 -9999 -9999 -9999 -9999 -9999 -9999 -9999 -9999 -9999 -9999 -9999 -9999 -9999 -9999 -9999 -9999 -9999 -9999 -9999 -9999 -9999 -9999 -9999 -9999 -9999 -9999 7.1 7 6.9 6.9 6.8 5.8 7.1 6.5 5.2 15.1 6.6 5.8 5.8 5.9 30.4 6 5.7 6.1 5.2 5.5 6.3 6.3 24.1 6.4 6.2 6.3 6.3 3.9 6.3 6.4 6.3 12.6 6 14 7.2 6.1 6 7.1 5.8 5.1 7.6 7.6 1.1 3.8 8.2 3.6 7.7 10.2 12.9 7.5 7.1 3 5.7 5.8 30.2 7.1 5.6 9.8 7.7
-9999 -9999 -9999 -9999 -9999 -9999 -9999 -9999 -9999 -9999 -9999 -9999 -9999 -9999 -9999 -9999 -9999 -9999 -9999 -9999 -9999 -9999 -9999 -9999 -9999 -9999 15.7 9.7 6.2 6.2 12.3 6.8 5.9 5.9 6.6 6.7 6.9 6.9 6.1 6.1 9.6 6 5 7.6 15.3 12.8 5.9 6.3 6.3 6.2 3.2 6.1 6.5 6.2 1.1 6.6 1.4 6.2 6.1 5.7 6 21.8 5.8 9 7 7.1 7 6.8 14.8 3.1 9.9 10.4 7.5 7.6 7.8 7.5 7.6 7.1 19.8 7 11.9 5.7 7.6 3.2 7.1 12.7
-9999 -9999 -9999 -9999 -9999 -9999 -9999 -9999 -9999 -9999 -9999 -9999 -9999 -9999 -9999 -9999 -9999 -9999 -9999 -9999 -9999 -9999 -9999 -9999 -9999 6.1 6.1 6.5 5.9 6 6.9 7 5.8 6.1 5.9 6.8 7 5.9 5.7 5.8 5.8 5.8 7 15.2 3.5 29.6 30.2 6.1 6.1 6.2 6.6 6.3 6.1 6.3 1.4 16.7 5.2 5.4 5.3 5.1 5.2 5.6 7 7 5.8 5.8 6.1 9.1 8.1 3.1 30.4 14.9 24 7.6 7.6 7.5 9 7.2 7.2 6.8 7.2 30.5 17.8 3.2 8.3 5.8
-9999 -9999 -9999 -9999 -9999 -9999 -9999 -9999 -9999 -9999 -9999 -9999 -9999 -9999 -9999 -9999 -9999 -9999 -9999 -9999 -9999 -9999 -9999 -9999 -9999 6.2 6.2 6.4 6 6.2 6.1 6.1 5.9 5.9 5.9 7.9 6.7 6.8 5.7 3.6 5.9 10.2 5.8 5.1 5.2 27.7 5.2 6.2 5.1 7.2 6.4 5.3 6.2 26.9 10.8 5.5 5.4 5.7 5.1 5.1 5.3 5 7 5.9 5.9 5.9 6 5.8 5.9 9 6.9 7.4 7.5 7.2 8.1 5.8 14.2 9.9 3.1 7.1 3.1 5.6 3.1 5.1 3.1 30.1
-9999 -9999 -9999 -9999 -9999 -9999 -9999 -9999 -9999 -9999 -9999 -9999 -9999 -9999 -9999 -9999 -9999 -9999 -9999 -9999 -9999 -9999 -9999 -9999 5.9 6 6.4 6.3 6.2 6 6.1 6 5.9 6.2 6.4 6.5 6.5 6.8 6.8 6.1 5.7 5.8 5 1.1 13.3 5.3 30.3 5.7 3 6.1 30.3 3.7 14.3 6.1 30.3 5.6 5.2 6.2 5.2 5.2 5.2 4.9 5.1 5.8 8.6 5.7 6 5.9 6 6.9 6.9 7 30.3 3 7.1 7.3 30.1 7.1 3.2 6.8 5.6 3 7.6 5.3 3 5
-9999 -9999 -9999 -9999 -9999 -9999 -9999 -9999 -9999 -9999 -9999 -9999 -9999 -9999 -9999 -9999 -9999 -9999 -9999 -9999 -9999 -9999 -9999 6.1 6.2 6.3 6.2 6 6.2 6 6 6.1 6 5.8 12.1 6.7 6.7 6.7 14.3 6 5.8 15.2 30.2 9.8 11.8 5.8 7.8 26.6 1 6.1 6.6 3.1 30 5.8 30.4 5.7 30.4 5.7 5.9 5.4 5.3 5.1 5 1.1 4.9 5 5.6 5.8 5.9 5.9 6 14 7.3 7.2 7.3 7.2 5.6 7.3 18.2 1.1 3 5.7 5.3 5.2 5.2 17.7
-9999 -9999 -9999 -9999 -9999 -9999 -9999 -9999 -9999 -9999 -9999 -9999 -9999 -9999 -9999 -9999 -9999 -9999 -9999 -9999 -9999 -9999 -9999 6.3 13.7 6.7 6.4 6.1 5.6 5.7 6.1 5.7 5.6 5.9 6.8 6.8 6.5 6.6 6.7 5.8 5.1 5.3 30.3 16.7 8.8 30.2 5.8 30.3 6.2 6.4 6.6 6 5.9 6 8 5.7 5.6 5.4 6.1 5.4 9.4 3 4.9 4.9 5.6 5.5 5 5.8 6 5.8 6 30.2 7.3 7.3 7.2 7.2 7.5 30.4 3.1 5.6 15.8 5.2 5.6 5.1 7 5
-9999 -9999 -9999 -9999 -9999 -9999 -9999 -9999 -9999 -9999 -9999 -9999 -9999 -9999 -9999 -9999 -9999 -9999 -9999 -9999 -9999 -9999 6 15.7 30.3 3.2 3.1 1.3 6.2 10.8 5.9 5.7 5.5 5.7 6.8 6.6 6.6 14.1 9.1 6 5.9 5.9 5.9 5.9 8.1 6.5 6.5 5.7 6.4 6.7 3.6 5.8 5 6 3.3 6.3 5.7 6.3 6 5.1 5.3 5.6 1 5.5 5.6 5.5 5 5.8 6.1 5.9 5.9 30.2 6.6 7.3 8.4 10.9 7.4 7.2 6.7 5.6 3.1 5.7 3 3.1 5 3.1
-9999 -9999 -9999 -9999 -9999 -9999 -9999 -9999 -9999 -9999 -9999 -9999 -9999 -9999 -9999 -9999 -9999 -9999 -9999 -9999 -9999 -9999 6.1 30.2 6.5 5.8 30.6 1.4 1.1 6 6.1 6.1 6.1 5.9 3.2 6.8 6.8 30.3 21.8 5.1 3 5.8 5.8 5.8 5 6.4 1.1 3 6.1 6.4 6.5 6.4 6 6.4 27.6 6.8 5.5 5.3 5.9 5.2 5.4 3 3.1 5.7 5.6 4.6 4.7 5.5 5.8 5.5 5.7 9.8 7.3 7.1 13.6 5.8 8.3 7.2 6.5 5 6.5 5.1 3 3 3.6 5.2
-9999 -9999 -9999 -9999 -9999 -9999 -9999 -9999 -9999 -9999 -9999 -9999 -9999 -9999 -9999 -9999 -9999 -9999 -9999 -9999 -9999 -9999 -9999 6.2 6.4 13.8 20.9 30.4 8.7 3.2 6.7 6.3 5.9 5.9 12.7 14.2 6.6 9.3 5.9 7 5.8 5.9 3.1 3 5.7 9.8 5.8 6.4 6.4 6.5 6.4 6.3 6.5 6.5 7 3.1 6.7 5.5 5.5 5.2 5.7 5.8 9 5.3 5.3 4.6 4.7 5.7 5.5 5.6 9.1 7.2 7.3 7.2 7.3 8.1 8.1 9.1 5.7 3.2 3 6.4 3.1 3 10.2 30.2
-9999 -9999 -9999 -9999 -9999 -9999 -9999 -9999 -9999 -9999 -9999 -9999 -9999 -9999 -9999 -9999 -9999 -9999 -9999 -9999 -9999 -9999 -9999 13 6 1.3 1.1 6 6 5.1 6.1 6.4 6.4 6.3 6 5.6 9.1 12.9 15.7 5.1 3.1 3.2 6.2 3 1 6.1 5.9 6.4 3 6.9 3.7 7.1 6.4 6 6.7 6.8 6.4 6.6 5.3 6 5.5 5.9 5.8 5.6 5.6 5 4.9 5.9 5.8 5.9 5.8 7.3 7.6 7.6 7.5 7.4 8.2 3 8.2 5.6 5.1 5.1 5.1 5.7 3.1 7
-9999 -9999 -9999 -9999 -9999 -9999 -9999 -9999 -9999 -9999 -9999 -9999 -9999 -9999 -9999 -9999 -9999 -9999 -9999 -9999 -9999 5.6 5.7 5.5 5.5 6.2 5.9 6 6 6.1 6 5.9 5.9 6.4 6.5 1.1 8.2 19.4 7.2 5.8 6.1 6.5 3.1 1 3 6.5 6.4 6.4 6.1 6.2 6 5.9 6.1 9.1 6.2 6.6 11.7 6.4 5.4 6 5.8 5.7 5.5 5.6 5.5 4.9 5.2 6.1 5.8 7.5 5.7 7.5 7.4 7.5 10 7.5 7.3 8.2 3.2 5 9.6 5.3 3.3 3.1 6.7 20.2
-9999 -9999 -9999 -9999 -9999 -9999 -9999 -9999 -9999 -9999 -9999 -9999 -9999 -9999 -9999 -9999 -9999 -9999 -9999 30.4 8.9 5.6 5.8 7 3.1 1.1 12.1 6.1 6 3 6.1 5.9 5.9 5.9 6 3 8.9 5.7 6.5 6.2 3.7 6.3 5.8 3 9.1 6 6.2 5.4 5.2 5.5 5.7 5.8 5.8 5.9 14.3 6.1 6.5 5.7 5.3 6.2 6 5.4 5.5 5.4 4.9 5.1 5.1 7.7 7 7.4 7.5 7.6 7.6 7.8 7.4 12.4 7.6 7.5 30.1 9.7 5.6 3.1 5.1 12.8 6.7 6.9
-9999 -9999 -9999 -9999 -9999 -9999 -9999 -9999 -9999 -9999 -9999 -9999 -9999 -9999 -9999 -9999 -9999 -9999 -9999 13.3 18.1 30.1 5.7 5.4 5.6 5.4 1 5.6 1 5.9 6 6.8 6.7 6.7 5.6 5.9 16.7 6 4.9 5.7 14.2 30.2 5.2 5.2 5.8 5.9 5.6 5.4 5.2 5.4 5.3 30.2 6.2 6.3 6.1 5.9 5.9 5.1 5.3 6 6.1 5.4 5.5 5.4 5 5.1 5.7 5.8 5.8 12.7 7.5 7.4 7.4 7.6 7.4 7.4 9.9 30.2 30.2 8.3 19.8 6.3 5 5 6.8 6.7
-9999 -9999 -9999 -9999 -9999 -9999 -9999 -9999 -9999 -9999 -9999 -9999 -9999 -9999 -9999 -9999 -9999 -9999 6.1 5.6 5.5 5.6 5.4 5.7 8.3 5.4 7.7 5.4 5.3 5.2 5.9 5.9 20.6 6.6 6.7 6.7 6.9 6 1 1.2 5.4 8.4 30.4 5.4 5.3 5.4 5.5 5.3 5.2 5.4 5.4 5.7 6.3 3.1 3.1 5.8 6 4.7 5 5.4 5.4 5.8 5.4 5.6 4.9 5 5.6 5.7 6.1 10.2 6.4 7.5 9.9 5.9 5.7 5.7 12.4 6.1 7.4 7.3 7.2 5.1 8.1 5.1 10.4 6.7
