Outfile_3.asc
NCOLS 201
NROWS 151
XLLCORNER 730592.938286
YLLCORNER 2561222.529137
CELLSIZE 145.176046
NODATA_VALUE NaN
[rows 102 to 135 of 151, columns 76 to 151 of 201]
7 7 4.8333333333 7 5.178511354 7.3 7.3 7 7 NaN NaN NaN NaN NaN 5.7 4.25 4.25 3.95 3.95 3.95 6.2 6.2 6.2 6.5 6.5 6.2 5.9 6.5 6.5 6.2 5.6 5.6 5.6 9.1 6.2 5.6 6.2 5.3681050248 4.8084518793 4 NaN NaN NaN NaN NaN NaN 1.5810980619 1.6969842853 2.1666666667 4.298142394 4.9023689097 4.3333333333 5.2222222222 5 5 4 4.2328101159 7.3384487607 7.6537203881 4.3333333333 1.8333333333 7.3901371761 5.4 7.1 7.2 7.2 5 7.2 7.2 7.2 8 9 7.1 6.3 9.2 6.3
5 4 7.3 8.3333333333 7.3 7 7 7 7 7.3 4 NaN NaN NaN NaN 6 4.25 4.25 3.95 3.95 3.95 NaN NaN NaN NaN 4 6.2 6.2 6.2 6.2 5.6 NaN NaN 6.2 6.2 6.2 5.6 7.3703703704 6.5 6.2 NaN NaN NaN NaN NaN 5.7 1.9904286252 2.2659351537 3.3333333333 6.8284270273 1.917127024 4.5376787265 5.2202728564 5 4 4 4.2063281674 4.2923526966 4.4969040394 2.6666666667 6.5 6.5 7.3192754236 5.2 7 4 7.2 7 6.3 9 9.2 9 6.3 7.15 6.3 6.3
7 4.6666666667 4.5716618094 7.3 7 7 7.3 7.3 7.3 7.3 7.3 7.3 6.2 NaN NaN NaN NaN 6.3 4.25 3.95 6.2 NaN NaN NaN NaN 5.6 6.2 NaN 5.6 5.6 5.6 NaN NaN 5.6 5.6 5.6 6.2 7.3703703704 4.8333333333 12.3333333333 5.7 NaN NaN NaN NaN 5.7 5.7 4.8333333333 4 8.5 5.7467825041 4.4952995056 5.2013740557 4 4 4 4 4.2564102564 4.3901371761 4.8333333333 7.3333333333 1.6537203881 6.3 6.3 5.2 4 6.3 6.3 6.35 9.1 9.15 9.1 6.3 6.3 9 6.3
4.3681050248 7.3 7.3 4.303030303 7 9.2635231517 7.3 7.3 7.3 7.3 7.3 7.3 NaN 6.2 NaN NaN NaN NaN NaN NaN NaN NaN NaN NaN NaN 6.2 NaN NaN NaN NaN NaN NaN NaN NaN 6.5 5 7.2380952381 6.5 8.0622676031 10.5708234805 7.7743996038 5.7 2.49071197 4.3333333333 5.49071197 6.1534349239 8.0051154274 5.2559224131 4.8333333333 6.4450799339 4.7137183223 5.4681474842 4 4 4 4 6.5 6.5 6.5 4.61898463 4.3333333333 6.3 6.3 6.3 5.5 5.5 6.3 6.3 6.3 9 5 5 9.1 6.1 9.2067245426 6.9
7.3 7.3 7.3 7.3 7.3 7.3 7.3 7.3 7.3 7.3 7.3 7 7 6.5 6.5 6.2 NaN NaN NaN NaN NaN NaN NaN NaN 5.6 6.2 NaN NaN NaN NaN NaN NaN NaN NaN 6.5 6.5 6.5 7.6322617446 8.1717820941 10.7014383581 5.7 7.6047871587 4 4.9245006541 5.547996552 4.6581491326 5.6520285504 4.9101105702 7.7037037037 2.4348730697 5.6644313952 4.2564102564 4 4 4 4 6.5 4.2063281674 6.5 1.4969040394 8.49071197 10.6666666667 6.3 6.3 7.2188440482 5.5 6.3 7 6.3 5.2202728564 5.2450715499 5.2564102564 6.15 6.1 4.273998276 9.273998276
7.3 7.3 9.2 7.3 7.3 7.3 7.3 7.3 7.3 7.3 7.3 7.3 7.3 6.5 6.5 6.5 7 NaN NaN NaN NaN NaN NaN 5.4 5.6 NaN NaN NaN NaN NaN NaN NaN NaN NaN 6.5 6.5 9.4670295079 6.5 6.5 11.1417852127 3.8192725435 5.8002041892 4.9600747221 4.4714045971 5.9 5.273998276 4.5033108961 4.7844898253 7.5714285714 5.7149362158 5.9 4.2768182948 5.2067245426 4 5 5 6.5 6.5 6.5 4.3901371761 7.8333333333 12.3333333333 9.8084518793 5.5 6.3 6.3 5.5 5.3 6.1 9.3268601941 9.3726779369 6.1 6.1 9.4166666667 7.4578685395 9.4578685395
7.3 7.3 7.3 9 4 7 7.3 7.3 7.3 7.3 7.3 7.3 7.3 6.5 6.5 6.5 7 NaN NaN NaN NaN NaN NaN NaN NaN NaN NaN NaN NaN NaN NaN NaN NaN 4 5.7 5 5.4755853852 9.7384753952 10.6417852127 14.6903557635 5.7 4.9983456956 4.6145671951 5.298142394 6.2 6.2 5.2768182948 5.4714045971 5.49071197 12.3333333333 5.9 4.3615508071 5.2484520197 5 5 6.55 6.5 6.5 1.2242242458 6.3 6.3 10.3333333333 8.6954770164 6.3 5.5 4.3513641714 5.5 5.3 6.1 5.61898463 7.7453558739 6.1111111111 8.1111111111 6.1 10.178511354 10.178511354
7.3 7.3 7.3 7.3 7.3 4 7 7 7.3 7.3 4 7.3 7.3 6.5 6.5 NaN 7.3 7.1 NaN NaN NaN NaN NaN NaN NaN NaN NaN NaN NaN NaN NaN NaN NaN NaN 5.7 4 5.7 5.7 8.12891678 4.547996552 5.7 4.6786681507 6.7 7.2183739396 6.2 6.2 6.5 6.5 4.6666666667 6.3570224301 5.49071197 4.5205792798 4.3094922192 5.2222222222 5.05 9 6.5 6.3 1.2013740557 6.3 6.3 8.4235829038 12.62568603 6.3 6.3 5.5 5.3 5.3 6.6666666667 8.3333333333 5 9.3570224301 10.6666666667 6.1 10.6666666667 5.8
NaN NaN NaN 4 7.3 7 7 7 7 7 7.3 7.3 7.3 6.5 6 NaN NaN NaN NaN NaN NaN NaN NaN NaN NaN NaN NaN NaN NaN NaN NaN NaN NaN NaN NaN NaN NaN 5.7 5.7 6.5 5.7 5.7 9.2380952381 7 6.2 6.2 4.2108185325 6.5 6.5 5.8084518793 4 4.8084518793 4.4134491708 7.2635231517 5 5.05 6.35 6.3 6.3 6.3 6.3 6.3 6.3 6.3 6.3 6.3 6.3 5.3 10.1111111111 9.8333333333 5.3 6.1 9.4761904762 7.4761904762 7.4761904762 6
NaN NaN NaN NaN NaN 7 7 7 7 7 7 7 7 NaN NaN NaN NaN NaN NaN 5.05 NaN NaN NaN NaN NaN NaN 6.6 6.6 NaN NaN NaN NaN NaN NaN NaN NaN NaN 5.7 5.7 6.5 5.7 5.7 5.9 6.4 4 5.9 5.9 5.9 6.2 4.4969040394 5.49071197 6.6666666667 7.4761904762 5.2777777778 6.5 6.3 7 6.3 6.3 4.2188440482 9.586310514 6.3 6.3 10.49071197 11.1380712638 5.1101516281 4.5716618094 9.4761904762 6.1 6.1 9.3384487607 9.3094922192 9.2777777778 6.3 6.3 9.3017858479
NaN NaN NaN NaN NaN NaN NaN 7 7 7 7 7 NaN 7 NaN NaN 7 NaN 4.55 4.75 NaN NaN NaN NaN NaN 6.6 6.6 6.6 NaN NaN NaN NaN NaN NaN NaN NaN NaN 5.7 1.5555555556 5.7 5.7 5.9 5.9 5.9 6.1 5.9 5.9 5 5.9 4.4166666667 6.1111111111 7.3570224301 5.547996552 4.3681050248 5.3081667897 4.2477647286 4 6.3 6.3 6.3 6.3 6.3 10.5941262079 9.9245006541 6.3 6.3 7.3237619586 7.2777777778 9.2635231517 9.2450715499 6.3 5.5 5.55 6.3 6.3 9.2079276146
NaN NaN NaN NaN NaN NaN NaN NaN NaN NaN NaN 6.8 7 6.7 7 4.75 NaN NaN 4.75 5.05 5.05 5.05 7 NaN 6.8 6.6 6.4 6.4 6.4 NaN NaN NaN NaN NaN NaN NaN NaN 5.7 4.5555555556 5.7 5.7 5.9 5.9 5.9 5.9 5 6.7 9.1 5.2635231517 7.3726779369 7.8333333333 7.3333333333 4.6666666667 7.6537203881 7.4267895821 7.298142394 9.2108185325 6.3 7 4 1.4710636516 6.3 8.0091218061 4.7375594364 6.3 6.3 7.2694840324 5.9 5.5 5.5 5.5 5.5 5.5 9.1 5.5 9.1
NaN NaN NaN NaN NaN NaN NaN NaN NaN NaN NaN NaN 6.5 6.8 6.8 4.55 NaN 4.75 4.75 4.75 4.75 4.75 7 7 6.85 6.6 6.4 6.4 6.4 6.4 NaN NaN NaN NaN NaN NaN NaN NaN NaN NaN NaN NaN NaN 5.9 5.9 9 6.7 5 9.24984391 9.3513641714 7.6666666667 5 7 12.3333333333 6.3 9.3333333333 6.3 7.1 7.1 6.3 6.3 9.5165163336 6.3 6.3 6.3 5.9 4.3192754236 4.2188440482 5.9 5.9 5.5 5.55 9.1 5.5 9 9.1
NaN NaN NaN NaN NaN NaN NaN NaN 6.5 6.5 6.5 6.5 6.5 6.8 6.8 4.55 4.75 4.75 4.75 4.55 4.55 4.55 4.55 4.1 7.45 6.4 6.4 6.4 6.4 6.4 NaN NaN NaN NaN NaN NaN NaN NaN NaN NaN NaN NaN NaN NaN 6.7 5 6.7 9.3 5.2289342698 6.5 9.5205792798 6.3 6.3 12.3333333333 5.6537203881 6.3 6.3 9 7.1 7.1 6.3 9.2564102564 6.3 4.6666666667 9 9.8584518793 9.3901371761 5.9 9.2067245426 5.9 7 7 5.5 5.5 5.5 9.05
NaN NaN NaN NaN NaN NaN NaN NaN 6.5 4 6.8 6.8 6.8 6.8 6.8 4.55 4.55 4.55 4.85 4.85 4.85 4.85 4.7 4.1 7.45 6.4 4 5.6 5.6 5 NaN NaN NaN NaN NaN NaN NaN NaN NaN NaN NaN NaN NaN 6.7 6.7 5 6.7 9 9.2002805931 6.5 6.5 1.3703703704 9.61898463 12.3333333333 6.3 7.1 7.1 7.1 7.15 9.1 6.3 9.2242242458 6.3 6.3 6.3 10.6666666667 9.5716618094 5.9 7.2484520197 7 7 9 5.55 5.5 5.5 7
NaN NaN NaN NaN NaN NaN NaN NaN 6.8 6.8 6.8 6.8 6.8 6.8 4.55 4.55 4.55 3.65 4.85 4.85 4.85 4.7 4.1 6.35 6.4 5 5.6 5.6 5.6 NaN NaN NaN NaN NaN NaN NaN NaN NaN NaN NaN NaN NaN NaN 6.7 6.7 6.7 6.7 6.7 6.7 6.7 6.7 6.5 9.4622501134 10.178511354 12.3333333333 6.3 9.3333333333 4.2222222222 7.1 9.1 7.15 6.3 6.3 6.3 6.3 10.3333333333 6.3 5.9 7.3094922192 5.9 7 5.9 6.7 9 9 5.55
NaN NaN NaN NaN NaN NaN NaN NaN 6.8 6.8 6.8 6.8 6.8 4.6 4.55 4.25 4.55 4.55 4.55 5 4.7 4.1 4.1 6.45 5 5.4 5.6 5.6 5.6 NaN NaN NaN NaN NaN NaN NaN NaN NaN NaN NaN NaN NaN NaN NaN 9.1 6.8 6.7 6.7 6.4 6.4 6.7 6.5 9.3703703704 9.8333333333 6.3 4.6666666667 7.1 7.1 4 9.2 9 6.3 9.2108185325 6.3 6.3 6.3 12.3333333333 1.6666666667 5.9 7.2660289775 6.7 5.9 6.7 6.7 6.75 9
NaN NaN NaN NaN NaN NaN NaN NaN 4.55 4.25 4.55 4.55 4.6 9.1 9.1 4.55 4.55 4.7 4.7 4.7 4.1 4.7 5 6.45 5.4 5.4 5.4 NaN NaN NaN NaN NaN NaN NaN NaN NaN NaN NaN NaN NaN NaN NaN NaN NaN NaN NaN 6.4 6.4 6.4 6.4 7 9.2380952381 9.3703703704 9.8333333333 6.3 6.3 9.3615508071 9.235702243 7.1 7.1 5 6.3 6.3 7.2450715499 6.3 6.3 12.3333333333 10.178511354 5.9 5.9 6.7 6.7 6.7 6.7 9 6.7
NaN NaN NaN NaN NaN NaN NaN 4.85 4.85 4.25 4.25 4.55 4.7 4.7 4.7 4.7 4.7 4.7 4.7 4.7 4.7 4.4 4.4 4.7 5.4 5.4 5.6 NaN NaN NaN NaN NaN NaN NaN NaN NaN NaN NaN NaN NaN NaN NaN NaN NaN NaN NaN NaN NaN 6.4 9 6.4 4.2374901471 9.3681050248 9.8084518793 9.1 6.3 6.3 6.3 7.1 7.1 7.1 9 5.9 6.3 6.3 6.3 6.3 1 6.3 6.7 6.7 6.7 9.1 9 6.75 9
NaN NaN NaN NaN NaN NaN NaN 7.1 7.1 6.8 4.55 4 4.7 4.7 4.7 4.7 4.7 4.7 4.7 4.7 4.7 4.7 4.4 4.7 6.2 5.6 5.6 NaN NaN NaN NaN NaN NaN NaN NaN NaN NaN NaN NaN NaN NaN NaN NaN NaN NaN NaN NaN NaN 6.4 6.4 6.4 9.2635231517 7.3 9.7453558739 7.3333333333 6.178511354 9.4969040394 9.298142394 7.1 7.1 7.1 7 5.9 6.7 7.1 6.3 6.3 10.49071197 12.3333333333 4.6666666667 9.3533326691 9.2450715499 9 6.75 6.7 9.2
NaN NaN NaN NaN NaN NaN NaN 7.1 7.1 6.8 6.8 6.95 6.95 4.7 4.7 4.7 4.7 4.7 4.7 4.7 4.7 4.7 4.4 4.7 3.35 5.6 5.9 NaN NaN NaN NaN NaN NaN NaN NaN NaN NaN NaN NaN NaN NaN NaN NaN NaN NaN NaN NaN NaN 4.2108185325 9.2618913743 7 9.4134491708 6.5 9.6666666667 10.0540925512 9.1 6.3 9.3615508071 9.235702243 7.1 7.1 7 6.3 7.1 7.1 7.1 7.1 7.1 7.1 7.1 6.7 6.7 6.7 6.7 6.7 6.7
NaN NaN NaN NaN NaN NaN NaN 7.1 7.1 6.8 6.95 6.95 6.95 4.7 4.7 4.7 4.7 4.7 4.7 4.7 4.7 4.4 4.7 4.4 3.35 3.65 5.9 5.9 NaN NaN NaN NaN NaN NaN NaN NaN NaN NaN NaN NaN NaN NaN NaN NaN NaN NaN NaN NaN NaN 7 7 7 7.3 7.3 6.3 10.6666666667 6.3 9.3615508071 7.1 7.1 7.1 6.3 7 6.3 7 7.1 7.1 7.1 7.1 9 9.8084518793 9.3928371643 6.7 6.7 9 6.7
NaN NaN NaN NaN NaN NaN NaN NaN 7.1 6.95 6.95 6.05 4.7 4.7 4.7 4.7 4.7 4.7 4 4.7 4.7 4.7 4.7 4.7 3.65 3.65 5.9 5.9 NaN NaN NaN NaN NaN NaN NaN NaN NaN NaN NaN NaN NaN NaN NaN NaN NaN NaN NaN NaN NaN NaN 7 7 7.3 9.8084518793 7.3 6.3 6.3 9.3423526966 7.1 7.1 7.1 7.1 7.1 7.1 7.1 7.1 7.1 7.1 7.1 7.1 11.3570224301 6.7 9.3333333333 9.2345325216 6.7 6.7
NaN NaN NaN NaN NaN NaN NaN NaN NaN NaN 6.95 6.95 4.7 4.7 4.7 4.7 4.7 4.7 9.1 4.7 4.7 4.7 4.7 4.7 3.65 3.65 3.65 NaN NaN NaN NaN NaN NaN NaN NaN NaN NaN NaN NaN NaN NaN NaN NaN NaN NaN NaN NaN NaN NaN NaN 5.9590193633 7 7.3 7.3 7.3 7.1 9.2635231517 9.2222222222 9.1 7.1 7.1 7.1 7.1 7.1 7.1 7.1 7.1 7.1 9.3726779369 9.6666666667 7.1 7.1 6.7 6.7 6.7 6.7
NaN NaN NaN NaN NaN NaN NaN NaN NaN NaN NaN NaN 4.7 4.7 4.7 4.7 4.7 4.7 4 4.7 NaN NaN NaN NaN NaN NaN NaN NaN NaN NaN NaN NaN NaN NaN NaN NaN NaN NaN NaN NaN NaN NaN NaN NaN NaN NaN NaN NaN NaN NaN 9.4969040394 7.3 7.3 7.3 7.3 9.2202728564 9.2021130107 9 7.15 7.1 7.1 7.1 7.1 9 7.1 7.1 7.1 7.1 7.1 6.3 6.3 7.1 7.1 5.9 9.2399385949 6.75
NaN NaN NaN NaN NaN NaN NaN NaN NaN NaN NaN NaN NaN 4.7 4 4.7 4.7 4.7 4.7 NaN NaN NaN NaN NaN NaN NaN NaN NaN NaN NaN NaN NaN NaN NaN NaN NaN NaN NaN NaN NaN NaN NaN NaN NaN NaN NaN NaN NaN NaN NaN 7 7.3 7.3 7.3 7.3 7.3 6.35 6.3 7.1 7.1 7.15 9.2 7.1 7.1 7.1 7.1 7.1 7.1 7.1 7.1 9.61898463 6.3 6.178511354 5.9 5.9 6.7
NaN NaN NaN NaN NaN NaN NaN NaN NaN NaN NaN NaN NaN 4.7 4.7 4.7 4.7 NaN NaN NaN NaN NaN NaN NaN NaN NaN NaN NaN NaN NaN NaN NaN NaN NaN NaN NaN NaN NaN NaN NaN NaN NaN NaN NaN NaN NaN NaN NaN NaN NaN NaN NaN NaN 7.3 7.3 7.3 7.3 9.2 9 7.1 7.1 9 7.1 7.1 7.1 7.1 7.1 7.1 7.1 9.2758686137 7.1 6.35 9 7.7856743286 5.9 6.7
NaN NaN NaN NaN NaN NaN NaN NaN NaN NaN NaN NaN NaN 4.7 4.7 4.7 NaN NaN NaN NaN NaN NaN NaN NaN NaN NaN NaN NaN NaN NaN NaN NaN NaN NaN NaN NaN NaN NaN NaN NaN NaN NaN NaN NaN NaN NaN NaN NaN NaN NaN NaN 7.3 7.3 6.5 6.5 9 9.15 9 7.1 9.1 7.2 7.15 7.15 7.1 7.1 7.1 9 7.1 7.1 7.1 7.1 7.1 7.1 11.3570224301 9.61898463 6.7
NaN NaN NaN NaN NaN NaN NaN NaN NaN NaN NaN NaN NaN NaN NaN NaN NaN NaN NaN NaN NaN NaN NaN NaN NaN NaN NaN NaN NaN NaN NaN NaN NaN NaN NaN NaN NaN NaN NaN NaN NaN NaN NaN NaN NaN NaN NaN NaN NaN NaN NaN 7.3 7.3 9 6.5 9.1 7.3 9 7.1 7.2 9.1 9.1 7.1 7.1 7.1 7.1 7.1 7.1 7.1 7.1 7.1 7.1 9.6666666667 7.1 7.1 7.1
NaN NaN NaN NaN NaN NaN NaN NaN NaN NaN NaN NaN NaN NaN NaN NaN NaN NaN NaN NaN NaN NaN NaN NaN NaN NaN NaN NaN NaN NaN NaN NaN NaN NaN NaN NaN NaN NaN NaN NaN NaN NaN NaN NaN NaN NaN NaN NaN NaN NaN NaN NaN NaN NaN NaN NaN NaN NaN NaN NaN NaN 7.1 7.1 7.1 7.1 7.1 7.1 7.1 7.1 7.1 7.1 7.1 9.4267895821 7.8084518793 7.1 7.1
NaN NaN NaN NaN NaN NaN NaN NaN NaN NaN NaN NaN NaN NaN NaN NaN NaN NaN NaN NaN NaN NaN NaN NaN NaN NaN NaN NaN NaN NaN NaN NaN NaN NaN NaN NaN NaN NaN NaN NaN NaN NaN NaN NaN NaN NaN NaN NaN NaN NaN NaN NaN NaN NaN NaN NaN NaN NaN NaN NaN NaN NaN NaN 7.1 7.1 7.1 9.1 7.1 7.1 7.1 7.1 7.1 7.1 7.1 7.1 12.3333333333
NaN NaN NaN NaN NaN NaN NaN NaN NaN NaN NaN NaN NaN NaN NaN NaN NaN NaN NaN NaN NaN NaN NaN NaN NaN NaN NaN NaN NaN NaN NaN NaN NaN NaN NaN NaN NaN NaN NaN NaN NaN NaN NaN NaN NaN NaN NaN NaN NaN NaN NaN NaN NaN NaN NaN NaN NaN NaN NaN NaN NaN NaN NaN NaN 9 7.1 7.1 7.1 7.1 7.1 7.3 7.3 7.3 7.3 6.5 6.5
NaN NaN NaN NaN NaN NaN NaN NaN NaN NaN NaN NaN NaN NaN NaN NaN NaN NaN NaN NaN NaN NaN NaN NaN NaN NaN NaN NaN NaN NaN NaN NaN NaN NaN NaN NaN NaN NaN NaN NaN NaN NaN NaN NaN NaN NaN NaN NaN NaN NaN NaN NaN NaN NaN NaN NaN NaN NaN NaN NaN NaN NaN NaN NaN 7.1 7.1 7.1 9.1 7.15 7.3 7.3 7.3 7.3 9.2768182948 7.3 7.6666666667
NaN NaN NaN NaN NaN NaN NaN NaN NaN NaN NaN NaN NaN NaN NaN NaN NaN NaN NaN NaN NaN NaN NaN NaN NaN NaN NaN NaN NaN NaN NaN NaN NaN NaN NaN NaN NaN NaN NaN NaN NaN NaN NaN NaN NaN NaN NaN NaN NaN NaN NaN NaN NaN NaN NaN NaN NaN NaN NaN NaN NaN NaN NaN 7.1 7.1 7.1 7.1 7.1 7.1 7.3 7.3 7.3 7.3 7.3 7.3 7.3
