Outfile_3.asc
NCOLS 201
NROWS 151
XLLCORNER 733748.947016
YLLCORNER 2561541.418206
CELLSIZE 137.483444
NODATA_VALUE NaN
[rows 0 to 39 of 151, columns 0 to 88 of 201]
NaN NaN NaN NaN NaN NaN NaN NaN NaN NaN NaN NaN NaN NaN NaN NaN NaN NaN NaN NaN NaN NaN NaN NaN NaN NaN NaN NaN NaN NaN NaN NaN NaN NaN NaN NaN NaN NaN NaN NaN 9.7 NaN NaN NaN 10.6 15.6 NaN NaN NaN NaN NaN NaN NaN NaN NaN NaN NaN NaN NaN NaN NaN NaN NaN NaN NaN NaN NaN NaN NaN NaN NaN NaN NaN NaN NaN NaN NaN NaN NaN NaN NaN NaN NaN NaN NaN NaN NaN NaN NaN
NaN NaN NaN NaN NaN NaN NaN NaN NaN NaN NaN NaN NaN NaN NaN NaN NaN NaN NaN NaN NaN NaN NaN NaN NaN NaN NaN NaN NaN NaN NaN NaN NaN NaN NaN NaN NaN NaN NaN 10.7 18.2 13.5 30.2 30.4 30.5 13.3 10.5 NaN NaN NaN NaN NaN NaN NaN NaN NaN NaN NaN NaN NaN NaN NaN NaN NaN NaN NaN NaN NaN NaN NaN NaN NaN NaN NaN NaN NaN NaN NaN NaN NaN NaN NaN NaN NaN NaN NaN NaN NaN NaN
NaN NaN NaN NaN NaN NaN NaN NaN NaN NaN NaN NaN NaN NaN NaN NaN NaN NaN NaN NaN NaN NaN NaN NaN NaN NaN NaN NaN NaN NaN NaN NaN NaN NaN NaN NaN NaN NaN NaN 30.7 13.3 18.2 10.6 20.8 10.8 30.4 10.6 8.1 8 8.2 30.3 10.8 10.8 10.8 7.9 NaN NaN NaN NaN NaN NaN NaN NaN NaN NaN NaN NaN NaN NaN NaN NaN NaN NaN NaN NaN NaN NaN NaN NaN NaN NaN NaN NaN NaN NaN NaN NaN NaN NaN
NaN NaN NaN NaN NaN NaN NaN NaN NaN NaN NaN NaN NaN NaN NaN NaN NaN NaN NaN NaN NaN NaN NaN NaN NaN NaN NaN NaN NaN NaN NaN NaN NaN NaN NaN NaN NaN NaN NaN 13.4 10.7 8.1 10.7 10.8 13.8 8.2 30.6 8.2 10.8 10.5 8 7.9 8.1 8.2 8.2 10.6 NaN NaN NaN NaN NaN NaN NaN NaN NaN NaN NaN NaN NaN NaN NaN NaN NaN 8.2 15.8 7.8 NaN NaN NaN NaN NaN NaN NaN NaN NaN NaN NaN NaN NaN
NaN NaN NaN NaN NaN NaN NaN NaN NaN NaN NaN NaN NaN NaN NaN NaN NaN NaN NaN NaN NaN NaN NaN NaN NaN NaN NaN NaN NaN NaN NaN NaN NaN NaN NaN NaN NaN 10.7 8.3 8.2 30.5 8.1 8.2 18.5 13.4 30.3 11 30.2 20.8 8 7.8 18.1 7.9 7.9 7.9 30.5 NaN NaN NaN NaN NaN NaN NaN NaN NaN NaN NaN NaN NaN NaN NaN NaN 13.2 8.1 8.3 8.1 NaN NaN NaN NaN NaN NaN NaN NaN NaN NaN NaN NaN NaN
NaN NaN NaN NaN NaN NaN NaN NaN NaN NaN NaN NaN NaN NaN NaN NaN NaN NaN NaN NaN NaN NaN NaN NaN NaN NaN NaN NaN NaN NaN NaN NaN NaN NaN NaN NaN NaN 10.5 8.3 8.2 13.3 18.3 8.3 8.3 28.3 13.3 25.9 16.1 8.2 7 7.2 7.2 8.1 8.1 7.3 8.3 NaN NaN NaN NaN NaN NaN NaN NaN NaN NaN NaN NaN NaN 10.5 8.1 8.2 10.8 30.3 7.9 8.2 7.9 NaN NaN NaN NaN NaN NaN NaN NaN NaN NaN NaN NaN
NaN NaN NaN NaN NaN NaN NaN NaN NaN NaN NaN NaN NaN NaN NaN NaN NaN NaN NaN NaN NaN NaN NaN NaN NaN NaN NaN NaN NaN NaN NaN NaN NaN NaN NaN NaN NaN 8 10.8 7.9 10.6 18.4 8.2 8.2 8.1 8.2 10.6 30.6 9.9 15.1 30.3 7.2 7.1 8.2 10.7 10.7 NaN NaN NaN NaN NaN NaN NaN NaN NaN NaN NaN 8.1 8.6 8 30.4 16.2 8.1 7.9 7.8 8.1 25.6 NaN NaN NaN NaN NaN NaN NaN NaN NaN NaN NaN NaN
NaN NaN NaN NaN NaN NaN NaN NaN NaN NaN NaN NaN NaN NaN NaN NaN NaN NaN NaN NaN NaN NaN NaN NaN NaN NaN NaN NaN NaN NaN NaN NaN NaN NaN NaN NaN NaN 10.7 8.1 10.6 15.7 8 11 10.7 15.9 13.3 15.2 7.5 30.3 9.7 14.9 7.6 6.6 6.6 13.1 8.2 NaN NaN NaN NaN NaN NaN NaN NaN NaN NaN 8.2 8.2 22.7 13.4 8.5 31 20.7 8.2 8.1 25.7 8 NaN NaN NaN NaN NaN NaN NaN NaN NaN NaN NaN NaN
NaN NaN NaN NaN NaN NaN NaN NaN NaN NaN NaN NaN NaN NaN NaN NaN NaN NaN NaN NaN NaN NaN NaN NaN NaN NaN NaN NaN NaN NaN NaN NaN NaN NaN NaN NaN NaN 13.4 8.2 8 8 7.9 8.2 10.7 30.3 12.5 7.3 7.4 7.5 30.6 7.1 7 30.6 6.5 7.4 NaN NaN NaN NaN NaN NaN NaN NaN NaN NaN 10.6 20.7 8.3 18.5 10.9 30.5 10.6 10.5 8 7.9 8 7.9 3.1 NaN NaN NaN NaN NaN NaN NaN NaN NaN NaN NaN
NaN NaN NaN NaN NaN NaN NaN NaN NaN NaN NaN NaN NaN NaN NaN NaN NaN NaN NaN NaN NaN NaN NaN NaN NaN NaN NaN NaN NaN NaN NaN NaN NaN NaN NaN NaN 13.2 8.4 8.2 7.9 8 10.6 8.3 7.1 7.2 7.3 9.9 10 7.5 7.3 9.8 7.1 6.5 6.7 6.5 7.3 NaN NaN NaN NaN NaN NaN NaN NaN NaN 10.8 8.1 30.5 10.8 10.6 26 30.5 8.1 7.9 20.6 8 7.9 8 NaN NaN NaN NaN NaN NaN NaN NaN NaN NaN NaN
NaN NaN NaN NaN NaN NaN NaN NaN NaN NaN NaN NaN NaN NaN NaN NaN NaN NaN NaN NaN NaN NaN NaN NaN NaN NaN NaN NaN NaN NaN NaN NaN NaN NaN NaN 10.6 8.3 30.9 8.1 8 8 8 9.8 7 7.4 7.4 7.1 12.9 14.7 7.5 9.6 7.3 7.1 6.4 6.5 6.9 NaN NaN NaN NaN NaN NaN NaN NaN 8 30.1 30.1 5.7 10.8 15.5 7.9 30.9 15.7 3 8 7.9 8.3 10.6 7.8 NaN NaN NaN NaN NaN NaN NaN NaN NaN NaN
NaN NaN NaN NaN NaN NaN NaN NaN NaN NaN NaN NaN NaN NaN NaN NaN NaN NaN NaN NaN NaN NaN NaN NaN NaN NaN NaN NaN NaN NaN NaN NaN NaN NaN NaN 15.8 15.8 8 25.9 10.6 7.9 7 7.3 7.1 14.9 22 14.7 7.3 7.1 23.5 7.3 7.4 7.1 6.3 6.4 6.5 NaN NaN NaN 9.9 7.8 30.3 8 8 25.7 30.6 7.8 8.3 7.9 12.7 7.7 7.7 8 28.2 5.8 25.4 7.8 15.7 13.1 NaN NaN NaN NaN NaN NaN NaN 5.7 7.9 NaN
NaN NaN NaN NaN NaN NaN NaN NaN NaN NaN NaN NaN NaN NaN NaN NaN NaN NaN NaN NaN NaN NaN NaN NaN NaN NaN NaN NaN NaN NaN NaN NaN NaN NaN NaN 20.8 10.6 7.8 20.8 13.4 6.8 7.2 7 6.8 7.4 6.7 6.6 6.3 7.2 7.1 30.6 9.8 14.9 7.2 5.9 6.3 6.4 NaN NaN 7.2 7.7 8.3 15.9 13.4 30.3 23.6 30.3 7.7 20.6 7.9 30.5 13.1 7.9 28 7.6 7.6 7.8 13 8.2 8.3 NaN NaN NaN NaN NaN NaN 30.4 7.9 NaN
NaN NaN NaN NaN NaN NaN NaN NaN NaN NaN NaN NaN NaN NaN NaN NaN NaN NaN NaN NaN NaN NaN NaN NaN NaN NaN NaN NaN NaN NaN NaN NaN NaN NaN 10.3 25.7 10.4 6.7 6.8 6.8 7.5 7.4 7 6.8 7.1 6.1 6.6 6.6 10.2 9.7 7.2 7.2 30.4 7.3 6.4 6.3 6.3 7 NaN 10 7.7 18.8 30.3 10.7 8.5 30.5 30.8 30.4 10.5 30.5 8.2 8.1 8 25.7 16 13 16.8 10.6 8.5 10.8 18.3 NaN NaN NaN NaN 8.3 30.5 6.1 8.7
NaN NaN NaN NaN NaN NaN NaN NaN NaN NaN NaN NaN NaN NaN NaN NaN NaN NaN NaN NaN NaN NaN NaN NaN NaN NaN NaN NaN NaN NaN NaN NaN NaN 8.2 6.9 7.2 6.9 6.7 6.6 6.9 6.9 6.8 7.1 5.7 12.5 7.1 7.2 29.3 30.2 30.2 6.9 7.6 7.3 3.4 6.6 6.4 3.1 30.1 30.2 7 7.5 7.3 30.5 8.3 30.3 8.3 10.5 30.3 7.8 7.8 7.6 10.6 10.5 7.9 8 13.2 18.3 7.9 10.7 18.4 18.4 30.5 8.4 10.5 30.6 30.5 30.6 10.9 13.2
NaN NaN NaN NaN NaN NaN NaN NaN NaN NaN NaN NaN NaN NaN NaN NaN NaN NaN NaN NaN NaN NaN NaN NaN NaN NaN NaN NaN NaN NaN NaN NaN NaN 12.4 7 7.2 9.6 6.9 3.2 6.7 6.8 6.7 3.3 30.5 6.8 7 6.8 30.7 30.4 10.8 30.5 7.4 7.5 7.2 13.4 6.5 30.1 6.5 7.5 12.4 7.5 8 8.1 8.2 15.6 20.8 7.9 12.8 20.5 22.9 10.6 8 13.4 8 7.9 23.1 12.9 15.6 7.8 7.8 15.8 8.1 10.8 8.4 8.4 30.7 8.4 8.3 8.2
NaN NaN NaN NaN NaN NaN NaN NaN NaN NaN NaN NaN NaN NaN NaN NaN NaN NaN NaN NaN NaN NaN NaN NaN NaN NaN NaN NaN NaN NaN NaN NaN NaN 12.5 7.5 25 7.1 6.9 6.7 18.4 30.7 3.4 8.1 10.9 7.3 30.7 7.5 6.4 15.4 10.6 30.6 30.5 7.4 10 30.5 30.5 3.4 30.8 6.2 7.2 30.7 8.1 30.2 23.5 30.7 8.4 8.4 7.9 8.1 15.7 7.9 30.7 8 5.2 7.9 7.9 30.2 7.8 7.8 7.9 8 7.9 8.1 30.2 30.5 7.9 3.7 8.2 7.3
NaN NaN NaN NaN NaN NaN NaN NaN NaN NaN NaN NaN NaN NaN NaN NaN NaN NaN NaN NaN NaN NaN NaN NaN NaN NaN NaN NaN NaN NaN NaN NaN 7 7.2 7 7.3 7.2 9.9 6.9 6.9 7 7.1 7.2 6.7 6.7 7.4 29.7 6.8 19.2 5.4 30.1 24.3 30.2 5.9 6.8 21 6.5 6.3 6.2 7.3 30.1 30.3 7.4 10.8 10.5 30.5 10.4 30.5 7.8 7.8 10.5 7.9 10.8 18 10.3 13 15.2 12.8 7.7 8.7 9.7 7.7 8.1 6.9 29.9 30.6 15.5 1.3 6.9
NaN NaN NaN NaN NaN NaN NaN NaN NaN NaN NaN NaN NaN NaN NaN NaN NaN NaN NaN NaN NaN NaN NaN NaN NaN NaN NaN NaN NaN NaN NaN 9.7 12.5 6.8 7.1 7 6.8 7.5 9.2 7 6.7 6.9 7.1 6.8 4 30.7 11.2 6.8 3.2 6 5.7 5.7 6.9 12.6 6.8 6.6 12.1 6.3 6.3 5.1 5.9 9.7 7 7.1 30.3 22.9 7.8 30.5 10.7 10.7 10.3 15.4 20.8 14.4 5.8 30.2 30.5 7.8 30.5 7.6 12.4 7 6.9 6.5 5.8 8.6 30.5 6.9 1.5
NaN NaN NaN NaN NaN NaN NaN NaN NaN NaN NaN NaN NaN NaN NaN NaN NaN NaN NaN NaN NaN NaN NaN NaN NaN NaN NaN NaN NaN NaN NaN 17.6 7 7 7.1 7 6.6 30.2 6.9 6.6 6.4 30.4 6.7 1.3 6.9 19.2 8.7 7 30.3 6 26.4 5.9 6.1 7.1 18.8 7 7.2 5.9 6.3 6.1 5.9 6.6 7.1 10 8 30.6 8.1 10.3 10.5 7.6 13 13.2 30.3 7.8 30.3 13.5 9.8 7.4 7.5 7.5 7.2 7.2 7 7 11.6 7.3 7.1 7.1 6.9
NaN NaN NaN NaN NaN NaN NaN NaN NaN NaN NaN NaN NaN NaN NaN NaN NaN NaN NaN NaN NaN NaN NaN NaN NaN NaN NaN NaN NaN NaN 7 10.2 7.3 7 12.2 7.1 6.9 7.1 7.2 7.5 30.2 6.9 30.5 30.4 31 17.3 10.3 3.2 7 11.7 30.4 6.4 6.7 6.8 30.8 6.1 5.9 8.4 6.2 5.8 5.7 6.1 6.9 30.5 8.1 19.6 11.5 7.7 8 10.5 10.8 25.7 8.1 7.7 9.8 7.5 7.3 7.2 10 22.7 13.6 12.6 30.4 8.3 9.4 7 7 9.6 7
NaN NaN NaN NaN NaN NaN NaN NaN NaN NaN NaN NaN NaN NaN NaN NaN NaN NaN NaN NaN NaN NaN NaN NaN NaN NaN NaN NaN NaN NaN 6.9 17.1 16 6.5 30.4 7.2 6.9 7.2 7.4 6.2 6.8 7 30.9 30.1 1.4 13.5 16.9 5.7 5.8 6.2 6 28.8 6.7 NaN 5.2 6 5.8 16.6 6.4 6.2 4.8 NaN 6.9 12.3 7.3 7.7 30.4 30.4 7.9 7.7 15.3 26.8 7.7 7.6 15 20 7.1 7.3 7.4 30.3 30.6 7.5 30.5 16 15.2 7.4 12.7 30.2 7
NaN NaN NaN NaN NaN NaN NaN NaN NaN NaN NaN NaN NaN NaN NaN NaN NaN NaN NaN NaN NaN NaN NaN NaN NaN NaN NaN NaN NaN 6.9 7.2 11.8 7 6.9 30.3 7 7.9 30.5 30.1 30.3 6.5 7.1 6.9 6.8 30.1 30.5 30.8 6.2 30.7 6.5 6.3 6.4 6.9 30.5 6.6 6.6 5.9 6 6.1 5.8 6.3 NaN 6.3 6.2 30.5 8.3 30.2 10.3 7.8 14.1 12.9 7.7 7.3 10.2 30.4 7.5 7.4 7.6 25.1 10.3 8.6 26.9 5.9 6.2 9.6 30.3 8.3 8.3 12.3
NaN NaN NaN NaN NaN NaN NaN NaN NaN NaN NaN NaN NaN NaN NaN NaN NaN NaN NaN NaN NaN NaN NaN NaN NaN NaN NaN NaN 7 7 7.1 7.2 7 6.8 7 6.8 6.8 7.1 6.6 6.5 9.4 6.1 6.4 6.7 6.2 3.2 18.8 6.4 6.7 6.6 6.8 6.3 6.6 6.3 3.1 6.5 6.5 5.8 5.8 6.2 6.4 9.4 6.4 6.2 NaN 7.3 16.6 7.9 18.4 9.1 7.8 7.8 13 7.4 7.7 7.3 22.8 11.4 30.1 7.3 5.8 30.7 30.7 7.2 30.3 30.5 30.5 30.5 10.3
NaN NaN NaN NaN NaN NaN NaN NaN NaN NaN NaN NaN NaN NaN NaN NaN NaN NaN NaN NaN NaN NaN NaN NaN NaN NaN NaN 6.9 7.2 9.8 7.1 9.6 6 30.3 9.6 13 30.4 7 6.5 6.3 6.6 3.4 6.3 30.4 6.4 5.3 8 6.7 6.9 30.6 6.7 6.5 6.6 6.8 3.9 3.8 6.7 6.5 30.5 6 30.3 9.6 6.4 6.3 7.2 6.1 7.9 15.3 18.1 30.4 30.3 8.1 1.1 7.6 25.4 30.2 15.3 10.2 8.6 3.2 3.1 8.3 30.8 30.3 14.7 22.5 22.8 30.2 13
NaN NaN NaN NaN NaN NaN NaN NaN NaN NaN NaN NaN NaN NaN NaN NaN NaN NaN NaN NaN NaN NaN NaN NaN NaN NaN 6 7.1 6.7 6.3 7.2 6.7 6 6.1 7.1 6.9 6.9 7.2 6.3 5.8 15.3 6.2 5.2 8 30.4 30.5 6 6.8 6.6 6.4 3.2 6.5 7 6.4 30.4 6.4 1.6 6.7 6.2 5.8 6.1 30.3 7 30.9 12.2 30.3 7.3 7.2 30.6 25.9 14.8 7.8 7.8 15.5 8 18.1 13 17.4 30.4 9.8 30.5 3.4 30.5 3.5 17.4 30.4 8 8.8 30.4
NaN NaN NaN NaN NaN NaN NaN NaN NaN NaN NaN NaN NaN NaN NaN NaN NaN NaN NaN NaN NaN NaN NaN NaN NaN 6.2 6.8 6.2 6.8 6.3 7.2 7 6 6.2 6.3 7 6.8 6.2 6.1 6.7 6.3 6.3 30.5 20.3 6 30.3 31.1 6.3 6.7 6.6 6.4 6.4 6.6 6.4 11.1 30.6 5.6 5.9 5.2 5.1 5.3 5.8 30.8 30.8 6.3 6.3 5.9 30.5 8.3 3.5 9.1 7.3 9.3 7.7 10.1 7.6 16.8 10.1 10.1 7 17.3 3.8 5.3 30.7 16.4 30.6 7.4 7.2 20.7
NaN NaN NaN NaN NaN NaN NaN NaN NaN NaN NaN NaN NaN NaN NaN NaN NaN NaN NaN NaN NaN NaN NaN NaN NaN 6.1 6.5 6.3 6.3 6.4 6.3 6.3 5.9 6 6.5 30.5 7.2 6.9 6.1 1.4 6.3 30.3 6.1 30.3 30.5 8.2 30.6 6.5 30.5 26.1 6.8 5.4 6.4 30.3 28.3 6 5.6 5.6 5.9 5.5 5.5 5.5 30.4 5.9 6 6.1 6.2 6.3 6.5 24.2 6.8 7.3 7.3 7.3 3.1 3.1 30.3 7.6 30.7 6.9 6.1 18.5 30.8 15.5 30.3 21 22.8 30.7 30.6
NaN NaN NaN NaN NaN NaN NaN NaN NaN NaN NaN NaN NaN NaN NaN NaN NaN NaN NaN NaN NaN NaN NaN NaN 6.3 6.5 6.3 6.3 6.2 6.5 6.1 6 6.2 6.4 6.4 7.2 6.9 7 6.7 6.4 6.5 6.5 5.3 29.1 30.3 30.7 19.4 6.2 11 6.6 17.2 6.5 30.2 5.8 30.3 5.7 5.8 6.1 5.8 5.6 5.3 5.9 5.3 6.3 9.1 5.7 6.2 6.7 6.4 7.1 6.9 7 21.9 5.9 7.6 7.6 3.2 7.6 30.5 15.1 5.8 5.7 5.3 30.1 30.2 31.1 13.2 7.9 12.8
NaN NaN NaN NaN NaN NaN NaN NaN NaN NaN NaN NaN NaN NaN NaN NaN NaN NaN NaN NaN NaN NaN NaN 6.1 6 6.4 6.5 6.2 6 6.3 6.5 6.1 6 6.3 7.1 6.9 7.1 7.2 16.8 6.3 6.3 18.9 30.8 30.9 30.8 6.6 30.9 30.3 6.7 6.5 6.5 3.4 30.5 6.1 10.4 6 8.4 5.8 6 5.6 5.3 5.9 5.2 30.2 5.4 5.2 5.9 6.1 6.7 6.4 6.2 11.8 9.9 7.2 9.8 7.4 3.1 7.4 5.9 14.1 11.1 30.6 30 30.5 13.3 30.5 30.1 17.3 3.2
NaN NaN NaN NaN NaN NaN NaN NaN NaN NaN NaN NaN NaN NaN NaN NaN NaN NaN NaN NaN NaN NaN NaN 6.6 30.4 6.8 9.6 6.3 5.9 5.9 6.3 5.9 5.5 6.4 6.9 14.7 7.4 9.9 7.1 6.5 13 31.2 30.7 30.4 1.5 30.9 6.4 25.8 6.4 6.4 6.5 5.9 5.7 6 5.2 5.8 5.7 5.6 5.9 5.5 30.8 18.4 5.6 5.2 5.9 5.7 5.2 6.1 6.2 6.2 6.1 14.4 7.2 7.1 7.2 7.4 7.2 30.5 3.2 13.7 30.5 10.8 13.6 30.5 27.5 30.5 18.8 7.5 30.6
NaN NaN NaN NaN NaN NaN NaN NaN NaN NaN NaN NaN NaN NaN NaN NaN NaN NaN NaN NaN NaN NaN 6.6 8.5 30.4 5.7 3.4 3.7 6.2 3.2 5.9 6 5.6 6.2 6.8 22.1 6.7 31 30.8 6.5 6.5 6.4 6.5 6.4 30.5 7 6.8 26 6.6 6.2 1 6.2 30.6 5.7 3.2 6.4 5.5 6 6.3 5.7 5.7 6.1 1.5 5.9 5.8 5.8 5.2 6.1 5.9 6.1 6 29.5 6.6 7.2 8.4 8.3 31 7.5 7.2 30.4 30.7 26.1 6.2 30.3 10.2 30.4 19.1 30.3 12.3
NaN NaN NaN NaN NaN NaN NaN NaN NaN NaN NaN NaN NaN NaN NaN NaN NaN NaN NaN NaN NaN NaN 6.3 13.3 7 30.5 6.3 30.4 8.9 6.5 6.5 6.4 6 6 5.9 6.9 7 31 31.7 30.7 25.9 6.2 6.1 6.2 15.3 6.8 6.4 30.3 30.5 6.6 6.9 6.8 6 6.1 18.5 6.6 5.5 5.9 6.2 5.6 5.5 30.4 30.4 5.6 5.9 4.9 4.8 5.7 5.8 5.8 5.8 7.5 7.2 12.6 30.4 30.2 30.5 7 7.1 5.3 6.9 10.3 3.3 3.2 1.3 17.8 14.2 7 14.3
NaN NaN NaN NaN NaN NaN NaN NaN NaN NaN NaN NaN NaN NaN NaN NaN NaN NaN NaN NaN NaN NaN NaN 6.5 7 6.2 6 3.8 6.5 30.3 6.9 6.6 6.2 6.4 8.2 12.1 7.4 30.4 7 30.5 6.3 6 20.9 30.4 6.2 9.9 5.8 6.6 6.6 6.2 6.7 6.8 7 6.9 9.6 6 6.7 5.5 5.7 5.7 5.8 6.1 19.3 5.7 5.5 5 4.9 5.5 5.6 5.9 30.6 7.7 7.7 7.3 9.8 18.2 13.7 31 3.2 30.6 3.3 6.6 8.2 8.3 5.1 8 30.4 30.5 31
NaN NaN NaN NaN NaN NaN NaN NaN NaN NaN NaN NaN NaN NaN NaN NaN NaN NaN NaN NaN NaN NaN NaN 30.4 6.4 7.4 1.3 6.1 6.1 30.3 6.7 7.1 6.9 7.3 6.7 30.4 31.2 30.5 30.6 28 3.5 13.2 6.5 12.2 13.9 6 6 6.7 3.2 6.9 6.1 22.3 6.7 6.4 6.4 6.8 6.8 6.9 5.6 6.3 6 6.2 5.8 5.7 5.9 5.3 5.1 6.1 6.2 5.9 6.2 12.7 7.5 7.6 10.2 7.8 30.5 13.5 8.6 10.9 5.2 5.1 30.3 5.7 8.3 7.1 7.1 7.1 30.6
NaN NaN NaN NaN NaN NaN NaN NaN NaN NaN NaN NaN NaN NaN NaN NaN NaN NaN NaN NaN NaN 5.3 5.5 6.1 5.5 6.3 6.4 6.2 6.5 6 6.4 6.3 6.5 6.7 6.8 19.3 30.9 30.7 30.6 6 7.1 6.7 8.7 8.9 5.9 6.6 6.5 6.4 6.1 6.1 6.5 6.3 5.9 30.3 6.1 6.7 12 6.6 5.6 6.1 5.9 6.3 5.9 5.8 6.1 5.4 5.4 5.9 6.3 7.7 3.1 10.1 7.5 7.5 7.9 8.2 7.5 8.6 8.8 5.1 7.1 5.1 15.8 30.3 7 30.6 30.2 7 7.1
NaN NaN NaN NaN NaN NaN NaN NaN NaN NaN NaN NaN NaN NaN NaN NaN NaN NaN NaN 7 1 5.4 5.8 30.5 5.9 8.9 7.2 6.6 6.3 3.3 6.1 6.1 6 6.9 6.5 11.1 24.3 30.5 6.5 6.8 30.7 30.5 6 3.4 30.4 6 6.1 5.6 6 5.5 5.8 5.8 5.7 5.7 30.3 6.4 7 5.9 5.5 6 6.4 6.1 6 5.6 5 5.4 5.4 10.5 9.7 7.6 10.3 17.8 7.7 20.2 7.9 15.1 7.8 10.5 26.9 30 3.2 5.8 7.7 7.8 7 6.8 6.5 30.2 18
NaN NaN NaN NaN NaN NaN NaN NaN NaN NaN NaN NaN NaN NaN NaN NaN NaN NaN NaN 13.1 5.6 6.2 6 5.7 3 5.7 4.2 5.8 6.4 6 6.1 6.8 7.4 7.6 8.5 6.3 30.7 6.3 9.1 30.4 30.8 30.6 5.6 10.3 5.7 5.7 5.8 5.6 5.9 5.5 5.5 30.4 6.3 6.3 6 6.3 5.9 5.4 6 6.4 6.2 5.7 5.7 5.7 5.2 5.2 5.7 6 6.1 12.6 8 7.9 17.7 17.9 7.4 20.6 7.8 30.5 7.6 11 30.6 30.2 5.3 30.3 6.9 6.5 6.6 7.9 30.7
NaN NaN NaN NaN NaN NaN NaN NaN NaN NaN NaN NaN NaN NaN NaN NaN NaN NaN 6.5 5.6 5.4 5.5 5.6 5.5 30.4 5.7 5.1 5.4 5.4 5.6 6.4 6.4 30.3 7.2 6.9 7.3 14.9 6.2 3.7 11.5 5.9 11.2 30.8 5.3 5.6 5.3 5.5 5.4 5.6 5.5 5.2 5.9 6 30.4 30.3 6.3 6 5 17.7 5.8 5.7 6.2 5.5 5.7 5.1 4.9 5.8 5.8 6.3 7.7 6.3 15.2 8 6.5 6.2 6.3 7.7 5.9 7.6 7.3 7.5 30.5 11 7.9 5.3 6.9 6.5 7 30.4
NaN NaN NaN NaN NaN NaN NaN NaN NaN NaN NaN NaN NaN NaN NaN NaN NaN NaN 6.3 7.1 6.3 6 5.7 9.8 3.3 3.3 3.8 5.4 5.6 6.4 6.9 30.2 22.5 6.7 7.2 7.2 7.3 8.3 5.6 5.3 10.9 30.6 5.7 6.1 17.3 5.4 5.3 28.2 3.3 5.6 5.4 6.1 30.4 27.5 6.1 5.8 6 4.8 10.8 5.8 5.2 5.9 5.7 5.2 5.3 5.6 5.9 30.4 6.3 6.6 30.4 6 6.2 3.8 6.7 6.5 6.3 6.6 8 30.6 7.6 8 26.6 30.5 6.6 30.5 5.3 5.4 30.6
