Outfile_3.asc
NCOLS 201
NROWS 151
XLLCORNER 730592.938286
YLLCORNER 2561222.529137
CELLSIZE 145.176046
NODATA_VALUE NaN
[rows 34 to 67 of 151, columns 76 to 151 of 201]
5.95 6.25 5 4 5.85 5.25 5.25 5.85 5.25 6.15 6.15 6.15 6.2 9.3 6.85 6.85 6.85 6.85 6.85 6.85 4 4 4 4 5 4 5.2777777778 5.4761904762 6.65 8.6666666667 9.4761904762 7.2777777778 7 7 7.2564102564 5.4134491708 9.8084518793 9 10.6666666667 5.1111111111 4.6666666667 4.3726779369 4.2635231517 5.2311250567 4.3135735976 6.55 8.6666666667 6.5 6.5 6.5 6.5 6.6666666667 7.2 7.2 7.2 7.2 7.2 7.2 7.2 7.2 7.2 7.2 7.4 7.4 7.4 7.4 7.4 7.4 7 7 7 7 4 7 NaN NaN
9 6.3 4 5.25 1 4 5.85 5.85 5.25 5.85 6.15 7 6.15 9 5 6.85 6.85 7.45 6.85 4 4 4 4 4 4 5 5.2777777778 5.4761904762 10.6666666667 8.6666666667 9.4761904762 7.2777777778 7 7.213394791 7.2858309864 7.4761904762 6.55 11.3570224301 7.547996552 9.4376880965 5.3533326691 4.2768182948 4.2222222222 4.2946277864 4.4376880965 7.9245006541 5 6.5 6.5 1.2777777778 6.5 6.6 7.2 7.2 7.2 9.2108185325 7.2 9.1 7.2 7.2 7.2 7.2 7.4 7.4 7.4 7.4 7.4 7 7 7 7 7 7 6.9 6.9 NaN
6.05 6.25 5.65 5.65 4 1 5.85 7 4.95 5.55 5.85 5.85 5.85 6.65 6.65 6.95 4 4 5 7 5 6.35 4 4 4 5.2021130107 5.2847858837 9.4761904762 6.65 6.65 9.4761904762 9.2777777778 9.1 5.2602895721 9.3874920661 9.6666666667 9.3570224301 8.178511354 9.4578685395 7.273998276 4.2393193566 4.214274771 1.2730772833 4.3928371643 7.7856743286 7.3333333333 7.1 6.5 6.5 6.5 6.6 6.6 7.2 7.2 7.2 7.2 7.2 7.2 7.25 7.2 7.2 7.2 7.4 7.4 7 7.4 7 7 7 7.05 7 4 6.5 6.9 4 NaN
6.05 6.65 5.65 6.25 6.25 5.85 5.55 4.95 4.95 5.55 5.85 5.85 9 6.65 6.65 6.65 6.65 4 7.15 6.35 4 4 6.35 4 4 6.35 5.303030303 5.5555555556 10.3333333333 10.178511354 9.4578685395 9.273998276 4.2399385949 4.336717456 6.55 10.6666666667 10.3333333333 6.45 4.3533326691 7.2399385949 9.2032369137 4.2660289775 1.3615508071 1.61898463 6.3570224301 2.49071197 1.5270461645 1.336717456 6.5 6.5 6.6 6.6 6.6 7.2 7.2 7.2 7.2 7.2 9 6.8 6.8 6.8 7 7 7 6.6 6.6 6.6 4 9 6.9 6.9 6.5 6.5 6.5 NaN
6.85 6.05 9.1 9 5.95 5 5.95 5.35 5.35 6.25 6.25 6.25 6.25 7.05 7.05 7.05 4.2067245426 7.05 7.55 4 4 4 5 5.2257618163 4.2635231517 1.2777777778 6.75 1.5555555556 6.35 10.1111111111 6.55 9.2564102564 4.298142394 6.55 10.178511354 12.3333333333 7.8084518793 5.95 5.95 7.2067245426 5.2477647286 1.3533326691 4.5205792798 5.49071197 6.3570224301 1.6666666667 7.1 7.1 6.5 6.5 5.2923526966 6.6 10.178511354 6.6 7.2 7.2 7.2 4.214274771 7.25 6.8 6.8 6.8 7 7 6.6 6.6 6.6 5 6.8 6.7 6.9 6.5 6.5 4 4 NaN
6.85 6.05 6.65 6.25 5.95 5.95 5.95 5.35 5.35 6.25 6.25 6.25 4.2399385949 7.05 7.05 7.05 7.05 7.05 7.05 7.55 4 5 5.2450715499 4.3135735976 4.4134491708 4.4761904762 6.75 5.7883656714 6.25 6.85 5.6350406063 5.2768182948 4.4134491708 9.7856743286 6.55 9.9245006541 7.4969040394 9.3081667897 9.2242242458 6.55 5.3135735976 6.55 5.9245006541 1 1.7856743286 7.1 7.1 1.2067245426 7.1 5 6.6 9.3384487607 9.5892557464 6.6 6.6 7.2 7.2 4.2660289775 7.2 6.8 6.8 6.8 7 6.6 6.6 NaN NaN 6.6 7 6.7 5 1 6.5 4 4 NaN
6.25 6.05 6.65 5.95 5.95 5.95 5.95 5.35 5.35 5.95 7.2328101159 7.05 7.05 7.05 7.05 7.05 7.05 7.05 7.05 7.05 7.55 4.2188440482 5.3081667897 6.75 5.9245006541 6.75 6.65 6.25 8.7375594364 6.85 4.7112944531 7.6112111039 4.6666666667 6.3570224301 5.49071197 4.5205792798 9.3533326691 9.2450715499 6.55 6.55 9.4622501134 4.9245006541 8.3333333333 2.0540925512 1.4714045971 7.2 7.2 7.2 6.6 6.6 5.2002805931 6.7 9.3726779369 6.7 6.7 6.7 7.2 4.3615508071 4.2484520197 6.8 6.8 6.8 6.6 6.6 6.6 NaN NaN 6.6 9.2 5 6.5 4 4 4 7 NaN
5.45 4 6.65 6.35 5.95 5.95 5.35 5.35 5.95 6.25 6.25 7.05 7.05 7.05 7.05 7.05 6.25 7.05 7.05 7.05 6.65 6.35 NaN 5.61898463 7.3570224301 8.8714317131 6.65 6.25 9.2578339874 6.8967854397 4.8068038428 5.8390996564 6.49071197 7.3333333333 6.55 4.3901371761 7.2768182948 4.2108185325 5.2602895721 5.3726779369 4.6666666667 4.3333333333 3.3570224301 6.7 6.7 6.8 5 6.2 6.6 6.6 6.7 6.7 6.7 6.7 9.9245006541 6.7 6.7 4.4714045971 6.6 6.6 6.2 6.2 6.2 6.6 6.6 6.6 6.6 6.5 6.75 6.7 6.5 9 6.15 4 5 NaN
5.45 1 6.05 6.35 6.35 5.95 5.35 5.35 5.95 6.25 6.25 7.05 6.45 6.45 6.49071197 6.25 6.25 6.25 6.25 6.25 7.05 6.65 7.15 6.178511354 8.3333333333 5.8745942812 7.8497823999 6.25 6.25 9.2326039052 6.0027049172 5.7463669952 6.3570224301 1.7856743286 4.4267895821 4.2946277864 4.2311250567 7.2399385949 9.336717456 4.5716618094 6.49071197 3.3570224301 1.6666666667 5.3928371643 5.2660289775 5.2032369137 6.8 6.6 6.6 6.6 6.7 6.7 6.7 6.7 6.7 6.7 6.7 6.7 7.4267895821 6.6 6.6 6.6 6.6 5.2374901471 6.4 9.2067245426 9.1 9 9.1 9.15 9.05 7 7 1.05 6.1 NaN
5.45 9.214274771 5.45 6.05 6.35 5.35 5.35 5.95 5.95 6.25 10.49071197 6.25 6.49071197 6.35 6.35 5.4376880965 6.35 6.65 6.65 6.65 7.05 7.05 6.65 6.65 5.9245006541 6.25 5.5678148254 5.8690276405 7.1937128312 9.163570706 8.3874258846 12.5661434492 1.6666666667 9.3928371643 4.2946277864 4.2242242458 5.2242242458 5.3081667897 6.55 5.178511354 7.3333333333 1.7453558739 1.4267895821 5.2858309864 6.7 5 6.25 6.25 6.65 6.75 6.85 6.85 6.85 6.7 6.7 9.4969040394 6.7 12.3333333333 6.7 6.7 6.7 6.6 6.6 6.6 9.5500529685 6.3 9.527426912 4.4862387519 9.2374901471 6.3 6.1 5 1.05 9 5 5
4.3928371643 5.45 5.45 5.45 5.45 5 5.35 9.3135735976 6.25 5.0540925512 9.1 4.8084518793 4.5205792798 6.35 6.35 6.35 6.35 6.35 9.5205792798 6.4027355997 6.65 7.05 6.65 6.65 5.5716618094 5.3237619586 7.5165769424 5.7827350258 5.9935268607 6.85 6.85 5.9859420902 6.55 6.55 5.2393193566 4.2222222222 1.2768182948 4.4267895821 5.8084518793 7 1.9245006541 1.4376880965 6.85 6.85 5 1 6.25 6.25 6.65 5 6.35 6.75 6.75 6.75 6.6 6.6 9.5205792798 10.178511354 6.6 12.3333333333 6.6 6.6 6.6 6.5 9.9483481745 9.9171833406 6.3 6.3 6.3 6.1 6.1 7.2484520197 1.2067245426 5 5 7
5.45 1.4267895821 7.3081667897 5.45 6.05 6.05 5.95 4.4714045971 6.25 6.25 8.178511354 6.35 6.35 6.35 6.35 6.35 6.35 5.2477647286 6.35 6.35 6.605300936 7.05 6.65 6.65 6.65 5.2602895721 7.5788989167 5.9823451376 8.9523179633 6.85 6.85 6.55 6.55 5.6770074531 6.55 6.55 5.3726779369 4.875 6.55 6.178511354 4.5205792798 6.85 1.2450715499 6.85 6.85 6.25 5 5 6.25 5 5 6.75 6.75 6.75 6.75 6.6 6.6 5.4969040394 6.6 9.8333333333 6.6 6.2 12.3333333333 6.2 6.1 6.1 6.1 6.1 6.1 6.1 7.7419755892 7.6172058324 1.5096284107 7.214274771 1 5
7.3333333333 4.8084518793 4.4969040394 4.3726779369 4.298142394 6.05 9.4714045971 7.9245006541 9 8.178511354 1.5716618094 4.336717456 7.2477647286 6.35 6.35 5 6.35 6.35 6.35 6.35 6.3203870548 7.05 6.65 6.65 5.5356325411 5.4230521815 5.6125225222 6.1111111111 10 9.4444444444 6.6666666667 10.1111111111 5.95 6.55 6.55 6.55 6.55 6.793742273 11.6328910438 1.8134799922 5.3533326691 4.2477647286 6.85 6.85 6.85 6.25 6.25 6.25 7 6.25 5 6.75 6.75 6.75 6.75 6.75 6.2 6.2 9.3333333333 4.3703703704 6.6 6.6 9.5555555556 9.9200953027 10.2375594364 11.0356117652 9.8451780206 6.1 6.1 6.1 2.8633899069 6.1 1.7261704976 1.5111005273 1.2002805931 5
10.6666666667 6.05 1.9245006541 4.61898463 6.05 6.05 9.7856743286 8.3333333333 6.35 5.5716618094 6.35 6.35 6.35 6.35 6.35 6.35 6.35 6.35 5.4528140863 6.35 7.15 6.7 5.2082403764 5.7111266977 5.4773862895 4.2222222222 4.609201947 2.0934562487 5.61898463 8.6257543607 6.4523179633 8.4961624635 6.8440446391 4.2393193566 7.5521773816 5.4643423404 6.2601229154 5.5555555556 5.2352414614 5.7126205685 5.4831464622 9.2108185325 7 5 6.25 6.25 9 9 5 1 6.35 5 6.75 6.75 6.75 6.75 6.2 9.2242242458 6.2 9.2564102564 4.2847858837 9.3094922192 9.3333333333 9.5961321867 9.7897640738 11.1043547631 10.9485805095 10.0282174738 10.0889883586 10.5298755254 8 9.5448045212 2.0239502039 7.6161146552 6.1 6.1
6.05 6.05 7.3333333333 7.5555555556 5.3176157029 9.8660740412 6.9151186864 10.6954770164 6.85 5.15 9.2730772833 6.35 6.4 9 6.35 5 7 7.05 5.2380952381 5.6181350989 6.1570952919 6.7 7.9921691488 1.629996399 5.4377707402 1.2328101159 5.5755884172 5.9524976531 5.3268601941 10.1526087569 9.6972305644 9.7235015266 9.7571936115 5.95 5.95 6.9983456956 8.9870537214 4.3333333333 2.3203870548 5.6650123622 7.4459542766 5 5 6.65 6.65 6.65 9.1 6.25 6.25 6.65 6.75 6.75 6.75 6.75 6.75 9.1 9 9 7 9.1 9.2021130107 6.6 9.2242242458 9.2777777778 9.7073155329 10.9361506991 10.3851093871 9.6651186864 9.7071068402 10.2860514612 11.0786892072 9.8240453033 2.4515468186 5.7603925074 1.5149006428 5.2311250567
7.4761904762 1.4761904762 5.8733912093 2.330910846 6.05 6.05 5.3333333333 6.85 5.95 5.15 6.05 4.2047650464 6.35 5.45 5.45 5.45 5 9 9.2742242458 7.536570247 4.9059860233 7.2564102564 2.0535234292 1.6242677032 4.2564102564 1.2564102564 5.4134491708 6.2729365995 4.5690355763 5.8994767825 5.5870664144 9.4862387519 7.5048669366 5.95 5.95 1.890937233 6.0623737794 6.7777777778 6.0987079739 7.6287676428 7.4326256917 6.65 6.65 9.2 9.1 6.65 6.7 6.75 6.65 6.65 7 6.75 9.2 6.75 9.15 9.2 7 9 9 6.65 9.1 6.6 6.6 6.6 6.6 6.6 8.3178356538 9.4714045971 10.1433447023 9.3081667897 5.5163426646 5.6020891032 12.7261704976 5.051703306 9.5991653317 7.2923526966
8.6666666667 6.6666666667 8.8994767825 8.8420761414 8.7777777778 5.0540925512 6.05 5.9590193633 5.8714317131 4.5205792798 9.3615508071 9.2556550252 5.45 5.45 9 7 5.45 9.05 5.2108185325 5.5 5.547996552 6.3570224301 2.1111111111 1.4761904762 1.2847858837 7.5031712291 4.7419755892 2.9223216919 6.7300313266 5.7512334657 7.3094922192 7.2635231517 1.2393193566 5.3081667897 5.95 6.4388009261 9.3533326691 6.25 1.7575587721 6.65 6.65 6.65 6.65 7 7 6.65 6.65 9.25 6.65 5 9 9.05 7.05 5 5 5 5 4 4 6.6 6.6 6.6 9.2021130107 6.6 6.6 6.6 6.2 8.0167852127 10.3333333333 8.4130438755 6.1 7.8288320124 6.1 11.5712972011 9.61898463 9.3928371643
6.35 6.35 7.15 7.15 6.85 12.8477344001 6.05 9.298142394 4.2067245426 5.45 9.5270461645 9.3333333333 5.75 5.45 5.5 5 5 5 5 5.273998276 5.9 5.178511354 2.6666666667 1.5555555556 1.5162167619 4.6036784889 1.9916625669 4.7467825041 2.1866660024 4.8158451277 1.4761904762 4.6199035803 5.6074243814 7.6831998385 8.0477712359 9.2108185325 2.4178307106 1.7533142958 1.5528929542 1.42899873 6.65 6.65 6.65 6.25 5.85 5 6.25 9 9 7 7 9 4 4 5.05 5 5 9 9 6.6 6.6 6.6 7.2083333333 7.303030303 6.6 10.5678658549 8.2092865378 10.6363636364 10.9425352804 6.1 1.5405617714 9.5694784217 7.6666666667 9.3570224301 10.49071197 9.5892557464
6.35 7.15 7.15 7.15 6.85 10.3959052512 7.15 6.85 5.9245006541 6.85 5.0540925512 5.4714045971 9.298142394 5.2183739396 5.75 5 5 5.6 5 5.253428636 5.4042261031 5.1258747098 4.5512401769 2.005947185 1.622947292 4.7240421083 5.5 8.3874258846 4.9049951428 8.6526087569 5.8845735102 6.3714006833 6.2 8.0833333333 8.6866660024 5.4553296488 1.7959802891 1.3384487607 1.2450715499 5 4 1 6.25 7 9 9.2 7 7 5 7 7 5 5 4 5 9 1.05 7 5.8 6.2 9.2 6.2 9.2083333333 7.303030303 6.6 6.6 8.2955834467 7.5555555556 6.2 4.6733230525 1.4682195417 4.2768182948 9.4134491708 9.7856743286 6.1 6.1
7.65 7.15 7.15 7.15 6.55 6.55 7.5801310486 6.85 5.5205792798 8.178511354 9 7.7856743286 9.3928371643 5.2768182948 7.2067245426 9 5.05 5 4 1.2328101159 5.5647589624 1.93974395 4.6526087569 2.505371548 4.7309458229 5.8 5.8 8.1573786367 2.5434852841 5.2513608481 2.3987842103 6.2 6.2 4.4681335412 3.2383284761 1.9406199178 1.620302182 1.2618913743 6.55 6.55 4 1.2147188482 9.2222222222 9.2179068435 7.2067245426 5.85 5.85 7 5 5 5.95 4 7 4 4.05 9.1 9.1 9.1 9 5 7 5.8 5.2079276146 7.3017858479 9.7854866991 6.2 7.8084518793 13.6666666667 6.2 5.6997840537 4.459220178 5.2222222222 4.298142394 9.4714045971 10.1040925512 9.1
7.65 7.65 7.15 6.85 6.85 6.05 5.2923526966 6.05 5.3726779369 5.6666666667 7.4070224301 5.35 5.5892557464 5.3384487607 5.2477647286 4 5 5 7 1.2564102564 5.6439023225 2.0064766961 3.2383284761 3.2856512967 2.1959439454 2.1469069309 5.8 6.1380712638 4.8636825423 4.7309458229 1.7721177144 1.9935268607 3.9760070601 6 2.4046589586 1.7749999779 1.5303300294 1.2222222222 1 1.2032369137 5.2399385949 1.2847858837 5.303030303 6.15 6.15 9.2399385949 1.2032369137 1 9 7 9.1 4 4 5 5 5 9 5 9 5.05 5.8 9 5.05 7.2758686137 5.6557238518 6.2 5.4225890798 13.1666666667 5.1872459465 4.6428255525 4.438943094 4 5.7 7.3533326691 9.5892557464 8.49071197
7.65 7.65 9.6666666667 7.35 4.9245006541 6.85 6.55 6.55 5.2858309864 5.4267895821 5.6666666667 7.3333333333 6.178511354 5.35 5.336717456 5.2556550252 5.45 5 5.9 1.2777777778 5.753008771 3.1380712638 6.0540925512 2.49071197 4.4714045971 4.7234705095 11.1190076619 3.4152126241 2.2422599133 1.8951511893 2.14690064 4.6191643198 5.9175015521 2.2222222222 1.8535791641 1.6319287483 1.5218743513 1.2847858837 1.2564102564 6.55 1.3533326691 5.4622501134 5.5555555556 5.4969040394 6.15 6.15 1.2618913743 1.2047650464 6.15 5 5.8 7 7 7 7 9.1 5.8 5.8 5 9 5.8 7 9 9.2742242458 4.4925555291 6.2 5.297178591 7.75 5.0199993357 4.5936229055 4.2222222222 4 5.7 9.2660289775 9.3928371643 5.7
7.65 7.65 7.65 7.35 5.9245006541 7.65 6.55 5 5.2242242458 5.3081667897 5.4267895821 5.9245006541 7 5.35 7.5270461645 5.3726779369 5.3094922192 5.2556550252 7.2380952381 6.2 NaN 3.0801158374 5.8 NaN 6.0801158374 5.35 5.05 4.5355337841 1.5270461645 3.475118546 1.5892557464 2.5169601147 2.109201947 2.1428255525 2.1650123622 1.8251885585 1.7912577986 1.4714045971 7.4166666667 6.15 9.61898463 6.178511354 6.15 6.15 8.178511354 6.15 9.3615508071 9.2730772833 6.15 7 5.8 7 7 7 9 9.15 9.2 7 5.05 5 9.2 9.1 5 9.2 4.2564102564 6.2 10.356182661 10.9230769231 9.7948749122 4.5127291329 4.2147188482 4 7 4.214274771 7.2923526966 7.4134491708
7.65 7.65 7.65 7.35 7.65 7.65 7.65 5.2393193566 7.2179068435 5.2399385949 5.3135735976 5.4714045971 5.9245006541 5.95 5.35 5.95 5.5270461645 5.4134491708 6.4 5.3384487607 5.6800907618 6.4708640506 3.0180308381 5.9171063627 5.62568603 1.6520223583 1.8511372672 2.029530349 2.3564484313 4.8477344001 4.1654743095 4.7014383581 4.6570952919 4.8539126131 1.6537203881 2.9621165671 7.6314757273 5.7015305025 6.1111111111 6.1111111111 8.3333333333 12.3333333333 10.0540925512 8.1111111111 12.3333333333 10.49071197 9.61898463 7.3928371643 6.15 5.2399385949 7 7 7 7.05 5.8 9 5 7 5 4.05 5.8 5.8 4 9.1 5.8 5.8 5.8 5.8 9.5555555556 4.303030303 4.2083333333 4 4 4 7.2345325216 7.298142394
7.65 7.65 7.65 7.65 7.35 7.65 7.65 9.3615508071 6.25 5.3316790289 5.3333333333 7.4042261031 5.4761904762 5.7856743286 5.95 9.2 8.6666666667 6.0540925512 4.8333333333 7.8800614577 5.93974395 5.4379713052 6.9935268607 1.8286328389 1.5164250941 1.4704444133 1.5355130099 1.60510641 1.7829743404 2.0194011491 2.0102466654 1.8637223453 2.8610823404 8.1666666667 4.3333333333 3.1573786367 4.6666666667 10.8888888889 8.6666666667 6.6666666667 8.178511354 6.15 9.4622501134 5.4267895821 7.6666666667 9.3570224301 9.3570224301 5.7453558739 7.4376880965 9.336717456 9.2556550252 7.2047650464 7 9 5.8 5.8 5.8 4 5 5.8 7 7 7 1 9.2777777778 5.8 6.6666666667 10.1111111111 5.4969040394 4.2923526966 4.2047650464 5 4 4 7 5.7
7.65 7.65 7.65 7.65 7.35 7.35 7.05 6.25 6.25 6.25 5.95 5.95 6.25 5.7856743286 5.95 5.95 8.49071197 7.3333333333 7.3333333333 1.2564102564 1.3874920661 3.1096966 3.9760070601 2.0412124542 1.6730769231 1.3703703704 1.3384487607 1.48611562 1.5224392339 1.5786041427 1.5865717317 1.7107229978 2.9904286252 2.6990906338 4.9870537214 1.4714045971 6.788854364 5.6870090087 5.4761904762 5.4761904762 7.4578685395 5.3384487607 9.2858309864 5.2858309864 7.3928371643 7.6666666667 8.49071197 7.3333333333 5.9245006541 5.5270461645 7.3615508071 7.2484520197 5 5.85 5.8 5.8 5.8 5.8 5.8 5.8 4 9.1 5.8 4 5.8 5.4761904762 10.6666666667 5.8 4.4761904762 4.2777777778 7 4 4 4 7 7
NaN 6.85 4.2730772833 7.65 5.6666666667 8.6666666667 6.55 6.25 5.95 9.3570224301 6.25 8.3333333333 NaN 6.15 7.5892557464 5.5892557464 8.0540925512 6.49071197 1.8084518793 5.1111111111 2.4006911303 9 5.0236890968 2.5873015873 2.1111111111 1.8733912093 1.7253443262 1.3237619586 1.2257618163 1.4158552292 1.4715970431 1.4376880965 2.3018572798 4.6428255525 3.688701459 2.2226430481 6.95 9.3874920661 7.303030303 5.303030303 5.298142394 5.2556550252 7.2188440482 1.2242242458 7.2946277864 4.4134491708 5.6666666667 8.49071197 8.3333333333 6.178511354 7.4578685395 7.273998276 9.1 9.2 5.8 5.8 5.8 5.05 5 5.8 5 4.1 9.1 1.2079276146 4.3017858479 9.547996552 5.8 5.1111111111 5.4761904762 5.2777777778 5 4 4 4 5 5
NaN NaN 6.85 9.2768182948 6.85 6.85 6.25 NaN NaN NaN NaN NaN NaN NaN 6.25 8.6666666667 10.3333333333 NaN 5 2.7542351217 5.0324338008 5.4620225406 2.9238672278 4.7467825041 1.2635231517 1.273998276 2.1939846865 1.6353511597 1.2694840324 1.4546089565 1.4442146898 1.3333333333 1.703628582 5.3400453809 2.9041568138 7.700414722 7.3513641714 9.2768182948 5.213394791 7.2083333333 5.2067245426 5 5 5 7.2222222222 7.2768182948 5.4267895821 5.7856743286 5 6.178511354 5.4578685395 9.273998276 7 5.8 5.8 5.8 5.8 5.8 9.2 5 9.1 4.05 9 5.85 1.303030303 5.8 8.3333333333 5.8333333333 5.4166666667 5.2564102564 5 9 4 4 4 5
NaN 5 7 7.213394791 9.2564102564 5.298142394 6.85 NaN NaN NaN NaN NaN NaN NaN NaN NaN NaN NaN NaN NaN 6.25 2.4726619182 2.106906681 1.8640145061 2.0033841227 3.1245352062 2.5487992076 1.810477637 1.6827596463 1.6824898728 1.6662474188 1.6260253956 1.7603925074 2.4034638077 6.95 6.95 5.303030303 1.2083333333 1 1 5 5 5 5 5.2083333333 5.303030303 6.15 8.3333333333 8.178511354 5.5892557464 5.3533326691 5.2399385949 5.2222222222 5.8 5.8 5.2222222222 5.8 5.8 5.2222222222 5.5 7.2222222222 9.2179068435 4.2079276146 1.2202728564 4.3268601941 1.61898463 12.3333333333 9.8333333333 5.8 7.2564102564 5 4 5.7 5.7 5 5.7
NaN 5 6.85 6.85 7 5.2067245426 5.2289342698 NaN NaN NaN NaN NaN NaN NaN NaN NaN NaN NaN NaN NaN NaN NaN 6.25 6.6310207061 5.5119610908 3.8451780206 5.2578339874 3.0708927697 2.4444444444 2.3302373727 2.3354980438 2.1948841404 2.3603794978 4.8302373727 6.95 9.6861401162 1.5492758406 1.4884651411 1.4395346585 1.2108185325 1 1 5 5 7.2079276146 5.3017858479 5.547996552 6.3570224301 6.1111111111 5.4761904762 7.3192754236 5.3333333333 7.3333333333 5.8 5.8 9.3333333333 5.8 9.3333333333 5.8 5.5 5.5 1.588759456 1.5757841239 4.5177163727 5.5 1.8813855149 5.5 9.8774851991 5.8 5.2450715499 5 7 7 5.7 5.7 5.7
NaN NaN NaN NaN NaN NaN NaN NaN NaN NaN NaN NaN NaN NaN NaN NaN NaN NaN NaN NaN NaN NaN NaN NaN NaN 8.2578339874 5.8397668798 2.5686485301 3.0801158374 5.3874258846 2.49071197 4.8047379305 2.49071197 5.3874258846 6.95 2.0780270252 4.8885969716 1.7240421083 1.6281824662 1.5089609265 1.2635231517 1.2393193566 1.2242242458 5.2108185325 5 6.15 5.4714045971 8.49071197 8.6666666667 5.5555555556 5.5716618094 5.6666666667 5.6666666667 4.6666666667 1.6666666667 5.6666666667 5.6666666667 5.6666666667 5.8 5.5 5.0033841227 2.0093499059 2.0058650915 5.9 5.9 5.5 5.5 5.9648090607 5.6060726134 5.2923526966 5.2768182948 7.2564102564 6.1 4.4545401467 6.1 6.1
NaN NaN NaN NaN NaN NaN NaN NaN NaN NaN NaN NaN NaN NaN NaN NaN NaN NaN NaN NaN NaN NaN NaN NaN NaN 6.15 2.8874258846 1.8282389099 1.9282334925 3.3333333333 3.2360678439 1.9690047263 2.4120225406 NaN NaN 6.15 6.2360678439 2.5 2.0393446036 4.7721177144 1.4166666667 1.3681050248 4.3333333333 1.303030303 1.2768182948 1.2556550252 1.4134491708 6.0540925512 8.3333333333 6.49071197 8.3333333333 5 7 7 6.6 6.6 5 1 6.6 4.273998276 4.4578685395 8.2578339874 8.5355337841 9.1245352062 5.9 5.9 5.9 2.1380712638 5.8536979496 4.7077225718 5.4714045971 7.6644313952 5.6798625896 7.6830432003 4.6298214229 7.538732546
NaN NaN NaN NaN NaN NaN NaN NaN NaN NaN NaN NaN NaN NaN NaN NaN NaN NaN NaN NaN NaN NaN NaN NaN NaN 5.65 2.399076262 1.9506636589 2.4553296488 4.6846975047 2.5400621611 1.7502212362 NaN NaN NaN NaN NaN 5.3874258846 1.4134491708 2.9223216919 2.1111111111 5.8084518793 1.6666666667 1.5555555556 1.4714045971 4.4042261031 5.3615508071 5.7453558739 10.3333333333 5.8 6.0540925512 5.6666666667 7.6666666667 5.6666666667 9.6666666667 6.6 6.6 5.6666666667 6.6 5.9361506991 6.6 6.6 6.6 6.6 6.6 6.6 8.3333333333 5.6666666667 7.6666666667 5.8888888889 5.7149362158 6.4348730697 6.3539126131 5.3203870548 5.1251249852 4.8691291532
NaN NaN NaN NaN NaN NaN NaN NaN NaN NaN NaN NaN NaN NaN NaN NaN NaN NaN NaN NaN NaN NaN NaN NaN 1.5205792798 5.75 5.6990906338 2.9761588859 4.2289342698 5.75 5.75 NaN NaN NaN 6.95 6.95 11.8840685946 2.9876160094 2.3874258846 2.8994767825 1 4.3333333333 4.3333333333 2.6666666667 5.0540925512 1.7453558739 5.5205792798 5.6727786529 6.25 9.7919346658 9.6727786529 5.3901371761 5.3703703704 5.3703703704 5.3703703704 5.3703703704 6.6 6.6 6.6 6.6 6.6 6.6 6.6 6.6 6.6 6.6 6.6 6.6 6.6 6.6 10.5714285714 6.5 1.8333333333 10.6666666667 4.0236890968 3.1043547631
