Outfile_5.asc
NCOLS 201
NROWS 151
XLLCORNER 730592.938286
YLLCORNER 2561222.529137
CELLSIZE 145.176046
NODATA_VALUE NaN
[rows 66 to 98 of 151, columns 74 to 147 of 201]
NaN NaN NaN NaN NaN NaN NaN NaN NaN NaN NaN NaN NaN NaN NaN NaN NaN NaN NaN NaN NaN NaN NaN NaN NaN NaN NaN 6.2 5.099076262 4.8506636589 2.6553296488 9.8846975047 30.3400621611 30.7502212362 NaN NaN NaN NaN NaN 8.3874258846 22.3134491708 30.8223216919 30.2111111111 21.3084518793 7.0666666667 4.5555555556 6.9714045971 4.9042261031 5.4615508071 30.1453558739 25.6333333333 7.25 30.7540925512 30.6666666667 30.4666666667 30.3666666667 30.4666666667 17.75 6.95 30.2666666667 30.95 30.6361506991 7.45 30.25 7.55 27.75 9.65 7.35 13.9333333333 13.7666666667 25.5666666667 30.2888888889 30.4149362158 30.7348730697
NaN NaN NaN NaN NaN NaN NaN NaN NaN NaN NaN NaN NaN NaN NaN NaN NaN NaN NaN NaN NaN NaN NaN NaN NaN NaN 1.7205792798 6.2 8.6990906338 8.4761588859 7.1289342698 6.1 6.2 NaN NaN NaN 10.5 12.5 30.6840685946 30.5876160094 12.8874258846 3.1994767825 6.7 22.3333333333 9.9333333333 10.5666666667 30.2540925512 14.7453558739 30.6205792798 5.9727786529 6.8 30.3919346658 20.1727786529 30.4901371761 5.7703703704 18.6703703704 30.3703703704 13.0703703704 7.15 7.15 7.55 7.75 7.55 7.45 6.95 7.25 7.35 9.95 7.15 7.25 7.55 14.75 30.5714285714 9.95
NaN NaN NaN NaN NaN NaN NaN NaN NaN NaN NaN NaN NaN NaN NaN NaN NaN NaN NaN NaN NaN NaN NaN NaN NaN 30.3269562388 8.3440446391 NaN NaN NaN 6.1 6.3 NaN NaN NaN NaN 6.5 30.2 30.5 5.3859420902 1.9737387429 9.5302830782 1.7666666667 30.6333333333 4.8540925512 5.3666666667 16.0333333333 6.4 30.8954770164 26.4223216919 30.65460281 21.2148090607 30.1283329622 30.5905960329 30.6380952381 30.4380952381 9.6380952381 7.05 6.95 15.8380952381 7.05 30.25 7.35 7.05 10.25 9.65 14.95 7.25 6.85 7.05 7.65 30.2761904762 7.35 7.8921691488
NaN NaN NaN NaN NaN NaN NaN NaN NaN NaN NaN NaN NaN NaN NaN NaN NaN NaN NaN NaN NaN NaN NaN NaN 22.4578685395 14.9 30.7726526899 30.3230769231 6.2 NaN NaN NaN NaN NaN NaN 6.4 30.775 30.635446344 30.6313839675 30.45559494 7.1858309864 3.998142394 4.1333333333 4.7703703704 14.4134491708 30.3761904762 30.5716618094 7.1 14.6054744498 7 10.1 30.3381572756 9.1282174738 5.9752416018 30.4135735976 15.25 7.35 10.05 7.25 9.75 7.25 7.25 7.25 7.25 7.35 29.95 7.05 7.05 7.05 7.15 29.8694840324 30.65 12.2033108961 11.9952247076
NaN NaN NaN NaN NaN NaN NaN NaN NaN NaN NaN NaN NaN NaN NaN NaN NaN NaN NaN NaN NaN NaN NaN 30.3399385949 30.7758255781 7.1 10.0351191813 16.138878435 6.4 6.773998276 6.1 NaN NaN NaN NaN 6.8 6.4 30.7181192171 5.1 30.4615508071 30.3393193566 30.1108185325 30.3242242458 15.5393193566 30.1564102564 15.3 31.1 5.6 5.6 5.5 5.1 30.2240453033 8.8047379305 11.4013189489 8.3205792798 30.1615508071 30.6768182948 30.4345325216 7.35 30.8 6.85 7.7 7.9 7.5 22.9 7.05 7.45 7.55 5.2 30.4 30.2 30.2 30.3222222222 6.8336139264
NaN NaN NaN NaN NaN NaN NaN NaN NaN NaN NaN NaN NaN NaN NaN NaN NaN NaN NaN NaN NaN NaN 4.2 6.8 9.5853044011 30.5897412037 30.3146632187 6 11.1795713869 6.3 9.7 5.9 NaN NaN 6.4 5.1538357466 6.2 5.7 5.5 5.3 5.7 5.1 5.1 6.3 10.14984391 6.1 6.1 5.4 30.696856485 4.5 4.7 30.402378304 8.8041611408 1.3635231517 6.4 6.2 30.25 12.65 10.05 30.1047650464 7.5 7.6 7.3 8.2 25.1 7.05 6.85 9.85 7.95 9.7 9 30.4 9.0147188482 6.6094922192
NaN NaN NaN NaN NaN NaN NaN NaN NaN NaN NaN NaN NaN NaN NaN NaN NaN NaN NaN NaN 7.8 6.6 6.8 30.6668015807 6.4 6.8 6.5 6.3 6.3 6.4 24.2 NaN NaN 6.4 30.4587251934 6 30.2333333333 6.2 5.7 5.1 5.7270461645 30.4166666667 5 6.3 6.3 6.2 6.2 30.5 5.8 27.6018449158 30.406919727 16.8282174738 2.8830646666 17.4306741015 12.4570224301 6.1 6.9 8 8.1 7.8 30.3 30.1 12.7 10.6 12.2 24.7 6.95 6.95 7.85 30.5 30.7 1.2 1.3 16.7777777778
NaN NaN NaN NaN NaN NaN NaN NaN NaN NaN NaN NaN NaN NaN NaN NaN NaN 6.7 13.9 8.7 5.2 6.4 6.9 6.7 11.5224739802 30.2955834467 16.2084518793 11.9559224131 6.1 30.2212869664 NaN 6 6 30.3863806577 6.1 1.7205792798 6 6.3 6.5 6 6 6.2 6.5 6.2 6.3 12.7928371643 6.5 6.3 5.9 5.8514076045 13.7994767825 13.7690355763 5.467051395 9.4622501134 18.5453558739 30.2666666667 30.6333333333 30.4 7.2 7.4 7.4 7.5 30.4703703704 7.3 7.5 7.2 25 30.9222222222 7.05 4.4 1.3 30.7 11.8 16.7777777778
NaN NaN NaN NaN NaN NaN NaN NaN 6.85 4.7 NaN NaN NaN NaN NaN 30.4 6.4 6.2 8 6.5 5.9 30.2242242458 6.8 30.1928371643 30.3117382165 6.6 6.3801158374 30.6060112703 5.3 5.9 6.5 5.8 6.2 6 5.9 6.1 5.9 7.520674489 6.1 6.2 6.1 6 6.1 6.1 6 21.0666666667 6.4 6.1 30.453428636 30.6042261031 21.4245006541 30.6 30.5453558739 7.1 5.3874920661 30.4716618094 30.2111111111 8.2 30.51898463 12.3 9.9 22.6 9.8 21.5333333333 7.6 22.6 7.4 7.3 7.7 30.7 1.6 1.3 3.9 16.9777777778
NaN NaN NaN NaN 6.55 4.5 4.8 5 30.2 5 30.5 5 4.5 6.85 7.1 6.25 6.25 7.4 6.2 7.6 30.5242242458 5.4946277864 30.4267895821 6.6 30.4570224301 8.6661434492 30.3413293538 5.4 8.0391639897 7.4660740412 6.1 4.7167993852 5.7 6.3 30.6485927876 6.4 21.069983854 24.8545637691 30.4621827039 6.6 6.5 6.3 6.4 30.6666666667 6.6 6.6 20.2453558739 30.4267895821 30.4946277864 30.7714045971 5.49071197 26.1333333333 5.1716618094 30.6192754236 30.1602895721 30.7726779369 30.5333333333 30.8 16.4084518793 16.1681050248 9.7 10.4 7.4 7.3 7.7 7.8 30.5333333333 30.1222222222 7.2 7.6 4.2 6.2 6.3 6.6777777778
NaN NaN 6.85 4.7 5 4 4.5 4.1 5 4.5 5.1 30.8 6.85 6.25 6.7 6.45 30.5 6.5 6.3 30.4242242458 6.3 30.3267895821 6.4 13.2333333333 11.79071197 26.2666666667 27.7267895821 17.3223216919 5.9 28.5499159511 10.7161994504 29.2135735976 23.3164737863 30.6892557464 4.0928371643 6.2 6.3 13.2147188482 30.5328101159 1.3694840324 6.6 6.7 29.503030303 6.6 6.7 30.29071197 5.9 13.0856743286 16.1267895821 7.5555555556 25.0333333333 29.49071197 6.0714045971 30.8768182948 30.2242242458 30.6333333333 30.4666666667 30.2333333333 16.5540925512 30.5134491708 7.4 7.8 7.9 7.6 7.8 30.6453558739 4.8615508071 7.6 30.3 5 7.7 6.3 8.8 1.3777777778
6.75 4.7 9.6 6.8 30.4 4.2 12.1 4.6 4.6 4.3 4.4 12.25 6.55 6.15 6.25 10.4 7.3 6.3 30.613394791 6.6 6.4 6.1856743286 6.7 30.39071197 8.3892557464 1.8928371643 29.5925555291 1.7249319761 30.4127204931 30.7240453033 30.1578339874 2.7287267571 7.1740079158 14.6615508071 6.6 6.2 6.5 6.4 24.5 6.3 6.3 6.6 30.214274771 1.4768182948 6.5 4.8892557464 30.39071197 30.2333333333 13.7859549217 15.1956009364 6 30.2487248999 8.2042261031 30.353428636 30.3108185325 10.903030303 30.2555555556 31.0666666667 30.0666666667 30.7761904762 7.7 30.2289342698 30.9 8.3666666667 8 6.5333333333 7.8 7.9 7.8 7.8 25.5 4.3 1.1 6.8768182948
4.6 4.6 3.5 3.9 3.6 4.6 4.3 4.4 4.3 4.4 4.3 7.05 6.75 5.85 4.2 6.55 6.15 5.9 7.1 6.2 30.1453558739 6.8 30.378511354 10.7205792798 4.1615508071 5.4946277864 30.6315546285 25.2590193633 30.4539264695 30.4111149814 6.0967854397 6.1 6.3 6.1 6.4 5.7 5.8 5.4 30.2289342698 30.6067245426 5.1 30.3 6.6 6.7 6.1 10.5615508071 6.2 14.1787919471 6 30.0629494148 7.1 30.2904286252 30.2991289 23.1328101159 30.7 16.9768182948 30.6714045971 25.9869026671 31.0889883586 8.8006271054 14.9138488355 7.4 7.5 7.9 30.5550633642 20.7 10.2 7.0380952381 30.1 30.3 8 6.85 9.75 6.9564102564
3.8 3.6 3.8 4.3 4.6 4.5 4.4 4.3 4.2 4.2 4.3 6.85 6.75 6.15 3.7 30.3 6.65 6.8 30.398142394 6.8 2.8666666667 17.09071197 5.6892557464 6.7384487607 20.3135735976 1.6267895821 7.0856743286 30.2784048832 23.5240453033 16.1801158374 10.7153372142 10.4897640738 30.1073155329 5.7 5.9 6.2 7.7714045971 6.1 5.9 6.3 22.3961517174 30.4193279424 23.3098388924 30.5892203723 4.6564102564 29.6618913743 5.8 6.9 23.7169601147 30.4892557464 30.5903557635 20.5742996679 18.5628248883 18.5666087768 7.4 21.9556550252 5.2585207206 30.5417852127 30.8134491708 6.5 30.9383691019 6.7 7.2 5.1524976531 8 15.6 4.3181350989 1.5703703704 7.6 8 7.9 6.95 9.5901371761 7.1644313952
3.7 3.9 4.3 4.2 4.4 4.5 4.5 4.1 4.3 4.4 4.4 6.85 6.75 5.95 6.65 6.25 6.75 6.15 6.7 6.6 6.6 30.4333333333 30.4928371643 3.9135735976 6.4 6.6 7.5570224301 27.1205455818 6.6 30.4120225406 30.756466985 10.7245602819 7 6.7 6.3 6.1 6.7 6.4 6.4 6 13.6934849615 30.7415013475 5.4 6.1 6 5.8 6.2 6.5 6.1 6 7.1 26.0207592179 10.1047379305 30.399404584 30.5587567673 12.4540382048 18.5528909085 9.4159705015 31.0417852127 7 6.7 6.7 30.4690047263 31.2595038309 30.7813298853 9.2955834467 7.2748334564 7.8 9.6666666667 4.6666666667 30.6 14.7666666667 5.0774851991 2.7314757273
4.5 4.3 4.4 4.4 4.5 4.7 4.2 4.2 4.4 4.7 4.4 6.75 6.75 6.75 6.35 5.85 30.5 6.85 6.3 6.7 5.2 5.7 6 6.7 6.9 30.0570224301 30.29071197 7 8.5475950733 10.9573786367 22.8573786367 30.4380712638 30.6434849615 8.8666666667 30.6666666667 24.1666666667 7.3 6.6 26.2570224301 30.4235829038 6.2 6.2 6 5.8 13.8181192171 7.8729948341 5.7 18.0934562487 6.2 31.2872459465 30.7451780206 4.2205792798 5.2782210422 28.9890396954 12.2682213103 4.743952253 30.4351191813 9.0035521076 30.1903557635 30.6084518793 6.4 30.0573786367 30.7786892072 30.8813298853 24.9903557635 30.2417852127 6.6681050248 1.3374901471 9.6 30.4 30.3 30.5 25.1222222222 30.2666666667
4.4 4.5 4.6 4.6 4.4 4.3 4.3 4.3 4.4 4.1 4.3 7.05 6.85 20 6.3 6.75 6.25 6.45 6 6.4 30.435446344 13.0616480027 6.9 6.7 30.3 21.09071197 10.8892557464 6.9 30.0782174738 30.3381572756 30.6937128312 7.3 7 6.8 7 7 7.1 13.9084518793 12.6 30.5223216919 9.7 6.6 30.3240453033 5.2 5 5.2 6.4 6.1 30.0666666667 6.4 6.2 6.6 30.4666666667 9.0009114294 30.4958674673 7.2 30.5993623108 6.8 15.5813298853 31.0955834467 30.4302373727 30.6540925512 30.4911673208 26.7955834467 30.3417852127 10.6225890798 6.25 25.1956009364 30.5666666667 4.5666666667 2.0666666667 17.7666666667 30.15 7.85
4.4 4.6 4.6 4.4 4.7 4.2 4.3 4.2 4.3 4.2 4.3 4.5 4.5 6.05 6.05 10.3 7.9 6.85 6.3 30.3678658549 30.6181192171 4.6207704779 8.0905296316 7.2 7.9292657005 6.9 7.1 9.6 4.369104196 30.7522349452 22.5 7.3 7.2 6.9 7.1 6.6 7.1 1.6726779369 7.3 30.4090005921 7.4 23.1754153933 6.1 6.3 6 6.2 6.2 6.3 30.6666666667 6.8 22.7051154274 30.6742996679 30.8444323581 14.5838120122 7.1475304232 18.3237619586 9.241134965 30.393075142 11.4684525146 19.3958969948 30.4 4.1134491708 7.6393446036 12.2785371601 4.6384753952 30.9088191311 6.45 7.3 9.5333333333 9.6333333333 16.1 30.3333333333 30.5333333333 10.55
4.7 4.5 4.2 4.4 4.7 4.3 4.4 4.5 4.5 4.1 4.4 4.5 4.2 6.05 6.85 5.95 6.15 6.65 6.4 6.6 8.8955834467 13.826507906 16.5928371643 30.126286502 30.1637572938 30.4835203106 7 7.2 27.5703703704 30.340057876 7.3 7.2 7.2 14.3768182948 7 7.2 1.6564102564 18.2564102564 7.3 7 7.4 7.5 6.9 1.9843572659 6.8 6.9 6.8 30.361450055 6.2 7.9807843887 7.1098879263 30.9821701562 30.4983456956 7.9191643198 30.2487248999 4.6134491708 7.303030303 12.8761904762 7.3745942812 2.8132241218 28.1661434492 30.5889883586 30.2640561799 5.1457042423 1.5755853852 30.1670295079 1.8377707402 22.2222222222 16.5222222222 30.0222222222 30.1222222222 15.75 8.45 10.95
4.6 3.9 3.9 4.1 4.4 4.4 4.4 3.9 4.3 4.6 4.5 4.5 3.6 6.45 6.45 6.05 6.05 13.2768182948 6.85 6.9 16.0869632333 11.7570224301 6.926507906 21.6564484313 30.2685658488 30.0302373727 6.7 6.9 7 7.2 12.8268601941 7 30.7737387429 30.2746415108 30.8761904762 14.7761904762 4.4166666667 7.4 30.6166666667 15.2419755892 30.4916625669 7 9.0238672278 6.7 6.6 15.235446344 7.1 30.5827011897 19.1434982679 1.3923526966 17.7223216919 7.7850892186 5.8 30.5893298864 30.60209398 30.3273168347 10.9630813152 5.55 6.25 15.9111111111 9.6333333333 30.3333333333 9.2555555556 30.603030303 30.5222222222 6.7 6.35 9.5 3.8 7.05 7.45 7.15 8.05 12.75
17.95 5.6 5.6 4.8 4.9 3.8 3.7 3.8 4 3.8 3.5 3.9 3.8 6.05 6.15 4.4047650464 6.35 6.75 17.55 7.1 6.8 6.8 14.0603794978 30.4240453033 12.4911673208 30.4153372142 13.7618805153 30.41898463 30.2422194537 7.4 30.3270461645 24.3302373727 6.7 30.1869026671 6.4 15.5111111111 7 12.9 7.5 7.2 9.9 30.8444444444 29.3 7.25 30.8363636364 30.2083333333 7 7.1 21.2032244134 17.3376880965 12.3 6.7 6.9 7.3 9.8384487607 15.0765569041 5.9138991347 2.1239552048 3.1666666667 30.3111111111 7.4111111111 6.0570224301 30.447996552 9.65 30.9217300308 6.65 11.9 7.15 12.2067245426 9.5484520197 1.5081667897 6.7134491708 5.1406649427 12.65
NaN 5.7 6 9.4 5.8 5.8 30.4 5.6 5.6 5.7 4.3 4.5 4.7 4.4 6.15 6.25 6.45 6.55 7.35 30.1768182948 30.497178591 30.0848537679 11.263570706 6.4540925512 9.7641856825 30.3471596063 15.04984391 6.55 30.4684525146 30.2813298853 30.5240453033 6.95 30.6134491708 30.7889883586 7.15 30.4570224301 20.4333333333 30.8333333333 30.4333333333 14.2059860233 30.7644437802 7.35 6.65 6.45 6.55 7.05 7.15 7.45 7.35 30.8815230842 30.4032244134 16.5194011491 30.4805354371 30.3838046346 30.5799677164 9.275118546 2.3476254443 30.4856826954 13.8813855149 30.3111111111 12.5111111111 30.5666666667 7.15 4.5777777778 6.75 30.5564102564 6.55 9.8564102564 7.25 7.25 12.2714045971 7.45 30.296961025 30.4937398861
NaN NaN 1.5 6 6 5.6 30.5 5.8 5.8 5.5 5.7 5.5 5.8 7.85 6.55 5.85 6.35 30.59071197 7.15 11.4353191866 30.116476147 7.7598811283 21.6578339874 6.95 13.7091218061 6.75 13.2850406063 30.4266136648 9.0958969948 7.05 30.4120225406 30.6236890968 30.6393446036 6.25 28.7794273899 30.247996552 21.8555555556 6.45 30.3555555556 30.2302830782 6.85 6.85 30.1585392229 10.1839733804 6.75 30.5615508071 7.7829332032 30.4093499059 30.6490013082 7.75 7.45 30.6477344001 30.3603794978 30.5681050248 30.4417852127 30.6570224301 30.6621722674 17.6078695051 30.6883966975 30.4111111111 6.0111111111 10.5666666667 6.5761904762 14.6901371761 9.85 7.15 6.55 9.95 30.15 17.45 10.05 7.15 30.69071197 30.2589232249
NaN NaN NaN 5.8 9.6 31 6 6 5.5 11.8 17.3 7.6 30.4 7.85 6.95 6.65 7.05 12.25 6.95 18.3622501134 7.05 7.25 6.75 9.6223216919 8.3260343862 6.75 6.25 28.3042261031 15.4511991882 6.35 5.85 6.45 24.5501731634 30.5440446391 30.1934119078 30.7084518793 7.4666666667 11.6969040394 1.3901371761 29.8094922192 14.6694840324 6.85 17.25 12.6266010238 30.35 7.55 12.4971540342 30.4373355562 30.7176752738 8.6617989856 6.85 17.0207592179 10.3302373727 30.2748334564 7.8178056689 30.238708522 16.2934562487 30.2048156164 30.0729948341 20.2111111111 15.15 7.25 7.05 7.15 25.2111111111 30.3111111111 30.2111111111 30.6111111111 12.05 9.85 9.95 7.05 7.05 30.1615508071
NaN NaN NaN 5.3 30.4 6 6.3 6 6.1 5.8 10.45 8.05 5.5 7.75 7.05 6.85 7.05 6.65 6.55 6.75 9.65 7.15 6.95 30.2540925512 30.1134491708 5.3768182948 8.1758686137 30.2533326691 23.0705834467 6.45 6.35 5.5666666667 6.8777777778 7.3833333333 30.7897435897 6.65 6.65 6.15 5.9084518793 6.137864697 30.635208726 30.9651472445 6.95 30.6300971077 31.003030303 30.498142394 9.8768182948 30.25 7.45 6.95 15.7060112703 2.4219010501 6.95 8.1835203106 1.8574638207 7.3471417218 22.2758686137 10.178316797 30.8733912093 23.7158761576 30.5084518793 6.85 17.8333333333 6.45 8.5666666667 8.1666666667 8.0666666667 30.0666666667 6.1666666667 30.5666666667 8.5245006541 6.95 7.45 9.95
30.15 NaN NaN NaN 5.5 5.4 NaN 5.8 30.2 30.55 10.65 30.35 8.15 18.15 5.7578685395 7.35 7.35 30.3270461645 7.1384487607 7.15 17.65 7.25 6.85 9.95 8.3615508071 8.0946277864 10.9267895821 5.91898463 6.478511354 6.45 12.4541587328 7.15 6.05 13.2295231453 30.1948749122 6.85 30.4333333333 6.1666666667 6.6067245426 30.3434849615 2.4811298163 6.35 6.45 27.95 9.85 9.75 30.1897785367 30.322521847 6.65 6.65 2.7235829038 7.05 6.95 22.6289342698 7.3116052299 30.1349737791 30.3117382165 26.32568603 30.1648090607 6.35 6.45 6.25 6.75 7.3555555556 4.8270461645 6.25 6.55 15.7761904762 22.5761904762 30.1761904762 6.9376880965 30.1135735976 5.9311250567 25.4
28.35 30.55 8.15 NaN NaN 5.4 5.6 5.6 7.75 18.05 30.7 8.25 23.1242242458 7.95 7.05 15.55 7.05 NaN 11.6847858837 6.85 7.05 6.55 11.1333333333 26.2537203881 8.3316790289 23.7267895821 30.2856743286 30.6333333333 30.4333333333 9.95 12.35 7.35 30.35 7.05 1.8062672167 7.25 7.05 5.95 6.95 6.65 5.95 29.4207592179 7.05 30.1526087569 9.85 30.3850406063 30.8853397564 7.65 6.85 6.8705960277 9.6343272963 1.3874920661 6.5564102564 12.4 4.7564102564 2.1385891958 30.6417852127 23.6302373727 30.8937128312 9.65 6.95 1.8358404189 6.503030303 6.903030303 19.298142394 30.6777777778 30.3777777778 8.4777777778 12.2777777778 30.1777777778 30.3694840324 30.3311250567 5.5328101159 30.6660289775
24.95 16.05 25.85 13.05 NaN NaN NaN 4.1 7.85 7.65 7.85 NaN 30.7558900823 8.25 7.15 10.25 17.55 7.45 7.35 7.5768182948 5.5513641714 29.8666666667 15.4 13.91056489 5.9011704976 6.11898463 30.2570224301 27.0666666667 27.65 9.95 7.45 30.15 24.9727487108 27.6175430751 30.5242242458 30.4393193566 7.25 6.55 7.15 6.85 30.6625444306 31.4570224301 30.3591076631 6.65 5.2328411419 30.4117382165 31.1060112703 22.2236890968 30.3453558739 10.0219010501 10.1115754658 16.9002554047 12.5222222222 6.75 11.6257618163 9.6977602346 7.15 14.3911673208 8.8118446873 5.7356117652 2.0208927697 4.4169517877 4.0222222222 9.2222222222 30.0202728564 30.6083333333 30.2083333333 30.5083333333 21.7083333333 4.6183739396 30.2450715499 22.3758686137 15.2192754236 30.5726779369
7.95 7.95 30.45 30.35 8.05 10.35 7.75 NaN NaN NaN NaN NaN 7.95 7.2893446036 30.75 30.602378304 7.45 7.15 30.2687796773 7.45 9.85 5.7969040394 12.2252444916 30.6418083139 30.4922860495 17.3665805837 27.4812466759 30.2666666667 7.25 6.95 6.85 7.35 7.25 7.15 22.35 6.75 6.75 6.35 6.35 6.65 6.95 30.538708522 30.9595038309 6.55 6.65 30.4318455014 30.6801158374 3.6326039052 30.3573786367 30.7683086365 7.05 30.1909187831 30.5752543046 30.573998276 4.2847858837 30.0963442264 30.1480057157 30.1101749826 30.8578339874 30.3523409952 10.3870412155 7.6421966066 11.6380952381 7.1380952381 7.0380952381 12.2380952381 27.5450715499 6.85 10.0758686137 7.15 9.4726779369 30.5578685395 10.2716618094 30.4084518793
30.35 10.35 15.35 6.7 7.45 7.35 7.65 7.95 8.15 13.55 10.95 8.15 NaN NaN 7.45 7.45 NaN NaN 6.95 6.95 30.2134491708 14.9915219852 6.95 13.4622501134 17.3340669095 26.1267895821 8.871505315 30.6197773382 6.65 7.05 7.15 12.15 7.05 30.3 30.7 30.2 6.85 6.85 6.35 7.15 10.0574638207 7.05 30.3993623108 5.45 6.65 6.65 30.7095238095 30.363570706 30.6055575185 7.2194193466 10.2088191311 30.1723311278 9.7248334564 30.4924010611 30.2761904762 23.8501096867 30.4314757273 6.9825157082 30.5 7.5047379305 7.7671695589 30.32568603 30.5833292142 6.15 6.05 30.4703703704 30.6726779369 30.6166666667 30.2578685395 7.7716618094 8.6453558739 14.178511354 30.5333333333 30.5
23.25 30.45 23.05 7.25 7.85 8.05 15.55 7.65 15.35 7.95 26.45 8.05 30.1297141553 16.05 30.5302373727 NaN NaN 6.95 4.8 30.7570224301 7.05 5.4041568138 30.6347716914 18.7869632333 30.0666666667 30.5782210422 30.403083626 6.0198724248 8.0222222222 6.95 7.15 6.85 6.85 7.05 30.9 6.75 6.25 6.55 9.75 9.95 7.15 7.65 12.35 31.0111111111 6.85 30.5923526966 30.4419755892 30.2590193633 8.3092535051 30.2060112703 12.25 30.5329525334 6.75 6.6632972377 11.1687796773 14.9714285714 1.6333333333 15.8236890968 30.6 30.1240453033 10.7786892072 30.1282174738 6.05 30.7333333333 22.7333333333 30.8333333333 30.6333333333 30.8111111111 28.278511354 30.4333333333 18.1 26.9570224301 8.2540925512 30.0666666667
30.85 20.75 30.4 10.65 31 12.7 30.2 7.45 7.95 8.45 9.85 10.25 7.25 30.2450715499 23.75 NaN NaN 6.95 5 4.6 4.9 7.05 30.3384487607 8.9225890798 11.9578339874 30.2174833192 21.1230658168 8.1504210912 6.65 7.15 7.05 6.95 7.55 7.35 7.25 6.75 6.85 6.85 30.55 14.75 30.4094922192 12.25 30.8333333333 30.2540925512 30.8714045971 NaN 9.647996552 30.6617874766 12.9889883586 5.0467825041 25.8417852127 6.7903557635 22.1146632187 8.2684525146 15.0190387257 30.3487248999 5.2648090607 6.85 30.3911673208 6.85 30.0540925512 9.7134491708 25.0889883586 30.2333333333 30.6333333333 30.4333333333 30.3333333333 11.0666666667 23.8666666667 30.0540925512 10.3453558739 31.147996552 30.6134491708 15.85
23.15 30.85 30.25 13.35 7.85 10.35 7.55 7.95 7.25 12.8761904762 30.4761904762 30.747996552 31.0666666667 8.6333333333 7.95 NaN 4.7 4.6 4.7 4.7 4.4 30.2669472598 8.7285580409 6.2574333907 8.7326204837 10.7604794146 30.5928362784 9.2 7.15 NaN 17.15 30.55 7.25 7 7.55 15.05 7.25 15.05 30.8 7.15 30.1513641714 30.0666666667 31 6.25 NaN 30.2660289775 29.8928371643 4.647996552 25.2883656714 7.2888888889 4.8955834467 1.747996552 2.2595038309 30.6422194537 6.75 30.2042261031 18.2741510037 4.6117159916 31.0268983415 30.7994484251 30.7 27.2393446036 6.95 30.2555555556 30.0555555556 7.2555555556 30.6555555556 13.3270461645 7.4761904762 4.9134491708 31.0615508071 30.8094922192 5.0660289775 30.4328101159
