Outfile_5.asc
NCOLS 201
NROWS 151
XLLCORNER 730592.938286
YLLCORNER 2561222.529137
CELLSIZE 145.176046
NODATA_VALUE NaN
[rows 33 to 65 of 151, columns 0 to 73 of 201]
NaN NaN NaN NaN NaN NaN NaN NaN NaN NaN NaN NaN NaN NaN NaN NaN NaN NaN NaN NaN NaN NaN NaN NaN NaN NaN NaN NaN NaN NaN NaN NaN NaN NaN NaN NaN NaN NaN NaN NaN NaN NaN NaN NaN 8.2 31.7 31.7 10.8 30.2 31.8 7.8 7.3 25.4 15.7 30.3 10.4 30.5 8.8 30.7618913743 30.7615508071 31.5205792798 30.878511354 30.3 7.6 6.9 6.9 9.7 7.4 7.3 7.1 16.7161994504 30.4663880718 7.5 30.9660289775
NaN NaN NaN NaN NaN NaN NaN NaN NaN NaN NaN NaN NaN NaN NaN NaN NaN NaN NaN NaN NaN NaN NaN NaN NaN NaN NaN NaN NaN NaN NaN NaN NaN NaN NaN NaN NaN NaN NaN NaN NaN NaN NaN 30.4 31.5 31.2 30.8 21.2 30.7 30.4 25.5 7.8 7.1 30.1 30.7 31.2 20.5 8.4 7.7 7.1 7.7 31.0270461645 30.678511354 30.7 30.7333333333 30.0333333333 31.3517072729 13.2 10.1 7.8 12.4 7.4 7.1 8.5222222222
NaN NaN NaN NaN NaN NaN NaN NaN NaN NaN NaN NaN NaN NaN NaN NaN NaN NaN NaN NaN NaN NaN NaN NaN NaN NaN NaN NaN NaN NaN NaN NaN NaN NaN NaN NaN NaN NaN NaN NaN NaN NaN NaN 31.1 32.2 31 31.5 31.6 31.6 31.3 20.4 30.2 17.7 30.8 31.8 22.9 20.8 30.2 7.4 8.414274771 7.7 30.4 7.2205792798 12.6540925512 7.5 7.6 7.7 30.4 8 30.2 31.2827842464 31.047996552 30.1017858479 30.4217300308
NaN NaN NaN NaN NaN NaN NaN NaN NaN NaN NaN NaN NaN NaN NaN NaN NaN NaN NaN NaN NaN NaN NaN NaN NaN NaN NaN NaN NaN NaN NaN NaN NaN NaN NaN NaN NaN NaN NaN NaN NaN NaN NaN 31.5 31.3 31 31.5 31.8 31.3 24 30.5 30.2 15.4 27.8 30.6 8.3 7.9 31.1 9.2 23 30.7 30.5 22.6 30.8134491708 7.6 30.2 30.7384487607 30.8726779369 15.2 30.5333333333 7.9 13 23.6660289775 30.1
NaN NaN NaN NaN NaN NaN NaN NaN NaN NaN NaN NaN NaN NaN NaN NaN NaN NaN NaN NaN NaN NaN NaN NaN NaN NaN NaN NaN NaN NaN NaN NaN NaN NaN NaN NaN NaN NaN NaN NaN NaN NaN NaN 31.6 31.4 32.3 30.1 31.3 31.6 31.8 26.4 20.8 30.4 8.1 9.9 30.2 30.6 31.5 7.3 15.9 8.1 31.1 30.4328101159 7.2 30.6556550252 7.4 30.8 10.7 7.8 23.6 10.9 30.5 7.8 30.6
NaN NaN NaN NaN NaN NaN NaN NaN NaN NaN NaN NaN NaN NaN NaN NaN NaN NaN NaN NaN NaN NaN NaN NaN NaN NaN NaN NaN NaN NaN NaN NaN NaN NaN NaN NaN NaN NaN NaN NaN NaN NaN NaN NaN 31.6 32.2 32.1 31.4 30.7 30.9 31.2 30.2 31 31.3 28.3 31.2 11.9 30.3 31.1 30.5 31.4 31.3 30.7 31.6 31 7.4 20.3 30.5453558739 7.6 30.7084518793 30.0134491708 8.1 30.7 20.3
NaN NaN NaN NaN NaN NaN NaN NaN NaN NaN NaN NaN NaN NaN NaN NaN NaN NaN NaN NaN NaN NaN NaN NaN NaN NaN NaN NaN NaN NaN NaN NaN NaN NaN NaN NaN NaN NaN NaN NaN NaN NaN 9.9 12.5 30.8 10.7 31.8 31.4 32 31.1 13.4 31.3 30.7 19.3 30.1 30.8 30.8 30.8 31.7 7.7 30.3 30.9 31.6 30.2 30.9 7.5 7.2 9.8 7.2 30.2 30.5 12.6 9.4618913743 30.5
NaN NaN NaN NaN NaN NaN NaN NaN NaN NaN NaN NaN NaN NaN NaN NaN NaN NaN NaN NaN NaN NaN NaN NaN NaN NaN NaN NaN NaN NaN NaN NaN NaN NaN NaN NaN NaN NaN NaN NaN 31.7 32 31.4 31.1 30.5 8 31.5 30.7 30.1 31.7 31.5 31 8.5 31.5 31 30.8 31.1 20.9 18.2 31.7 31.6 12.8 31.1 30.5 6.9 7 9.6 6.7 6.4 6.8 7.1 7.5 7.7 31.1768182948
NaN NaN NaN NaN NaN NaN NaN NaN NaN NaN NaN NaN NaN NaN NaN NaN NaN NaN NaN NaN NaN NaN NaN NaN NaN NaN NaN NaN NaN NaN NaN NaN NaN NaN NaN NaN NaN NaN NaN 6.4 31.5 9.8 31.3 31.3 30.5 13.2 31.7 10.1 30.9 31.5 25.3 31.3 30.3 31.4 31.9 30.9 30.9 31.1 31.4 31.1 31.5 30.8 6.8 7.3 6.8 7.3 6.6 6.6 6.8 31.0856743286 7.6 10 30.2205792798 15.2
NaN NaN NaN NaN NaN NaN NaN NaN NaN NaN NaN NaN NaN NaN NaN NaN NaN NaN NaN NaN NaN NaN NaN NaN NaN NaN NaN NaN NaN NaN NaN NaN NaN NaN NaN NaN NaN NaN NaN 10.1 30.4 30.8 7.7 30.5 30.4 31.4 7.3 7.5 12.6 30.4 10.5 20.6 31.1 30.6 30.7 30.7 10.8 32 32.1 9.8 31.9 30.8 10.2 7.1 30.4 30.2 6.8 6.7 7.1 6.6 7.1 6.9 30.378511354 30.2892557464
NaN NaN NaN NaN NaN NaN NaN NaN NaN NaN NaN NaN NaN NaN NaN NaN NaN NaN NaN NaN NaN NaN NaN NaN NaN NaN NaN NaN NaN NaN NaN NaN NaN NaN NaN NaN NaN NaN NaN 10.3 12.9 7.7 17.6 7.2 7.3 30.1 23.1 24.3 7.4 30.9 20.4 30.2 27.5 9.3 31.3 30.8 31.5 31.1 30.3 31.7 31.5 30.9 9.8 7.4 6.9 30.7 6.6 30.4 6.4 6.3 26.2267895821 30.2856743286 30.3333333333 7.2
NaN NaN NaN NaN NaN NaN NaN NaN NaN NaN NaN NaN NaN NaN NaN NaN NaN NaN NaN NaN NaN NaN NaN NaN NaN NaN NaN NaN NaN NaN NaN NaN NaN NaN NaN NaN NaN NaN 30.2 30.4 30.6 30.4 30.7 7.4 9.9 30.4 7.2 10.4 7.4 30.6 7.3 30.2 30.9 30.7 11 30.3 7.9 30.6 8.5 7.9 30.7 20 31.7 30.9 7 31.2 6.9 6.8 6.4 6.4 6.5946277864 30.2267895821 10.0856743286 6.9
NaN NaN NaN NaN NaN NaN NaN NaN NaN NaN NaN NaN NaN NaN NaN NaN NaN NaN NaN NaN NaN NaN NaN NaN NaN NaN NaN NaN NaN NaN NaN NaN NaN NaN NaN NaN NaN NaN 8.1 31.1 31.1 26.2 30.5 7.9 15.2 7.6 7.7 30.5 30.6 30.7 7.7 30.4 31.1 7.7 30.1 20.5 31 31.1 31 31.6 7.4 30.5 30.6 7.4 6.3 6.4 31 6.8 31.5 17.9 12.7 7.3 6.4 7.9666666667
NaN NaN NaN NaN NaN NaN NaN NaN NaN NaN NaN NaN NaN NaN NaN NaN NaN NaN NaN NaN NaN NaN NaN NaN NaN NaN NaN NaN NaN NaN NaN NaN NaN NaN NaN NaN NaN NaN 31.1 10.9 30.5 31.1 30.2 31 10 30.8 7.2 30.9 8.1 8 30.5 30.3 15.2 31.6 30.3 31.3 31.7 8.3 7 24.7 30.6 31.5 30.8 30.9 30.5 6.2 7.2 14.7 28.4 7.4 7.3 14.5242242458 30.5946277864 30.5928371643
NaN NaN NaN NaN NaN NaN NaN NaN NaN NaN NaN NaN NaN NaN NaN NaN NaN NaN NaN NaN NaN NaN NaN NaN NaN NaN NaN NaN NaN NaN NaN NaN NaN NaN NaN NaN NaN NaN 7.6 30.2 8.1 31 7.9 30.9 31.6 30.3 25 8.2 31.3 30.5 12.9 18.1 25.2 30.5 8.2 31.3 7.8 7.1 30.5 31.9 30.8 30.7 12.4 31.4 31 30.1 12.4 17.5 30.1 30.4 17.6083333333 6.8083333333 1.735702243 30.5923526966
NaN NaN NaN NaN NaN NaN NaN NaN NaN NaN NaN NaN NaN NaN NaN NaN NaN NaN NaN NaN NaN NaN NaN NaN NaN NaN NaN NaN NaN NaN NaN NaN NaN NaN NaN NaN NaN NaN 7.4 30.7 10.3 8.2 10.2 10.2 30.6 31.4 15.4 30.6 30.3 10.1 14.5 30.5 30.6 10.5 31.6 30.4 31.4 7.2 31.5 30.6 30.6 30.6 31.3021130107 9.9 10 7.5 7.5 30.4777777778 28.1 7.8 4.403030303 30.303030303 31.203030303 7.2
NaN NaN NaN NaN NaN NaN NaN NaN NaN NaN NaN NaN NaN NaN NaN NaN NaN NaN NaN NaN NaN NaN NaN NaN NaN NaN NaN NaN NaN NaN NaN NaN NaN NaN NaN NaN NaN 30.4 10.2 10.6 17.8 30.6 7.8 31 10.3 8.2 30.5 8.1 31.3 31.1 31.8 30.7 30.1 31.5 31.2 31.3 30.4 7.4 7.8 30.6188440482 30.435702243 30.8564102564 31.0847858837 7 30.4 32.0166666667 27.8 30.5761904762 8.3 30.5 11.3 7.6 30.3 7.5
NaN NaN NaN NaN NaN NaN NaN NaN NaN NaN NaN NaN NaN NaN NaN NaN NaN NaN NaN NaN NaN NaN NaN NaN NaN NaN NaN NaN NaN NaN NaN NaN NaN NaN NaN NaN 30.5 31.1 30.5 10.9 15.3 15.4 30.2 10.5 30.6 30.6 30.8 10.1 31.6 15.6 20.6 30.8 28 30.4 31.6147188482 18.2 6.8 6.8 31.2847858837 31.3192754236 6.3 6.8 7 6 31.0084518793 17.9 30.5 30.1 30.8 30.6 30.6 31.6333333333 31.0333333333 30.3570224301
NaN NaN NaN NaN NaN NaN NaN NaN NaN NaN NaN NaN NaN NaN NaN NaN NaN NaN NaN NaN NaN NaN NaN NaN NaN NaN NaN NaN NaN NaN NaN NaN NaN NaN NaN 10.1 30.2 31 14.8 30.9 8.2 30.7 18.3 30.5 10.2 7.9 8 8.1 23.3 10.7 31 30.8 17.7 7 30.5094922192 30.6384487607 31.2726779369 31.3166666667 30.5761904762 31.2716618094 30.6453558739 30.3540925512 31.0666666667 31.1333333333 11.3 31.3 31.8 31.89071197 NaN NaN 10.7 13.2 30.8333333333 25.6
NaN NaN NaN NaN NaN NaN NaN NaN NaN NaN NaN NaN NaN NaN NaN NaN NaN NaN NaN NaN NaN NaN NaN NaN NaN NaN NaN NaN NaN NaN NaN NaN NaN NaN NaN 7.9 30.3 31.2 30.7 8 30.2 30.6 10.8 30.4079276146 7.9 17.7 30.5 31.1 30.9 31.8268601941 8.1 30.8901371761 30.9 31.2761904762 14.1555555556 30.5666666667 30.4333333333 30.6111111111 30.5666666667 30.7333333333 26.6 30.9333333333 31.49071197 7.1 7.5 30.6 30.9 30.6 NaN NaN NaN NaN 13.7 30.7166666667
NaN NaN NaN NaN NaN NaN NaN NaN NaN NaN NaN NaN NaN NaN NaN NaN NaN NaN NaN NaN NaN NaN NaN NaN NaN NaN NaN NaN NaN NaN NaN NaN NaN NaN NaN 12.7 30.9 30.4 30.9 30.2 31.7108185325 30.2399385949 8.1 30.4017858479 31.2316790289 30.3681050248 8.1134491708 31.7578685395 30.5 31.01898463 31.3666666667 30.8333333333 30.9 30.7666666667 30.6333333333 31.3 30.6333333333 30.7666666667 31.09071197 31.0245006541 30.9453558739 30.8555555556 30.5714045971 7.1 7.5 8 8.1 10.2 NaN NaN NaN NaN 30.0450715499 30.2564102564
NaN NaN NaN NaN NaN NaN NaN NaN NaN NaN NaN NaN NaN NaN NaN NaN NaN NaN NaN NaN NaN NaN NaN NaN NaN NaN NaN NaN NaN NaN NaN NaN NaN NaN NaN NaN 1.4 24 10.7 31.1450715499 30.3758686137 12.3 25.1042261031 30.4 26.2 7.9 30.9084518793 31.0245006541 30.978511354 16 31.1 30.3 31.2 30.1666666667 30.578511354 23.4245006541 31.0453558739 17.51898463 30.547996552 30.8578685395 30.8042261031 30.7384487607 30.5017858479 13.6 30.64984391 16.1 8.8 31.3 NaN NaN NaN NaN NaN NaN
NaN NaN NaN NaN NaN NaN NaN NaN NaN NaN NaN NaN NaN NaN NaN NaN NaN NaN NaN NaN NaN NaN NaN NaN NaN NaN NaN NaN NaN NaN NaN NaN NaN NaN NaN NaN NaN 14.5635231517 30.1094922192 30.8726779369 30.5376880965 30.8716618094 30.8245006541 30.4 30.7 30.9333333333 30.4 31.1 8.3 30.9 26.2 NaN NaN 13.1 7.3 30.6042261031 30.5615508071 20.3268601941 30.6017858479 18.273998276 30.253428636 30.2289342698 30.8108185325 31 30.5 30.8 11 26.1 30.2 NaN NaN NaN NaN NaN
NaN NaN NaN NaN NaN NaN NaN NaN NaN NaN NaN NaN NaN NaN NaN NaN NaN NaN NaN NaN NaN NaN NaN NaN NaN NaN NaN NaN NaN NaN NaN NaN NaN NaN NaN NaN NaN NaN 8.1 30.4453558739 18.8 31 31.2 25.5 31.5111111111 31.1 31.4 17.9555555556 23.9 30.5 NaN NaN NaN NaN 30.5 30.853428636 30.435702243 25.2202728564 15.6079276146 31.4 6.2 31 30.8 11.4 6.6 30.7 8.9 30.9 NaN NaN NaN NaN NaN NaN
NaN NaN NaN NaN NaN NaN NaN NaN NaN NaN NaN NaN NaN NaN NaN NaN NaN NaN NaN NaN NaN NaN NaN NaN NaN NaN NaN NaN NaN NaN NaN NaN NaN NaN NaN NaN NaN NaN NaN 21.3 30.4 30.4 31.6 30.9 31.4 8.3 30.2 30.5094922192 11.3 30.2 NaN NaN NaN NaN NaN 30.4 7.3 31.2 30.8 30.6 30.5 30.9 30.8 31.2 8.2 30.3 30.6 13.8 NaN NaN NaN NaN NaN NaN
NaN NaN NaN NaN NaN NaN NaN NaN NaN NaN NaN NaN NaN NaN NaN NaN NaN NaN NaN NaN NaN NaN NaN NaN NaN NaN NaN NaN NaN NaN NaN NaN NaN NaN NaN NaN NaN NaN NaN NaN 30.4 30.6 30.6 11.4 30.3 31.4 30.7 30.7 31 30.7 NaN NaN NaN NaN NaN 7.5 7.6 18.6 20.7 6.9 9.9 9.8 7.4 10.1 30.7 20.9 11.4 NaN NaN NaN NaN NaN NaN NaN
NaN NaN NaN NaN NaN NaN NaN NaN NaN NaN NaN NaN NaN NaN NaN NaN NaN NaN NaN NaN NaN NaN NaN NaN NaN NaN NaN NaN NaN NaN NaN NaN NaN NaN NaN NaN NaN NaN NaN NaN NaN 18.3 30.5 NaN NaN 21 31.5 30.8 31.3 NaN NaN NaN NaN NaN NaN 12.2 NaN 6.8 30.6 12.7 7.3 7.2 NaN 7.1 25.2 30.7 16.4 NaN NaN NaN NaN NaN NaN NaN
NaN NaN NaN NaN NaN NaN NaN NaN NaN NaN NaN NaN NaN NaN NaN NaN NaN NaN NaN NaN NaN NaN NaN NaN NaN NaN NaN NaN NaN NaN NaN NaN NaN NaN NaN NaN NaN NaN NaN NaN NaN NaN NaN NaN NaN 10.8 28.4 8.2 30.3 NaN NaN NaN NaN NaN NaN NaN NaN 6.8 7 7.4 7 NaN NaN NaN NaN 30.1 31.2 NaN NaN NaN NaN NaN NaN NaN
NaN NaN NaN NaN NaN NaN NaN NaN NaN NaN NaN NaN NaN NaN NaN NaN NaN NaN NaN NaN NaN NaN NaN NaN NaN NaN NaN NaN NaN NaN NaN NaN NaN NaN NaN NaN NaN NaN NaN NaN NaN NaN NaN NaN NaN NaN 8 NaN NaN NaN NaN NaN NaN NaN NaN NaN NaN NaN NaN NaN NaN NaN NaN NaN NaN 10.1 NaN NaN NaN NaN NaN NaN NaN NaN
NaN NaN NaN NaN NaN NaN NaN NaN NaN NaN NaN NaN NaN NaN NaN NaN NaN NaN NaN NaN NaN NaN NaN NaN NaN NaN NaN NaN NaN NaN NaN NaN NaN NaN NaN NaN NaN NaN NaN NaN NaN NaN NaN NaN NaN NaN NaN NaN NaN NaN NaN NaN NaN NaN NaN NaN NaN NaN NaN NaN NaN NaN NaN NaN NaN 17.2 NaN NaN NaN NaN NaN NaN NaN NaN
NaN NaN NaN NaN NaN NaN NaN NaN NaN NaN NaN NaN NaN NaN NaN NaN NaN NaN NaN NaN NaN NaN NaN NaN NaN NaN NaN NaN NaN NaN NaN NaN NaN NaN NaN NaN NaN NaN NaN NaN NaN NaN NaN NaN NaN NaN NaN NaN NaN NaN NaN NaN NaN NaN NaN NaN NaN NaN NaN NaN NaN NaN NaN NaN NaN NaN NaN NaN NaN NaN NaN NaN NaN NaN
NaN NaN NaN NaN NaN NaN NaN NaN NaN NaN NaN NaN NaN NaN NaN NaN NaN NaN NaN NaN NaN NaN NaN NaN NaN NaN NaN NaN NaN NaN NaN NaN NaN NaN NaN NaN NaN NaN NaN NaN NaN NaN NaN NaN NaN NaN NaN NaN NaN NaN NaN NaN NaN NaN NaN NaN NaN NaN NaN NaN NaN NaN NaN NaN NaN NaN NaN NaN NaN NaN NaN NaN NaN NaN
NaN NaN NaN NaN NaN NaN NaN NaN NaN NaN NaN NaN NaN NaN NaN NaN NaN NaN NaN NaN NaN NaN NaN NaN NaN NaN NaN NaN NaN NaN NaN NaN NaN NaN NaN NaN NaN NaN NaN NaN NaN NaN NaN NaN NaN NaN NaN NaN NaN NaN NaN NaN NaN NaN NaN NaN NaN NaN NaN NaN NaN NaN NaN NaN NaN NaN NaN NaN NaN NaN NaN NaN NaN NaN
