Outfile_2.asc
NCOLS 201
NROWS 151
XLLCORNER 730592.938286
YLLCORNER 2561222.529137
CELLSIZE 145.176046
NODATA_VALUE NaN
[rows 33 to 65 of 151, columns 0 to 74 of 201]
NaN NaN NaN NaN NaN NaN NaN NaN NaN NaN NaN NaN NaN NaN NaN NaN NaN NaN NaN NaN NaN NaN NaN NaN NaN NaN NaN NaN NaN NaN NaN NaN NaN NaN NaN NaN NaN NaN NaN NaN NaN NaN NaN NaN 7.9 31 31 10.7 20.4 31.2 7.5 7.1 7.1 7.7 10.2 7.3 9.9 7.7 11.6618913743 30.4615508071 30.8205792798 30.278511354 5.3 7.2 6.7 6.6 6.7 7.2 7.1 6.9 13.9161994504 30.3663880718 7.1 19.3660289775 7
NaN NaN NaN NaN NaN NaN NaN NaN NaN NaN NaN NaN NaN NaN NaN NaN NaN NaN NaN NaN NaN NaN NaN NaN NaN NaN NaN NaN NaN NaN NaN NaN NaN NaN NaN NaN NaN NaN NaN NaN NaN NaN NaN 18 30.7 30.4 30.4 10.8 30.5 30.2 7.4 7.2 6.9 7.7 30.3 30.5 10 7.7 7.6 7 7.4 15.8270461645 29.178511354 29.2 30.3333333333 14.6333333333 30.6517072729 7.4 9.6 7.3 9.8 7 6.8 5.7222222222 6.5
NaN NaN NaN NaN NaN NaN NaN NaN NaN NaN NaN NaN NaN NaN NaN NaN NaN NaN NaN NaN NaN NaN NaN NaN NaN NaN NaN NaN NaN NaN NaN NaN NaN NaN NaN NaN NaN NaN NaN NaN NaN NaN NaN 20.7 31.2 12.6 30.7 31.1 31.2 30.6 7.5 7.8 7.1 10.1 30.6 17.7 10.1 11.7 7.2 8.314274771 7.3 14.8 1.9205792798 2.1540925512 7.2 7.2 7.2 22.4 7.4 12.4 30.6827842464 30.447996552 3.6017858479 1.6217300308 6.7
NaN NaN NaN NaN NaN NaN NaN NaN NaN NaN NaN NaN NaN NaN NaN NaN NaN NaN NaN NaN NaN NaN NaN NaN NaN NaN NaN NaN NaN NaN NaN NaN NaN NaN NaN NaN NaN NaN NaN NaN NaN NaN NaN 30.7 18.5 30.6 30.7 30.9 30.8 8.3 17.6 7.5 7.3 9.6 10.1 7.8 7.5 30.3 6.3 7.8 10.1 7.2 9.7 13.2134491708 7.1 7.3 30.1384487607 30.3726779369 10 15.0333333333 7.7 7.4 5.5660289775 10.3 7.4
NaN NaN NaN NaN NaN NaN NaN NaN NaN NaN NaN NaN NaN NaN NaN NaN NaN NaN NaN NaN NaN NaN NaN NaN NaN NaN NaN NaN NaN NaN NaN NaN NaN NaN NaN NaN NaN NaN NaN NaN NaN NaN NaN 31.1 30.6 31.4 13.3 30.9 31 31 10.9 7.6 20 7.6 7 1.3 17.3 30.5 6.8 10.5 7.6 7.2 30.2328101159 6.9 14.2556550252 7.1 30.5 7.9 7.5 7.8 8 10.1 7.5 13.2 17.5
NaN NaN NaN NaN NaN NaN NaN NaN NaN NaN NaN NaN NaN NaN NaN NaN NaN NaN NaN NaN NaN NaN NaN NaN NaN NaN NaN NaN NaN NaN NaN NaN NaN NaN NaN NaN NaN NaN NaN NaN NaN NaN NaN NaN 30.9 31.4 30.8 30.7 20.8 25.6 23.3 15.7 13.3 12.6 7.5 30.5 6.4 1.5 30.7 30.2 30.8 30.5 30.1 30.9 30.7 7.2 9.9 30.2453558739 7.4 30.3084518793 9.0134491708 7.5 30.4 17.5 13.1
NaN NaN NaN NaN NaN NaN NaN NaN NaN NaN NaN NaN NaN NaN NaN NaN NaN NaN NaN NaN NaN NaN NaN NaN NaN NaN NaN NaN NaN NaN NaN NaN NaN NaN NaN NaN NaN NaN NaN NaN NaN NaN 9.7 9.8 22.7 7.6 30.8 11 30.8 30.3 7.9 30.5 30.5 6.3 14.2 10.7 30.3 30.1 30.4 7.4 12.4 30.3 31.1 30.1 30.6 7.1 6.9 6.7 6.5 7.1 9.6 9.9 6.6618913743 12.2 7.4
NaN NaN NaN NaN NaN NaN NaN NaN NaN NaN NaN NaN NaN NaN NaN NaN NaN NaN NaN NaN NaN NaN NaN NaN NaN NaN NaN NaN NaN NaN NaN NaN NaN NaN NaN NaN NaN NaN NaN NaN 31.1 31.1 30.9 30.6 12.8 7.5 30.9 30.4 13 30.9 30.8 30.7 8.1 31 30.4 30.5 30.7 7.8 12.8 31.2 30.9 7.5 30.8 30.3 6.6 6.8 6.5 6.1 6 6.5 6.9 6.9 7 30.5768182948 15.114274771
NaN NaN NaN NaN NaN NaN NaN NaN NaN NaN NaN NaN NaN NaN NaN NaN NaN NaN NaN NaN NaN NaN NaN NaN NaN NaN NaN NaN NaN NaN NaN NaN NaN NaN NaN NaN NaN NaN NaN 6.1 31.1 6.9 31 30.9 10.8 7.7 30.9 7.3 30.4 30.6 7.1 30.4 15.9 30.7 31.1 30.3 30.4 30.8 30.6 30.7 30.7 30.4 6.6 7.1 6.5 6.8 6.4 6.3 6.3 7.3856743286 7.1 7.1 14.4205792798 7.2 6.8
NaN NaN NaN NaN NaN NaN NaN NaN NaN NaN NaN NaN NaN NaN NaN NaN NaN NaN NaN NaN NaN NaN NaN NaN NaN NaN NaN NaN NaN NaN NaN NaN NaN NaN NaN NaN NaN NaN NaN 9.6 22.5 30.8 7.1 14.9 17.6 30.8 7 7 9.8 17.8 6.9 12.6 30.9 30.2 15.2 7.8 8 31.2 31.4 6.8 31.1 10 6.9 6.7 8.4 4 6.4 6.4 6.3 6.5 7.1 6.8 8.378511354 30.1892557464 6.6
NaN NaN NaN NaN NaN NaN NaN NaN NaN NaN NaN NaN NaN NaN NaN NaN NaN NaN NaN NaN NaN NaN NaN NaN NaN NaN NaN NaN NaN NaN NaN NaN NaN NaN NaN NaN NaN NaN NaN 7.4 10.1 7.4 6.9 6.6 7 8.3 17.8 6.9 7.2 30.4 7.2 25.5 7 8 30.8 22.6 30.5 30.8 6.9 30.9 30.7 30.4 6.6 6.7 6.8 30.5 6.2 17.5 6 6.1 6.1267895821 30.1856743286 17.2333333333 6.9 8.4892557464
NaN NaN NaN NaN NaN NaN NaN NaN NaN NaN NaN NaN NaN NaN NaN NaN NaN NaN NaN NaN NaN NaN NaN NaN NaN NaN NaN NaN NaN NaN NaN NaN NaN NaN NaN NaN NaN NaN 7.5 10.1 23 30.1 30.1 6.8 6.9 12.8 7.1 7.3 7.3 7.6 6.9 9.6 30.3 9.9 7.8 9.9 7.2 17.3 7.8 7.1 17.9 6.9 31 30.7 6.7 30.9 6.6 6.6 6.1 6.3 6.5946277864 9.3267895821 1.9856743286 6.7 6.9
NaN NaN NaN NaN NaN NaN NaN NaN NaN NaN NaN NaN NaN NaN NaN NaN NaN NaN NaN NaN NaN NaN NaN NaN NaN NaN NaN NaN NaN NaN NaN NaN NaN NaN NaN NaN NaN NaN 7.5 30.1 30.3 13.2 25.4 7.2 7.2 7.4 7.3 20 19.9 25.1 7.3 12.3 30.5 7.1 7.8 10 12.5 30.9 19.9 31 7.2 9.7 7.9 6.9 6.2 6.2 30.5 6.3 31.1 7.5 9.8 6.8 6.2 7.8666666667 3.5570224301
NaN NaN NaN NaN NaN NaN NaN NaN NaN NaN NaN NaN NaN NaN NaN NaN NaN NaN NaN NaN NaN NaN NaN NaN NaN NaN NaN NaN NaN NaN NaN NaN NaN NaN NaN NaN NaN NaN 30.5 7.5 10.2 30.3 7.4 30.5 7 12.5 7 30.5 7.7 7.4 7.8 9.7 7.2 31.1 19.1 30.5 30.9 7.6 6.5 14.3 17.2 31.1 6 16.2 30.3 6.1 6.5 6.7 7.7 6.9 7.1 6.6242242458 16.6946277864 9.1928371643 30.11898463
NaN NaN NaN NaN NaN NaN NaN NaN NaN NaN NaN NaN NaN NaN NaN NaN NaN NaN NaN NaN NaN NaN NaN NaN NaN NaN NaN NaN NaN NaN NaN NaN NaN NaN NaN NaN NaN NaN 7.4 7.5 7.6 30.7 7.3 30.3 30.8 7.3 7.1 7.5 25.3 7.3 7.3 7.4 7.2 10 7.8 30.7 6.5 6.7 16 31.1 30.4 10.8 6.9 30.6 30.7 6.7 7.1 17.3 12.6 15.9 9.4083333333 4.1083333333 1.435702243 19.4923526966 30.0928371643
NaN NaN NaN NaN NaN NaN NaN NaN NaN NaN NaN NaN NaN NaN NaN NaN NaN NaN NaN NaN NaN NaN NaN NaN NaN NaN NaN NaN NaN NaN NaN NaN NaN NaN NaN NaN NaN NaN 7.4 8 7.3 7.7 7.3 7.6 6.6 30.7 7.1 9.7 7.4 7.2 7.9 4 7.3 7.3 30.4 7 30.3 6.6 30.6 10.5 30.2 30.2 30.6021130107 7 6.7 6.9 7 30.0777777778 12.7 7.3 4.103030303 21.503030303 30.303030303 7 6.6
NaN NaN NaN NaN NaN NaN NaN NaN NaN NaN NaN NaN NaN NaN NaN NaN NaN NaN NaN NaN NaN NaN NaN NaN NaN NaN NaN NaN NaN NaN NaN NaN NaN NaN NaN NaN NaN 7.3 10.1 7.7 7.2 7.4 7.5 30.7 7.7 7.8 30 7.3 19.9 11.7 31.1 12.6 7.2 30.5 25.3 30.7 11.7 6.7 6.9 13.2188440482 23.535702243 30.4564102564 30.6847858837 6.5 14.8 31.2166666667 9.9 12.8761904762 7.8 25.1 8.2 7.2 12.6 7 13.8761904762
NaN NaN NaN NaN NaN NaN NaN NaN NaN NaN NaN NaN NaN NaN NaN NaN NaN NaN NaN NaN NaN NaN NaN NaN NaN NaN NaN NaN NaN NaN NaN NaN NaN NaN NaN NaN 20.1 30.9 9.8 7.8 12.6 12.5 10.1 7.6 17.5 30.2 30.5 9.8 31.1 7 7.5 24.3 17.3 15.5 31.0147188482 9.8 6.4 6.5 30.7847858837 30.8192754236 5.9 6.2 6.6 5.8 30.6084518793 10 7.8 10 25.2 17.8 7.5 30.9333333333 30.7333333333 30.3570224301 9.8
NaN NaN NaN NaN NaN NaN NaN NaN NaN NaN NaN NaN NaN NaN NaN NaN NaN NaN NaN NaN NaN NaN NaN NaN NaN NaN NaN NaN NaN NaN NaN NaN NaN NaN NaN 7.3 12.5 30.6 14.8 30.5 7.5 30 7.5 15 7.4 7.7 7.8 7.8 10.4 7.4 30.2 7.8 7.1 6.2 30.3094922192 30.4384487607 30.7726779369 30.9166666667 30.1761904762 31.0716618094 30.2453558739 13.9540925512 30.8666666667 30.6333333333 8.5 31.1 31.1 30.99071197 NaN NaN 7.8 10.4 30.4333333333 12.6 7.3
NaN NaN NaN NaN NaN NaN NaN NaN NaN NaN NaN NaN NaN NaN NaN NaN NaN NaN NaN NaN NaN NaN NaN NaN NaN NaN NaN NaN NaN NaN NaN NaN NaN NaN NaN 7.8 18 30.7 30.3 7.6 20.1 12.6 7.7 25.1079276146 7.5 17.6 15.2 30.7 30.2 31.1268601941 7.4 30.4901371761 10.2 30.3761904762 14.1555555556 30.2666666667 10.7333333333 26.0111111111 30.2666666667 30.4333333333 23.8 30.4333333333 30.99071197 6.8 7.4 30.4 17 19.8 NaN NaN NaN NaN 10.8 8.2166666667 13.2
NaN NaN NaN NaN NaN NaN NaN NaN NaN NaN NaN NaN NaN NaN NaN NaN NaN NaN NaN NaN NaN NaN NaN NaN NaN NaN NaN NaN NaN NaN NaN NaN NaN NaN NaN 10 25.3 7.8 30.5 10.1 30.8108185325 6.4399385949 7.6 20.3017858479 30.5316790289 18.0681050248 7.7134491708 30.9578685395 10.4 30.41898463 30.5666666667 30.4333333333 26.1 30.3666666667 30.4333333333 30.8 30.5333333333 30.3666666667 30.49071197 30.5245006541 30.7453558739 30.8555555556 3.7714045971 6.9 7.5 7.8 7.6 7.3 NaN NaN NaN NaN 11.9450715499 12.3564102564 8
NaN NaN NaN NaN NaN NaN NaN NaN NaN NaN NaN NaN NaN NaN NaN NaN NaN NaN NaN NaN NaN NaN NaN NaN NaN NaN NaN NaN NaN NaN NaN NaN NaN NaN NaN NaN 1.2 3.7 7.7 30.1450715499 30.1758686137 11 7.1042261031 30.2 7.4 7.4 30.5084518793 30.1245006541 17.278511354 7.9 30.4 8.2 30.7 29.0666666667 23.178511354 13.2245006541 30.6453558739 12.31898463 14.747996552 22.2578685395 30.3042261031 30.4384487607 8.9017858479 10.8 30.34984391 12.8 8.7 30.9 NaN NaN NaN NaN NaN NaN NaN
NaN NaN NaN NaN NaN NaN NaN NaN NaN NaN NaN NaN NaN NaN NaN NaN NaN NaN NaN NaN NaN NaN NaN NaN NaN NaN NaN NaN NaN NaN NaN NaN NaN NaN NaN NaN NaN 6.5635231517 4.5094922192 30.3726779369 30.3376880965 30.0716618094 30.6245006541 12.4 17.7 30.5333333333 30.1 18.2 7.8 24.7 18.1 NaN NaN 12.9 7.1 30.2042261031 30.3615508071 20.2268601941 22.2017858479 7.973998276 29.453428636 30.1289342698 30.3108185325 30.6 23.2 30.2 10.8 23.2 30.1 NaN NaN NaN NaN NaN NaN
NaN NaN NaN NaN NaN NaN NaN NaN NaN NaN NaN NaN NaN NaN NaN NaN NaN NaN NaN NaN NaN NaN NaN NaN NaN NaN NaN NaN NaN NaN NaN NaN NaN NaN NaN NaN NaN NaN 7.9 24.4453558739 16.1 25 30.8 22.9 30.7111111111 30.6 30.7 9.8555555556 13.4 13.1 NaN NaN NaN NaN 7.1 30.353428636 30.135702243 12.6202728564 7.8079276146 30.9 3.5 30.7 30.6 8.6 6.3 10.6 8.4 30.4 NaN NaN NaN NaN NaN NaN 7.9
NaN NaN NaN NaN NaN NaN NaN NaN NaN NaN NaN NaN NaN NaN NaN NaN NaN NaN NaN NaN NaN NaN NaN NaN NaN NaN NaN NaN NaN NaN NaN NaN NaN NaN NaN NaN NaN NaN NaN 10.9 30.1 10.3 30.7 30.5 30.9 7.6 7.5 24.1094922192 10.7 17.7 NaN NaN NaN NaN NaN 7.2 6.9 30.5 21.3 19.6 27.3 30.6 5.2 30.6 7.7 25.7 28.5 8.4 NaN NaN NaN NaN NaN NaN 7.9
NaN NaN NaN NaN NaN NaN NaN NaN NaN NaN NaN NaN NaN NaN NaN NaN NaN NaN NaN NaN NaN NaN NaN NaN NaN NaN NaN NaN NaN NaN NaN NaN NaN NaN NaN NaN NaN NaN NaN NaN 25.7 10.6 13.2 8.1 7.9 12.8 25.3 28 18 30.2 NaN NaN NaN NaN NaN 7.1 7.3 3.1 5.2 1.2 7.1 7.2 7.1 7.1 12.6 10.6 8.6 NaN NaN NaN NaN NaN NaN NaN NaN
NaN NaN NaN NaN NaN NaN NaN NaN NaN NaN NaN NaN NaN NaN NaN NaN NaN NaN NaN NaN NaN NaN NaN NaN NaN NaN NaN NaN NaN NaN NaN NaN NaN NaN NaN NaN NaN NaN NaN NaN NaN 10.5 7.8 NaN NaN 10.4 29 12.8 11 NaN NaN NaN NaN NaN NaN 6.9 NaN 6.8 5 6.9 7 6.9 NaN 6.8 7 30.5 16.2 NaN NaN NaN NaN NaN NaN NaN NaN
NaN NaN NaN NaN NaN NaN NaN NaN NaN NaN NaN NaN NaN NaN NaN NaN NaN NaN NaN NaN NaN NaN NaN NaN NaN NaN NaN NaN NaN NaN NaN NaN NaN NaN NaN NaN NaN NaN NaN NaN NaN NaN NaN NaN NaN 7.7 8.1 8 10.6 NaN NaN NaN NaN NaN NaN NaN NaN 6.8 6.8 6.8 6.9 NaN NaN NaN NaN 7.4 30.7 NaN NaN NaN NaN NaN NaN NaN NaN
NaN NaN NaN NaN NaN NaN NaN NaN NaN NaN NaN NaN NaN NaN NaN NaN NaN NaN NaN NaN NaN NaN NaN NaN NaN NaN NaN NaN NaN NaN NaN NaN NaN NaN NaN NaN NaN NaN NaN NaN NaN NaN NaN NaN NaN NaN 7.9 NaN NaN NaN NaN NaN NaN NaN NaN NaN NaN NaN NaN NaN NaN NaN NaN NaN NaN 7.5 NaN NaN NaN NaN NaN NaN NaN NaN NaN
NaN NaN NaN NaN NaN NaN NaN NaN NaN NaN NaN NaN NaN NaN NaN NaN NaN NaN NaN NaN NaN NaN NaN NaN NaN NaN NaN NaN NaN NaN NaN NaN NaN NaN NaN NaN NaN NaN NaN NaN NaN NaN NaN NaN NaN NaN NaN NaN NaN NaN NaN NaN NaN NaN NaN NaN NaN NaN NaN NaN NaN NaN NaN NaN NaN 17.2 NaN NaN NaN NaN NaN NaN NaN NaN NaN
NaN NaN NaN NaN NaN NaN NaN NaN NaN NaN NaN NaN NaN NaN NaN NaN NaN NaN NaN NaN NaN NaN NaN NaN NaN NaN NaN NaN NaN NaN NaN NaN NaN NaN NaN NaN NaN NaN NaN NaN NaN NaN NaN NaN NaN NaN NaN NaN NaN NaN NaN NaN NaN NaN NaN NaN NaN NaN NaN NaN NaN NaN NaN NaN NaN NaN NaN NaN NaN NaN NaN NaN NaN NaN NaN
NaN NaN NaN NaN NaN NaN NaN NaN NaN NaN NaN NaN NaN NaN NaN NaN NaN NaN NaN NaN NaN NaN NaN NaN NaN NaN NaN NaN NaN NaN NaN NaN NaN NaN NaN NaN NaN NaN NaN NaN NaN NaN NaN NaN NaN NaN NaN NaN NaN NaN NaN NaN NaN NaN NaN NaN NaN NaN NaN NaN NaN NaN NaN NaN NaN NaN NaN NaN NaN NaN NaN NaN NaN NaN NaN
NaN NaN NaN NaN NaN NaN NaN NaN NaN NaN NaN NaN NaN NaN NaN NaN NaN NaN NaN NaN NaN NaN NaN NaN NaN NaN NaN NaN NaN NaN NaN NaN NaN NaN NaN NaN NaN NaN NaN NaN NaN NaN NaN NaN NaN NaN NaN NaN NaN NaN NaN NaN NaN NaN NaN NaN NaN NaN NaN NaN NaN NaN NaN NaN NaN NaN NaN NaN NaN NaN NaN NaN NaN NaN NaN
