Outfile_1.asc
NCOLS 201
NROWS 151
XLLCORNER 730592.938286
YLLCORNER 2561222.529137
CELLSIZE 145.176046
NODATA_VALUE NaN
[rows 0 to 33 of 151, columns 75 to 149 of 201]
NaN NaN NaN NaN NaN NaN NaN NaN NaN NaN NaN NaN NaN NaN NaN NaN NaN NaN NaN NaN NaN NaN NaN NaN NaN NaN NaN NaN NaN NaN NaN NaN NaN NaN NaN NaN NaN NaN NaN NaN NaN NaN NaN NaN NaN NaN NaN NaN NaN NaN NaN NaN NaN NaN NaN NaN NaN NaN NaN NaN NaN NaN NaN NaN NaN NaN NaN NaN NaN NaN NaN NaN NaN NaN NaN
NaN NaN NaN NaN NaN NaN NaN NaN NaN NaN NaN NaN NaN NaN NaN NaN NaN NaN NaN NaN NaN NaN NaN NaN NaN NaN NaN NaN NaN NaN NaN NaN NaN NaN NaN NaN NaN NaN NaN NaN NaN NaN NaN NaN NaN NaN NaN NaN NaN NaN NaN NaN NaN NaN NaN NaN NaN NaN NaN NaN NaN NaN NaN NaN NaN NaN NaN NaN NaN NaN NaN NaN NaN NaN NaN
NaN NaN NaN NaN NaN NaN NaN NaN NaN NaN NaN NaN NaN NaN NaN NaN NaN NaN NaN NaN NaN NaN NaN NaN NaN NaN NaN NaN NaN NaN NaN NaN NaN NaN NaN NaN NaN NaN NaN NaN NaN NaN NaN NaN NaN NaN NaN NaN NaN NaN NaN NaN NaN NaN NaN NaN NaN NaN NaN NaN NaN NaN NaN NaN NaN NaN NaN NaN NaN NaN NaN NaN NaN NaN NaN
NaN NaN NaN NaN NaN NaN NaN NaN NaN NaN NaN NaN NaN NaN NaN NaN NaN NaN NaN NaN NaN NaN NaN NaN NaN NaN NaN NaN NaN NaN NaN NaN NaN NaN NaN NaN NaN NaN NaN NaN NaN NaN NaN NaN NaN NaN NaN NaN NaN NaN NaN NaN NaN NaN NaN NaN NaN NaN NaN NaN NaN NaN NaN NaN NaN NaN NaN NaN NaN NaN NaN NaN NaN NaN NaN
NaN NaN NaN NaN NaN NaN NaN NaN NaN NaN NaN NaN NaN NaN NaN NaN NaN NaN NaN NaN NaN NaN NaN NaN NaN NaN NaN NaN NaN NaN NaN NaN NaN NaN NaN NaN NaN NaN NaN NaN NaN NaN NaN NaN NaN NaN NaN NaN NaN NaN NaN NaN NaN NaN NaN NaN NaN NaN NaN NaN NaN NaN NaN NaN NaN NaN NaN NaN NaN NaN NaN NaN NaN NaN NaN
NaN NaN NaN NaN NaN NaN NaN NaN NaN NaN NaN NaN NaN NaN NaN NaN NaN NaN NaN NaN NaN NaN NaN NaN NaN NaN NaN NaN NaN NaN NaN NaN NaN NaN NaN NaN NaN NaN NaN NaN NaN NaN NaN NaN NaN NaN NaN NaN NaN NaN NaN NaN NaN NaN NaN NaN NaN NaN NaN NaN NaN NaN NaN NaN NaN NaN NaN NaN NaN NaN NaN NaN NaN NaN NaN
NaN NaN NaN NaN NaN NaN NaN NaN NaN NaN NaN NaN NaN NaN NaN NaN NaN NaN NaN NaN NaN NaN NaN NaN NaN NaN NaN NaN NaN NaN NaN NaN NaN NaN NaN NaN NaN NaN NaN NaN NaN NaN NaN NaN NaN NaN NaN NaN NaN NaN NaN NaN NaN NaN NaN NaN NaN NaN NaN NaN NaN NaN NaN NaN NaN NaN NaN NaN NaN NaN NaN NaN NaN NaN NaN
NaN NaN NaN NaN NaN NaN NaN NaN NaN NaN NaN NaN NaN NaN NaN NaN NaN NaN NaN NaN NaN NaN NaN NaN NaN NaN NaN NaN NaN NaN NaN NaN NaN NaN NaN NaN NaN NaN NaN NaN NaN NaN NaN NaN NaN NaN NaN NaN NaN NaN NaN NaN NaN NaN NaN NaN NaN NaN NaN NaN NaN NaN NaN NaN NaN NaN NaN NaN NaN NaN NaN NaN NaN NaN NaN
NaN NaN NaN NaN NaN NaN NaN NaN NaN NaN NaN NaN NaN NaN NaN NaN NaN 8.9 8.9 NaN NaN NaN NaN NaN NaN NaN NaN NaN NaN NaN NaN NaN NaN NaN NaN NaN NaN NaN NaN NaN NaN NaN NaN NaN NaN NaN NaN NaN NaN NaN NaN NaN NaN NaN NaN NaN NaN NaN NaN NaN NaN NaN NaN NaN NaN NaN NaN NaN NaN NaN NaN NaN NaN NaN NaN
NaN NaN NaN NaN NaN NaN NaN NaN NaN NaN NaN NaN NaN NaN NaN NaN 8.9 9 8.9 NaN NaN NaN NaN NaN NaN NaN NaN NaN NaN NaN NaN NaN NaN NaN NaN NaN NaN NaN NaN NaN NaN NaN NaN NaN NaN NaN NaN NaN NaN NaN NaN NaN NaN NaN NaN NaN NaN NaN NaN NaN NaN NaN NaN NaN NaN NaN NaN NaN NaN NaN NaN NaN NaN NaN NaN
NaN NaN NaN NaN NaN NaN NaN NaN NaN NaN NaN NaN NaN NaN 8.9 8.9 8.9 9.1 9 NaN NaN NaN NaN NaN NaN NaN NaN NaN NaN NaN NaN NaN NaN NaN NaN NaN NaN NaN NaN NaN NaN NaN NaN NaN NaN NaN NaN NaN NaN NaN NaN NaN NaN NaN NaN NaN NaN NaN NaN NaN NaN NaN NaN NaN NaN NaN NaN NaN NaN NaN NaN NaN NaN NaN NaN
NaN NaN NaN NaN NaN NaN NaN NaN NaN NaN NaN NaN 8.9 8.9 8.9 8.9 8.9 9 11.6 11.7 NaN NaN NaN NaN NaN NaN NaN NaN NaN NaN NaN NaN NaN NaN NaN NaN NaN NaN NaN NaN NaN NaN NaN NaN NaN NaN NaN NaN NaN NaN NaN NaN NaN NaN NaN NaN NaN NaN NaN NaN NaN NaN NaN NaN NaN NaN NaN NaN NaN NaN NaN NaN NaN NaN NaN
NaN NaN NaN NaN NaN NaN NaN NaN NaN 8.9 8.9 9.1 9 9 11 8.9 9 9.1 6.8 22.8 NaN NaN NaN NaN NaN NaN NaN NaN NaN NaN NaN NaN NaN NaN NaN NaN NaN NaN NaN NaN NaN NaN NaN NaN NaN NaN NaN NaN NaN NaN NaN NaN NaN NaN NaN NaN NaN 8.45 NaN 8.65 NaN NaN NaN NaN NaN NaN NaN NaN NaN NaN NaN NaN NaN NaN NaN
NaN NaN NaN NaN NaN NaN NaN NaN NaN 8.9 9 8.9 8.9 8.9 26.7 30.2 24.4 9.9 8.9 9 NaN NaN NaN NaN NaN NaN NaN NaN NaN NaN NaN NaN NaN NaN NaN NaN NaN NaN NaN NaN NaN NaN NaN NaN NaN NaN NaN NaN NaN NaN NaN 11.05 13.55 8.75 15.2 30.15 26.05 8.55 16.05 11.15 11.8 13.75 NaN NaN NaN NaN NaN NaN NaN NaN NaN NaN NaN NaN NaN
NaN NaN NaN NaN NaN NaN NaN NaN 8.9 8.9 9 8.9 9 9.1 11.8 26.7 8.9 11.7 9 11.6 8.9 NaN NaN NaN NaN NaN NaN NaN NaN NaN NaN NaN NaN NaN NaN NaN NaN NaN NaN NaN NaN NaN NaN NaN NaN NaN NaN NaN NaN NaN NaN 11.05 8.65 8.55 8.55 8.55 8.55 23.55 11.7 8.65 8.55 8.55 16.25 NaN NaN NaN NaN NaN NaN NaN NaN NaN NaN NaN NaN
NaN NaN NaN NaN NaN NaN NaN 9 8.7 8.8 16.4 8.9 8.4 16.1 9.1 8.9 9 9 8.9 9.1 29.3 NaN NaN NaN NaN NaN NaN NaN NaN NaN NaN NaN NaN NaN NaN NaN NaN NaN NaN NaN NaN NaN NaN NaN NaN NaN NaN NaN NaN NaN 8.9 13.9 30.6 9 9.6 8.9 9 9 30.3 11.15 30.1 8.65 8.55 NaN NaN NaN NaN NaN NaN NaN NaN NaN NaN NaN NaN
NaN NaN NaN NaN NaN 16.8 14.1 9 4.1 9.1 15.3 11 11 8.3 8.4 8.3 8.4 8.4 11.5 9.2 9.1 9 NaN NaN NaN NaN NaN NaN 8.9 NaN NaN NaN NaN NaN NaN NaN NaN NaN NaN NaN NaN NaN NaN NaN NaN NaN NaN NaN NaN NaN 8.9 9.1 11.4 9.1 9 8.9 8.9 8.9 8.55 11.35 8.65 13.65 30.25 8.55 NaN NaN NaN NaN NaN NaN NaN NaN NaN NaN NaN
7.8 NaN NaN 30.2 30.7 30.4 30.5 30.3 16.8 30.4 8.7 8.5 8.4 8.4 30.5 8.6 10.9 8.6 8.4 30.2 9 9 NaN NaN NaN NaN NaN NaN 1.4166666667 8.9 8.9 NaN NaN NaN NaN NaN NaN NaN NaN NaN NaN NaN NaN NaN NaN NaN NaN NaN NaN NaN 26.6 8.6 8.9 9 9.1 8.9 8.9 9 11.7 8.85 27.1618913743 11.15 11.05 11.05 NaN NaN NaN NaN NaN NaN NaN NaN NaN NaN NaN
8.9 16.1 11.5 19.4 8.9 8.9 9.2 30.4 9.1 26.7 8.4 11.1 8.6 8.5 16.2 8.4 10.9 30.6 8.4 8.4 8.3 9.1 8.9 8.9 NaN NaN NaN NaN 1.4703703704 4.9333333333 8.6 8.9 8.9 8.9 9.1 30.2 NaN NaN NaN NaN NaN NaN NaN NaN NaN NaN NaN NaN NaN NaN NaN 8.9 8.8 4 30.5 9.1 11.6 9 24.2 9 13.55 8.55 12.778511354 18.55 8.55 NaN NaN NaN NaN NaN NaN NaN NaN NaN NaN
4 30.2 14 8.2 8.4 8.8 11.6 11.6 8.9 9.7 8.4 8.4 8.3 15.9 8.5 8.5 11 11 8.3 8.4 8.3 8.4 8.9 8.9 8.9 8.9 4 9 21.8 9.1 9.1 26.6 9.1 9 11.2 11.6 8.6 8.9 NaN NaN NaN NaN NaN NaN NaN NaN NaN NaN NaN NaN 8.7 8.6 8.7 8.9 8.9 9 9.2 24.5257618163 14.1 9.1 16.6 8.45 8.45 5.0540925512 NaN NaN NaN NaN NaN NaN NaN NaN NaN NaN NaN
8.8 8.7 30.3 8.5 8.9 8.7 8.9 19.1 11.1 8.4 11 11 8.4 10.9 8.6 8.4 8.4 8.3 8.4 13.5 8.5 8.3 8.9 8.9 8.9 9 11.5 19 14.1 9.2 9.1 8.7 8.7 16.3 5.3 16.1 21.6 8.9 8.9 30.2 10.8 NaN NaN NaN NaN NaN 8.6 NaN 8.6 8.7 9.6 8.6 8.8 30.3 4.3 11.3 8.7 16.3 26.4 21.7 8.45 8.45 8.45 NaN NaN NaN NaN NaN NaN NaN NaN NaN NaN NaN NaN
4 18.1 30.2 8.6 8.7 8.8 7.8 8.5 8.6 8.3 8.3 26 11 11.2 8.4 8.4 10.9 8.3 8.3 8.4 11 16 8.5 30.1 9 8.9 8.5 8.6 8.6 1.7666666667 8.2 10.5333333333 30.4703703704 11 4.2 8.5 30.4 11.3 8.8 15.9 8.3 8.2 18.5 8.5 8.2 8.7 8.6 8.6 8.6 8.7 11.3 8.7 8.6 8.7 8.8 8.7 8.8 8.7 19 8.65 8.55 8.55 8.45 8.45 8.15 NaN NaN NaN NaN NaN NaN NaN NaN NaN NaN
13.6 8.1 8.1 8.6 8.8 8.3 20.7 5.1 13.7 7 8.3 8.4 30.1 8.5 8.7 8.5 11 4.2 8.4 13.3 8.5 8.3 7.9 8.3 9 8.7 23.4 8.3 5.4513641714 11.8666666667 8.3 11.0333333333 8.5 8.4 8.5 4 8.4 11.2 8.7 8.1 8.4 30.7 30.5 30.2 11.6 29.3 8.7 8.7 8.8 9 8.8 8.7 4.2289342698 8.7 1.3384487607 9.1 8.8 9 11.25 8.75 16.05 8.55 11.15 8.25 8.25 10.75 30.25 8.55 8.85 11.45 4.1 8.65 8.85 8.75 NaN
8 8.1 8 12.9 7.3 8.4 13.3 15.6 18.5 8.4 8.4 8.4 8.3 8.4 16 6.8 8.7 4.1 8.3 8.3 4.1 8.4 8 8 8 7.7 7.6 4.3380952381 12.4703703704 15.9 1.1 8.2 9.9513641714 8.6 7 8.3 4.1 16.8 4.2 6.8 14.1 12.3 30.4 30.5 25.2 19.3 26.4 13.9 13.9 8.8 10.0002805931 8.8 11.4 9 9.1 9.8540925512 11.25 8.65 18.85 8.75 18.65 18.65 21.15 8.35 8.35 8.35 10.85 11.15 14.05 14.05 8.95 11.35 8.75 13.75 8.85
22.8 10.7 8.1 8 7.2 8.1 8 8 11.7 11.3 13.6 16.1 8.5 8.3 8.5 9.2 8.6 8.3 12.8 30.3 8.1 8.1 8.1 10.7 8.2 9.2 30.1 8.1 8.2 8.4 8.3 10.9 7.5333333333 23.8 10.9 11.1 9.1 8.8 11.5 8.8 19.5579244652 19.9489137706 13.8 30.2129588438 19.2 30.3 8.3 7.9 4.1 7.8 8.3 8.6 8.2 9.9245006541 8.55 8.3333333333 8.45 1.71898463 13.75 8.55 8.45 8.45 8.45 8.45 8.15 8.15 8.15 29.95 8.85 8.65 8.75 30.15 8.85 8.85 NaN
7.9 8.1 8.1 8 6.9 9 NaN 8 30.3 30.6 30.5 13.4 8.4 16 8.4 8.5 13.6 10.9 8.4 13.6 8.5 11 5.473998276 19.3777777778 8.2 29.4777777778 7.3777777778 8.1 8 10.9 13.3 8.3 8.5 11.2 15.0564102564 8.4 11.1 22.8 9 8.8 9 7.3685127644 4.5991289 9.298142394 9.1 8.9 8.4 9.6 29.7 8.3 13.4 8.3 10.1540925512 7.65 8.45 8.45 8.45 8.55 8.65 8.55 8.45 8.45 8.45 8.45 8.15 8.15 8.15 11.05 8.35 8.35 16.35 8.75 8.65 8.75 NaN
7.8 8 8.1 7.4 8.1 NaN 7.9 NaN 8 30.4222222222 30.0289342698 10.9 8.5 8.5 14.473998276 13.4 14.503030303 8.2 8.3 13.7 8.3 8.3 8.3 26.1761904762 7.9 7.0761904762 7.4761904762 7.6945644158 7.7708182626 5.397178591 8.3 2.1 7.2617382165 4.5166666667 12.1166666667 18.4714045971 8.7 11.4 9 30.4430664066 25.7120225406 5.5047379305 5.9904286252 5.7211282852 14.6901371761 12.5094922192 8.6 9.8289342698 13.4 8.2 8.3 8.2 17.4333333333 7.95 13.55 8.55 11.05 11.15 12.4032369137 11.15 8.45 8.45 8.45 8.45 8.45 4 8.45 4.2 8.35 8.45 10.95 8.45 13.65 8.65 NaN
8.2 30.4 7.7 7.9 13 8 7.9 NaN 18.2 5.503030303 8.6 30.0333333333 9.3333333333 8.3 8.3 8.4 10.7 7.5270461645 8.2 30.3 12.4453558739 13.3 8.2 6.9111111111 5.3111111111 7.7111111111 5.2111111111 29.0609550211 6.6012482872 9.4777777778 7.9874258846 15.2080151505 2.22568603 7.3380983798 10.1333333333 10.2540925512 8.8111111111 8.6 8.6 9 16.4 26.4 7.1273928005 8.0921877893 1.7666666667 4.5622501134 8.5 11.6 8.8 7.1156866083 8.4 7.9 7.45 7.85 8.45 8.45 8.45 8.55 8.45 11.25 9.3 8.55 11.05 11.05 8.45 8.65 8.75 13.45 10.95 13.45 8.35 8.65 11.05 NaN NaN
28.6 13.7 15.9 10.5 8.1 10.7 8 8.2 5.6555555556 8.2 8.4 11.1 4.7666666667 16.9333333333 8.4 4.8111111111 8.5 8.4 7.5333333333 10.8 9 8.2 8.3 30.3666666667 30.3666666667 26.9666666667 5.8666666667 7.0200953027 7.2708927697 21.7120225406 10.1240453033 30.6840685946 17.9314757273 30.340057876 12.4333333333 7.5 8 13.2 10.5 21.4825157082 8.1 8.6 8.6 17.7575575791 22.4333333333 22.978511354 13.9 4.147996552 4.3585207206 1.8982350545 8.9 12.7993623108 7.95 7.85 8.45 3.8032369137 8.55 8.45 8.45 30.2 9 1.1 8.45 8.45 8.55 8.85 8.75 8.95 1.1 8.45 9.15 8.55 1 NaN NaN
8.8 8.4 8.5 7.9 8.7666666667 8.1 7.9 20.6 10.3333333333 11.0333333333 7.9 8.4 11.6 8.3 8.3 26.2666666667 10.9 8.3 8.5 8.4 10.7 10.8 14.7555555556 19.9761904762 17.3761904762 4.5761904762 12.1761904762 30.4019522925 8.4897640738 30.5245602819 16.1047379305 10.4 28.0112105808 6.8555555556 8.2 8.2 15.8 11.1 26.5523689097 30.2536979496 23 8.1 3.3100148419 8.5 1.9245006541 10.6666666667 11.7 9 8.9 5.3159705015 30.438708522 7.45 7.95 6.7237619586 8.45 8.55 8.55 8.45 8.45 9.1 9.1 7 16.05 8.55 11.35 8.65 8.75 8.75 13.85 11.35 11.25 4.3 NaN NaN NaN
2.3111111111 10.6 8.2111111111 7.7 8.3111111111 10.5 8.1111111111 8.0245006541 8 7.9333333333 8 4.8084518793 10.6 8.2 8.1 4.5761904762 8.6 8.5 13.5 9.4681050248 8.2 7.3094922192 8 8 4.4777777778 9.3777777778 10.4777777778 6.5777777778 10.8617382165 8.4958969948 16.3351191813 7.821584533 7.517305074 19.503030303 7.9 8.1 10.6 8.1 7.503030303 28.0797798013 30.3714285714 26.7 4.7137297639 30.0268601941 4.5134491708 5.5270461645 5.8453558739 9 8.8 13.0786892072 19.79071197 10.4127204931 7.85 7.85 11.15 29.3 9.2 8.55 8.55 30.15 8.45 4.1 4 8.65 8.65 8.65 8.75 19.7 11.45 8.75 8.65 8.35 11.15 NaN NaN
10 7.5 1.4166666667 7.2 4.2166666667 7.8 7.9 8 8 7.9 8.2 7.9 10.5 8.2 15.9 24.5847858837 8.4 10.9 8.3 8.1 8.1 4.2147188482 11.8083333333 30.3021130107 4 15.3 30.4 10.3694840324 8.4 30.1 10.5412609479 4.6555555556 10.003030303 7.3083333333 9.2083333333 9.8083333333 13.2 8 9.8777777778 12.6761904762 10.4 7.8 8.4 4.2777777778 4.2635231517 7.0094922192 8.9 16.6 15.6568038428 30.1 10.95 12.8302373727 7.95 5.8253443262 8.45 8.65 11.05 8.55 8.45 8.55 8.55 8.65 8.65 8.75 8.85 8.75 8.95 8.85 8.65 8.75 8.75 4 11.65 NaN NaN
7.4 7.4 7.5 9.6 14.9 12.7 7.7 8.2 12.9 13 8 30.2 7.9 8.2 7.9 30.4021130107 20.7 15.9 8.1 8.1 4 4 4.2 30.2 5.8 5 5 8.0777777778 6.4761904762 8.5 15.6 7.4969040394 30.3923526966 1.2047650464 7 8 4.2618913743 9.3333333333 17.5134491708 10.4 8.7666666667 12.8111111111 8.4 4.2777777778 9 1.3222222222 7.3094922192 5.8389532194 19.3853397564 15.3297003671 7.95 10.35 7.95 7.95 11.05 8.65 4 8.45 8.55 8.65 8.45 8.65 8.55 8.65 8.65 9.05 9.15 8.95 16.25 8.75 11.25 11.15 8.45 NaN NaN
4 8 10.6 7.2 7.4 12.3 7.7 7.1 12.2 7.7 7.9 17.8 8 7.9 8 8.3 8.2 10.7 8.1 4.1 4.1 4.2 4 4.1 4 10.1 10.3 10.3777777778 5.5761904762 14.3666666667 10.9666666667 4.5761904762 5.3777777778 4 15.3 7.2393193566 7.3533326691 7.9 10.6540925512 7.8 8.3333333333 12.8111111111 9.4166666667 4.2777777778 5 5.3660289775 7.4134491708 5.8084518793 5.4183739396 2.0535234292 7.85 7.75 10.6666666667 5.2111111111 8.65 11.35 8.45 8.45 8.45 8.65 8.55 8.45 8.55 8.65 13.85 14.05 8.85 8.75 8.65 8.65 21.05 8.55 16.25 8.35 NaN
