Outfile_4.asc
NCOLS 201
NROWS 151
XLLCORNER 730592.938286
YLLCORNER 2561222.529137
CELLSIZE 145.176046
NODATA_VALUE NaN
[rows 66 to 98 of 151, columns 74 to 147 of 201]
NaN NaN NaN NaN NaN NaN NaN NaN NaN NaN NaN NaN NaN NaN NaN NaN NaN NaN NaN NaN NaN NaN NaN NaN NaN NaN NaN 6.2 5.099076262 4.7506636589 2.5553296488 9.8846975047 30.3400621611 30.7502212362 NaN NaN NaN NaN NaN 8.3874258846 22.2134491708 30.8223216919 30.2111111111 21.3084518793 7.0666666667 4.5555555556 6.8714045971 4.8042261031 5.4615508071 30.1453558739 25.6333333333 6.95 30.7540925512 30.5666666667 30.3666666667 30.3666666667 30.4666666667 10.05 6.95 30.2666666667 30.95 30.6361506991 7.45 30.25 7.45 12.45 7.05 7.25 13.9333333333 13.7666666667 25.4666666667 30.1888888889 8.6149362158 30.5348730697
NaN NaN NaN NaN NaN NaN NaN NaN NaN NaN NaN NaN NaN NaN NaN NaN NaN NaN NaN NaN NaN NaN NaN NaN NaN NaN 1.7205792798 6.2 8.6990906338 8.3761588859 7.0289342698 6.1 6.2 NaN NaN NaN 7.8 12.5 30.6840685946 30.5876160094 10.2874258846 3.1994767825 6.7 22.3333333333 9.9333333333 10.5666666667 30.2540925512 12.1453558739 30.5205792798 5.9727786529 6.7 27.6919346658 15.0727786529 25.7901371761 5.7703703704 16.0703703704 30.2703703704 13.0703703704 7.05 7.15 7.55 7.75 7.55 7.45 6.95 7.05 7.35 9.95 7.05 7.15 7.45 7.05 30.3714285714 7.35
NaN NaN NaN NaN NaN NaN NaN NaN NaN NaN NaN NaN NaN NaN NaN NaN NaN NaN NaN NaN NaN NaN NaN NaN NaN 30.3269562388 8.3440446391 NaN NaN NaN 6 6.2 NaN NaN NaN NaN 6.4 20.5 30.4 5.3859420902 1.8737387429 9.5302830782 1.7666666667 30.6333333333 4.8540925512 5.3666666667 16.0333333333 6.4 30.8954770164 26.3223216919 30.35460281 21.2148090607 24.6283329622 30.4905960329 30.3380952381 30.4380952381 9.6380952381 7.05 6.85 15.8380952381 7.05 30.25 7.35 7.05 10.15 9.65 14.85 7.25 6.85 7.05 7.55 30.2761904762 7.25 7.8921691488
NaN NaN NaN NaN NaN NaN NaN NaN NaN NaN NaN NaN NaN NaN NaN NaN NaN NaN NaN NaN NaN NaN NaN NaN 22.4578685395 14.9 30.7726526899 30.3230769231 6.2 NaN NaN NaN NaN NaN NaN 6.1 30.575 30.635446344 30.5313839675 30.25559494 4.4858309864 3.998142394 4.1333333333 4.7703703704 14.4134491708 30.3761904762 30.5716618094 7.1 14.6054744498 6.7 10 30.3381572756 9.1282174738 5.8752416018 30.2135735976 12.55 7.35 10.05 7.15 9.75 7.25 7.25 7.25 7.25 7.25 29.95 6.95 7.05 7.05 7.05 12.2694840324 30.65 9.6033108961 11.9952247076
NaN NaN NaN NaN NaN NaN NaN NaN NaN NaN NaN NaN NaN NaN NaN NaN NaN NaN NaN NaN NaN NaN NaN 30.2399385949 30.5758255781 6.8 4.9351191813 13.538878435 6.3 6.673998276 6.1 NaN NaN NaN NaN 6.5 6.3 30.7181192171 5.1 30.4615508071 24.1393193566 30.0108185325 27.8242242458 15.5393193566 30.1564102564 15.3 31.1 5.6 5.4 5.5 5.1 30.1240453033 8.8047379305 6.3013189489 8.2205792798 30.0615508071 30.5768182948 30.4345325216 7.35 30.7 6.85 7.7 7.9 7.5 22.8 7.05 7.35 7.55 5.2 30.4 30.2 30.2 11.7222222222 6.8336139264
NaN NaN NaN NaN NaN NaN NaN NaN NaN NaN NaN NaN NaN NaN NaN NaN NaN NaN NaN NaN NaN NaN 4.2 6.7 6.8853044011 30.5897412037 30.1146632187 5.9 11.1795713869 6.2 9.7 5.9 NaN NaN 6.1 5.0538357466 6.2 5.6 5.5 5.3 5.6 5.1 5.1 6.3 10.14984391 6.1 6.1 5.4 30.496856485 4.5 4.7 30.402378304 6.1041611408 1.2635231517 6.3 6.1 7.15 12.55 9.95 30.0047650464 7.5 7.6 7.3 8.1 25.1 7.05 6.85 7.25 7.95 9.7 9 30.4 6.4147188482 6.6094922192
NaN NaN NaN NaN NaN NaN NaN NaN NaN NaN NaN NaN NaN NaN NaN NaN NaN NaN NaN NaN 1.2 6.6 6.7 30.5668015807 6.4 6.6 6.5 6.3 6.2 6.2 24.1 NaN NaN 6.2 30.3587251934 5.9 30.2333333333 6.1 5.6 5.1 5.6270461645 30.4166666667 5 6.3 6.3 6.2 6.1 30.4 5.8 23.6018449158 30.406919727 16.8282174738 2.8830646666 2.1306741015 12.4570224301 6.1 6.8 7.8 7.9 7.8 30.2 30.1 12.7 8 12.2 24.7 6.95 6.75 7.85 30.5 30.7 1.2 1.1 11.6777777778
NaN NaN NaN NaN NaN NaN NaN NaN NaN NaN NaN NaN NaN NaN NaN NaN NaN 6.6 6.2 8.7 5.1 6.3 6.9 6.7 8.8224739802 30.2955834467 11.1084518793 11.9559224131 6.1 30.1212869664 NaN 6 6 30.2863806577 5.9 1.7205792798 5.9 6.3 6.5 5.9 5.9 6.2 6.5 6.2 6.3 12.7928371643 6.3 6.2 5.9 5.7514076045 13.7994767825 13.7690355763 5.467051395 6.6622501134 5.8453558739 29.5666666667 30.6333333333 27.8 7.1 7.3 7.2 7.5 30.4703703704 7.2 7.5 7.2 24.9 30.7222222222 6.95 4.3 1.2 30.6 6.7 16.7777777778
NaN NaN NaN NaN NaN NaN NaN NaN 6.75 4.6 NaN NaN NaN NaN NaN 30.4 3.8 6.2 8 6.4 5.8 25.1242242458 6.8 9.5928371643 30.3117382165 6.6 6.2801158374 30.5060112703 5.3 5.8 6.5 5.8 6.2 5.9 5.9 6 5.9 7.520674489 6.1 6.1 6 6 6.1 6.1 6 10.8666666667 6.3 6.1 30.353428636 30.5042261031 8.8245006541 30.5 23.7453558739 7 5.3874920661 30.3716618094 30.1111111111 8 30.31898463 12.1 7.2 17.4 7.1 8.7333333333 7.4 14.9 7.3 7.2 7.5 30.6 1.5 1.2 1.2 16.8777777778
NaN NaN NaN NaN 6.55 4.5 4.8 5 30.2 4.9 14.3 4.9 4.5 6.85 7.1 6.25 6.15 7.4 6.1 7.4 30.2242242458 5.3946277864 8.2267895821 6.5 30.3570224301 8.6661434492 30.3413293538 5.4 8.0391639897 4.8660740412 6.1 4.7167993852 5.7 6.2 30.6485927876 6.3 5.969983854 24.8545637691 30.4621827039 6.6 6.3 6.3 6.4 30.6666666667 6.5 6.3 16.0453558739 30.2267895821 22.6946277864 30.6714045971 2.79071197 8.4333333333 2.2716618094 30.3192754236 23.4602895721 30.5726779369 30.3333333333 30.6 11.2084518793 8.2681050248 7 7.5 7.2 7.3 7.7 7.8 30.5333333333 30.1222222222 7.1 7.6 4.2 6.2 6.2 6.6777777778
NaN NaN 6.85 4.7 5 4 4.5 4.1 5 4.5 5 30.7 6.75 6.15 6.6 6.25 15.4 6.4 6.3 30.3242242458 6.3 18.5267895821 6.4 13.2333333333 11.79071197 26.2666666667 27.7267895821 17.3223216919 5.9 28.4499159511 10.7161994504 29.2135735976 10.7164737863 30.5892557464 4.0928371643 6.2 6.3 13.1147188482 30.4328101159 1.2694840324 6.4 6.4 16.903030303 6.5 6.6 23.29071197 5.9 13.0856743286 13.5267895821 7.5555555556 25.0333333333 26.89071197 5.9714045971 30.6768182948 30.2242242458 30.4333333333 30.4666666667 30.2333333333 16.4540925512 30.5134491708 7.3 7.6 7.7 7.5 7.7 30.6453558739 4.8615508071 7.6 30.2 5 7.7 6.3 1.2 1.3777777778
6.75 4.7 9.6 6.8 30.4 4.2 12.1 4.6 4.6 4.3 4.4 7.05 6.55 6.15 6.15 10.3 7.3 6.2 30.513394791 6.6 6.3 6.0856743286 6.7 30.39071197 8.3892557464 1.8928371643 29.5925555291 1.7249319761 30.4127204931 30.6240453033 30.1578339874 2.7287267571 4.5740079158 14.6615508071 6.6 6.2 6.5 6.3 24.5 6.3 6.2 6.6 30.114274771 1.4768182948 6.4 4.8892557464 30.39071197 30.1333333333 13.7859549217 15.1956009364 6 30.1487248999 8.2042261031 30.253428636 30.0108185325 5.803030303 30.2555555556 31.0666666667 29.3666666667 30.6761904762 7.6 30.1289342698 30.7 8.3666666667 7.9 6.5333333333 7.8 7.9 7.8 7.7 25.5 4.3 1 6.8768182948
4.6 4.6 3.5 3.9 3.6 4.6 4.3 4.4 4.3 4.4 4.3 6.85 6.75 5.85 4.1 6.55 6.15 5.8 7.1 6.1 30.1453558739 6.7 30.378511354 10.7205792798 4.1615508071 5.4946277864 30.6315546285 25.2590193633 30.2539264695 14.8111149814 6.0967854397 6.1 6.2 6.1 6.4 5.7 5.8 5.4 30.1289342698 30.5067245426 5 30.3 6.6 6.5 6.1 10.5615508071 6.2 6.5787919471 6 30.0629494148 7.1 30.1904286252 30.2991289 23.1328101159 30.5 16.9768182948 30.5714045971 15.8869026671 30.9889883586 8.8006271054 14.4138488355 7.2 7.3 7.9 30.5550633642 20.6 7.6 7.0380952381 30.1 27.7 8 6.85 7.15 6.9564102564
3.8 3.6 3.8 4.3 4.6 4.5 4.4 4.3 4.2 4.2 4.3 6.85 6.55 5.95 3.7 30.3 6.55 6.8 30.298142394 6.7 2.7666666667 14.39071197 5.6892557464 6.7384487607 20.3135735976 1.6267895821 7.0856743286 10.7784048832 23.5240453033 8.5801158374 10.7153372142 10.4897640738 30.0073155329 5.7 5.9 6.2 7.7714045971 6.1 5.9 6.2 22.2961517174 30.4193279424 23.3098388924 30.2892203723 4.5564102564 29.6618913743 5.8 6.8 23.7169601147 30.4892557464 30.4903557635 20.5742996679 18.5628248883 13.4666087768 7.4 4.7556550252 5.2585207206 30.3417852127 30.7134491708 6.4 30.9383691019 6.5 7.1 2.3524976531 8 15.6 4.3181350989 1.4703703704 7.6 7.9 7.9 6.95 4.4901371761 7.1644313952
3.7 3.9 4.3 4.2 4.4 4.5 4.5 4.1 4.3 4.4 4.4 6.85 6.55 5.85 6.65 6.05 6.75 6.05 6.7 6.6 6.6 30.4333333333 29.2928371643 3.9135735976 6.4 6.6 7.5570224301 11.9205455818 6.6 30.3120225406 30.756466985 10.7245602819 7 6.7 6.3 6.1 6.7 6.4 6.4 6 13.4934849615 30.7415013475 5.4 5.9 6 5.7 6.1 6.5 6.1 6 6.9 13.4207592179 10.0047379305 22.599404584 30.3587567673 9.8540382048 18.5528909085 6.8159705015 31.0417852127 7 6.6 6.5 30.4690047263 30.9595038309 30.6813298853 9.2955834467 7.2748334564 7.8 9.4666666667 4.6666666667 30.4 9.6666666667 2.3774851991 2.6314757273
4.5 4.3 4.4 4.4 4.5 4.7 4.2 4.2 4.4 4.7 4.4 6.75 6.55 6.75 6.15 5.85 30.5 6.75 6.3 6.7 5.2 5.7 5.8 6.5 6.9 30.0570224301 9.59071197 7 5.9475950733 10.9573786367 22.7573786367 30.4380712638 30.6434849615 8.8666666667 30.6666666667 24.1666666667 7.3 6.6 26.2570224301 30.4235829038 6.1 6 5.8 5.8 13.8181192171 7.7729948341 5.5 17.9934562487 6.1 31.1872459465 30.6451780206 4.2205792798 5.1782210422 27.7890396954 12.2682213103 4.643952253 30.2351191813 9.0035521076 30.1903557635 30.6084518793 6.3 30.0573786367 30.6786892072 30.4813298853 24.9903557635 30.2417852127 6.6681050248 1.3374901471 9.6 30.3 30.2 30.5 20.0222222222 30.2666666667
4.4 4.5 4.6 4.6 4.4 4.3 4.3 4.3 4.4 4.1 4.3 6.85 6.75 19.9 6.3 6.45 6.15 6.45 6 6.4 30.435446344 13.0616480027 6.8 6.7 30.2 13.49071197 10.8892557464 6.9 16.4782174738 30.3381572756 30.5937128312 7.3 7 6.8 7 7 7.1 13.9084518793 12.6 30.5223216919 7.1 6.6 5.9240453033 5.1 4.9 5.1 6.1 6.1 30.0666666667 6.3 6.2 6.5 30.1666666667 9.0009114294 30.4958674673 7 30.4993623108 6.8 15.5813298853 31.0955834467 26.8302373727 30.6540925512 30.4911673208 26.7955834467 23.0417852127 5.5225890798 6.25 25.1956009364 30.5666666667 4.5666666667 1.8666666667 17.6666666667 30.05 7.85
4.4 4.6 4.6 4.4 4.7 4.2 4.3 4.2 4.3 4.2 4.2 4.5 4.4 5.85 6.05 10.2 7.8 6.85 6.3 30.3678658549 30.6181192171 4.6207704779 7.9905296316 7.2 7.9292657005 6.7 7 9.6 4.369104196 30.6522349452 15.5 7.3 7.2 6.9 7.1 6.6 7.1 1.6726779369 7.2 30.3090005921 7.2 12.9754153933 6 6.1 6 6.1 6.2 6.2 30.5666666667 6.7 22.7051154274 30.5742996679 30.6444323581 14.5838120122 7.1475304232 13.2237619586 9.141134965 21.793075142 11.4684525146 19.3958969948 30.3 4.1134491708 7.6393446036 12.2785371601 1.9384753952 30.8088191311 6.25 7.3 9.5333333333 9.6333333333 16.1 24.1333333333 30.5333333333 10.55
4.6 4.5 4.2 4.4 4.7 4.3 4.4 4.5 4.5 4.1 4.3 4.4 4.2 5.85 6.75 5.95 6.05 6.65 6.4 6.6 8.8955834467 13.826507906 16.5928371643 30.026286502 30.0637572938 30.4835203106 6.9 7.2 27.5703703704 25.740057876 7.2 7.2 7.2 14.3768182948 6.9 7.1 1.5564102564 18.1564102564 7.3 7 7.3 7.2 6.9 1.9843572659 6.7 6.8 6.8 30.361450055 6 7.8807843887 7.0098879263 30.6821701562 30.4983456956 7.9191643198 14.1487248999 4.5134491708 4.603030303 10.1761904762 7.3745942812 2.8132241218 20.5661434492 30.4889883586 30.2640561799 5.1457042423 1.5755853852 30.0670295079 1.8377707402 14.6222222222 11.4222222222 14.4222222222 30.1222222222 15.65 8.35 10.75
4.5 3.8 3.8 4 4.4 4.4 4.4 3.9 4.3 4.5 4.4 4.4 3.6 6.25 6.45 6.05 6.05 8.1768182948 6.85 6.9 16.0869632333 11.7570224301 6.926507906 14.0564484313 30.2685658488 30.0302373727 6.7 6.8 6.9 7.2 12.7268601941 7 30.7737387429 30.2746415108 30.8761904762 14.7761904762 4.4166666667 7.4 30.6166666667 15.2419755892 25.2916625669 6.9 9.0238672278 6.7 6.6 7.435446344 7 30.4827011897 13.8434982679 1.3923526966 4.9223216919 7.6850892186 5.8 30.4893298864 30.50209398 30.3273168347 10.9630813152 5.35 6.25 8.3111111111 9.6333333333 30.3333333333 1.6555555556 30.403030303 30.5222222222 6.7 6.25 6.9 1.2 6.95 7.35 6.95 7.95 8.15
17.95 5.5 5.6 4.8 4.8 3.7 3.7 3.8 3.8 3.7 3.5 3.9 3.7 5.95 6.15 4.4047650464 6.35 6.75 14.85 7.1 6.8 6.8 14.0603794978 30.3240453033 12.4911673208 30.4153372142 13.7618805153 30.41898463 30.2422194537 7.3 30.2270461645 19.2302373727 6.7 25.5869026671 6.4 15.5111111111 7 12.9 7.5 7.2 9.7 30.7444444444 21.7 7.15 30.6363636364 30.1083333333 6.9 7.1 16.0032244134 14.6376880965 7 6.7 6.7 7.3 9.8384487607 15.0765569041 5.9138991347 2.0239552048 3.0666666667 27.7111111111 7.4111111111 6.0570224301 30.447996552 9.55 30.7217300308 6.45 6.7 7.05 12.2067245426 9.5484520197 1.5081667897 6.6134491708 5.1406649427 12.65
NaN 5.7 5.9 9.3 5.8 5.7 9.8 5.5 5.5 5.7 4.3 4.3 4.7 4.4 6.05 6.25 6.45 6.55 7.35 8.0768182948 30.497178591 30.0848537679 11.263570706 6.3540925512 9.7641856825 30.3471596063 15.04984391 6.55 30.4684525146 30.2813298853 30.4240453033 6.95 30.6134491708 30.7889883586 7.05 30.3570224301 12.8333333333 30.8333333333 30.3333333333 11.5059860233 30.6644437802 7.15 6.65 6.45 6.55 7.05 7.15 7.25 7.25 30.5815230842 5.7032244134 16.4194011491 23.8805354371 26.3838046346 30.5799677164 9.275118546 2.3476254443 17.8856826954 13.7813855149 12.6111111111 12.5111111111 30.5666666667 7.15 4.5777777778 6.75 30.5564102564 6.55 7.1564102564 7.05 7.15 12.2714045971 7.45 11.296961025 30.4937398861
NaN NaN 1.5 5.9 5.9 5.6 30.5 5.5 5.6 5.5 5.6 5.5 5.8 7.85 6.45 5.85 6.35 30.59071197 7.15 11.4353191866 30.016476147 7.7598811283 21.6578339874 6.95 6.1091218061 6.75 13.2850406063 30.4266136648 9.0958969948 7.05 30.4120225406 30.5236890968 30.5393446036 6.25 21.1794273899 7.647996552 14.2555555556 6.25 8.1555555556 13.1302830782 6.75 6.85 30.1585392229 10.1839733804 6.75 30.5615508071 7.7829332032 19.7093499059 30.4490013082 7.55 7.45 30.4477344001 30.3603794978 30.5681050248 30.4417852127 30.6570224301 30.5621722674 10.0078695051 30.6883966975 30.3111111111 5.9111111111 7.9666666667 6.5761904762 14.6901371761 9.85 7.15 6.55 9.95 30.05 17.45 9.95 7.05 30.59071197 30.2589232249
NaN NaN NaN 5.8 9.6 30.9 5.8 6 5.5 6.6 12.2 7.6 12.4 7.85 6.85 6.65 7.05 12.25 6.95 18.3622501134 6.95 7.15 6.75 9.6223216919 5.7260343862 6.75 6.25 28.3042261031 15.4511991882 6.35 5.85 6.45 10.5501731634 24.8440446391 30.1934119078 30.7084518793 7.4666666667 11.6969040394 1.3901371761 12.1094922192 11.9694840324 6.85 17.25 12.6266010238 30.35 7.45 4.8971540342 30.3373355562 30.4176752738 6.0617989856 6.75 17.0207592179 10.3302373727 30.2748334564 7.8178056689 30.238708522 8.6934562487 30.1048156164 30.0729948341 7.6111111111 15.15 7.25 6.95 7.15 25.2111111111 30.3111111111 30.2111111111 30.6111111111 12.05 9.75 9.95 7.05 7.05 18.6615508071
NaN NaN NaN 5.3 30.4 6 6.1 6 6 5.7 10.45 7.95 5.4 7.65 6.95 6.65 6.95 6.55 6.55 6.75 9.65 7.05 6.95 30.2540925512 13.0134491708 5.3768182948 8.1758686137 30.2533326691 23.0705834467 6.45 6.35 5.5666666667 6.8777777778 7.2833333333 28.9897435897 6.65 6.65 6.15 5.8084518793 6.137864697 30.535208726 30.8651472445 6.85 30.4300971077 30.903030303 23.398142394 9.8768182948 30.05 7.25 6.85 8.0060112703 2.4219010501 6.95 8.1835203106 1.8574638207 7.3471417218 17.1758686137 10.178316797 30.6733912093 23.7158761576 30.4084518793 6.85 12.7333333333 6.35 8.5666666667 8.1666666667 8.0666666667 30.0666666667 6.0666666667 30.5666666667 8.4245006541 6.95 7.45 9.95
21.05 NaN NaN NaN 5.4 5.2 NaN 5.7 30.2 30.45 10.55 30.25 8.15 10.45 5.7578685395 7.25 7.35 30.3270461645 4.5384487607 7.05 17.55 7.15 6.65 9.95 8.2615508071 8.0946277864 10.9267895821 5.91898463 6.478511354 6.45 12.4541587328 7.15 6.05 13.2295231453 16.0948749122 6.55 30.4333333333 6.1666666667 1.5067245426 16.3434849615 2.4811298163 6.25 6.35 15.35 7.15 9.65 30.1897785367 30.022521847 6.55 6.65 2.6235829038 6.95 6.95 22.6289342698 7.3116052299 29.1349737791 16.7117382165 26.32568603 30.1648090607 6.25 6.35 6.15 6.75 7.3555555556 4.7270461645 6.25 6.55 15.7761904762 22.5761904762 28.4761904762 4.3376880965 30.1135735976 5.9311250567 25.4
28.25 30.35 7.95 NaN NaN 5.4 5.5 5.5 7.65 18.05 30.7 8.25 23.1242242458 7.95 6.95 12.25 7.05 NaN 11.6847858837 6.85 7.05 6.55 11.1333333333 16.0537203881 5.6316790289 18.5267895821 18.6856743286 30.6333333333 30.4333333333 9.95 12.35 7.35 30.35 7.05 1.8062672167 7.05 6.85 5.85 6.95 6.55 5.85 29.4207592179 7.05 30.0526087569 9.75 30.3850406063 30.7853397564 7.55 6.75 6.8705960277 9.6343272963 1.3874920661 6.4564102564 12.4 4.7564102564 2.1385891958 30.4417852127 23.6302373727 30.8937128312 9.55 6.95 1.7358404189 6.503030303 6.903030303 19.298142394 30.4777777778 30.2777777778 8.3777777778 12.1777777778 14.4777777778 30.1694840324 28.1311250567 5.5328101159 30.6660289775
11.15 15.95 23.15 12.95 NaN NaN NaN 4.1 7.85 7.65 7.85 NaN 30.7558900823 8.25 7.15 10.05 14.85 7.35 7.25 7.5768182948 5.5513641714 16.1666666667 7.8 11.31056489 5.8011704976 6.01898463 30.2570224301 9.4666666667 22.45 9.85 7.35 30.15 24.9727487108 27.6175430751 30.5242242458 30.3393193566 7.05 6.25 7.05 6.85 30.6625444306 31.3570224301 30.2591076631 6.65 5.2328411419 30.4117382165 30.9060112703 22.2236890968 30.3453558739 10.0219010501 10.1115754658 16.9002554047 9.9222222222 6.75 9.0257618163 4.5977602346 6.85 11.7911673208 8.8118446873 5.7356117652 1.9208927697 4.4169517877 1.4222222222 9.2222222222 30.0202728564 30.6083333333 30.1083333333 30.4083333333 11.6083333333 4.5183739396 19.6450715499 14.5758686137 10.0192754236 30.5726779369
7.85 7.95 30.45 30.25 7.95 10.25 7.75 NaN NaN NaN NaN NaN 7.95 7.2893446036 30.65 30.502378304 7.35 7.05 30.1687796773 7.25 7.15 5.6969040394 9.6252444916 30.4418083139 30.2922860495 8.0665805837 22.7812466759 30.2666666667 7.15 6.95 6.85 7.25 7.15 7.05 12.25 6.55 6.35 6.25 6.15 6.35 6.85 30.338708522 30.9595038309 6.55 6.65 30.2318455014 30.5801158374 3.6326039052 30.3573786367 30.7683086365 7.05 22.5909187831 30.4752543046 30.373998276 1.6847858837 13.3963442264 13.5480057157 14.5101749826 30.8578339874 30.3523409952 10.2870412155 7.6421966066 6.5380952381 7.1380952381 6.9380952381 12.2380952381 27.5450715499 6.65 9.9758686137 7.15 9.4726779369 30.4578685395 5.0716618094 30.3084518793
30.25 10.15 15.05 4.1 7.35 7.25 7.45 7.75 8.05 11.05 10.95 8.15 NaN NaN 7.25 7.35 NaN NaN 6.95 6.95 30.1134491708 12.3915219852 6.95 5.8622501134 14.7340669095 13.4267895821 8.771505315 30.4197773382 6.55 6.85 7.15 12.15 7.05 30.3 30.6 30.2 6.45 6.65 6.15 6.85 4.6574638207 7.05 30.2993623108 5.35 6.35 6.45 30.6095238095 14.163570706 30.5055575185 7.1194193466 10.1088191311 30.1723311278 9.7248334564 30.3924010611 30.2761904762 23.8501096867 6.7314757273 6.9825157082 30.4 7.5047379305 7.7671695589 17.62568603 30.5833292142 6.05 5.95 30.4703703704 30.5726779369 30.6166666667 30.1578685395 7.7716618094 8.6453558739 14.178511354 30.4333333333 30.4
23.25 20.75 23.05 7.25 7.85 8.05 15.55 7.55 15.35 7.95 13.35 7.95 23.0297141553 13.45 30.4302373727 NaN NaN 6.95 4.8 30.5570224301 6.95 5.3041568138 30.4347716914 16.1869632333 30.0666666667 30.5782210422 30.303083626 6.0198724248 5.4222222222 6.65 7.05 6.85 6.85 7.05 30.8 6.65 6.15 6.35 9.65 9.95 7.15 7.25 7.05 30.6111111111 6.65 30.5923526966 30.3419755892 8.5590193633 8.1092535051 22.6060112703 12.15 30.5329525334 6.65 6.6632972377 11.1687796773 14.9714285714 1.6333333333 8.2236890968 30.5 30.1240453033 10.7786892072 30.1282174738 5.95 30.5333333333 15.1333333333 30.8333333333 30.6333333333 30.8111111111 25.678511354 30.2333333333 9.1 26.9570224301 5.6540925512 30.0666666667
30.75 20.65 30.4 10.65 31 12.7 30.2 7.45 7.85 8.25 9.75 7.65 7.25 30.1450715499 13.65 NaN NaN 6.85 4.7 4.6 4.9 7.05 30.3384487607 8.9225890798 9.3578339874 30.2174833192 21.1230658168 8.1504210912 6.65 7.15 6.85 6.85 7.45 7.25 7.15 6.65 6.75 6.65 9.65 7.05 13.2094922192 12.25 30.6333333333 30.1540925512 30.8714045971 NaN 9.647996552 30.6617874766 10.3889883586 5.0467825041 25.8417852127 6.6903557635 21.9146632187 5.6684525146 2.4190387257 6.2487248999 5.2648090607 6.75 24.3911673208 6.75 25.4540925512 9.7134491708 25.0889883586 30.2333333333 18.1333333333 30.4333333333 30.3333333333 11.0666666667 23.8666666667 20.4540925512 10.2453558739 31.147996552 30.5134491708 15.75
23.15 30.75 30.25 13.35 7.85 10.35 7.55 7.85 7.15 12.8761904762 30.2761904762 30.447996552 30.8666666667 8.6333333333 7.95 NaN 4.6 4.5 4.7 4.7 4.4 23.2669472598 8.7285580409 6.2574333907 8.7326204837 10.7604794146 30.5928362784 9.2 7.15 NaN 6.95 30.45 7.25 7 7.15 7.15 6.85 7.25 30.7 7.15 30.1513641714 25.4666666667 31 6.25 NaN 30.2660289775 29.8928371643 4.647996552 25.2883656714 4.6888888889 4.8955834467 1.747996552 2.1595038309 30.5422194537 6.75 30.2042261031 5.6741510037 4.5117159916 30.9268983415 30.4994484251 30.6 9.6393446036 6.95 30.2555555556 14.8555555556 4.5555555556 30.5555555556 13.3270461645 7.4761904762 4.9134491708 31.0615508071 30.6094922192 5.0660289775 30.3328101159
