Outfile_4.asc
NCOLS 201
NROWS 151
XLLCORNER 730592.938286
YLLCORNER 2561222.529137
CELLSIZE 145.176046
NODATA_VALUE NaN
[rows 40 to 79 of 151, columns 89 to 177 of 201]
30.45 30.45 12.65 7.65 12.65 7.65 30.35 7.95 6.9 30.5 7.15 30.3 7.65 7.55 6.85 26.9 7.15 30.6 17.6 16.8 30.5 30.3 28.7 30.5 30.2 6.85 7.15 30.7 30.4 30.5 30.5 30.6 17.7 7.7 11.5 7.3 6.9 30.5 7.1 30.7 7.3 7.3 7 9.9 16.3 19.4 7.2 7.1 7 6.9 7.1 6.7 NaN NaN 7 30.3 30.7 7.5 30.2 30.2 4.5 24.9 NaN NaN NaN NaN NaN NaN NaN NaN NaN NaN NaN NaN NaN NaN NaN NaN NaN NaN NaN NaN NaN NaN NaN NaN NaN NaN NaN
7.65 10.35 12.55 6.35 9.75 20.15 10.15 7.05 6.55 NaN 30.8 7.7 30.6 7.05 7.35 30.6 30.1 30.1 18.4 30.5 30.4 7.05 26.2 30.2 30.1 30.5 30.4 30.7 30.8 30.3 7.4 7.1 12.7 30.9 6.6 7.1 6.9 7 7.3 7.1 7 30.6 7.1 6.8 30.5 7.2 9.6 6.6 6.3 6.3 6.9 6.9 6.8 6.7 9.7 10.1 9.6 6.8 30.4 6.5 30.7 30.2 NaN NaN NaN NaN NaN NaN NaN NaN NaN NaN NaN NaN NaN NaN NaN NaN NaN NaN NaN NaN NaN NaN NaN NaN NaN NaN NaN
7.25 30.5 6.95 6.85 6.75 6.55 6.55 12.35 7.05 7.35 10.3 25.3 30.5 30.3 6.45 6.95 30.3 30.4 30.8 30.9 30.3 30.5 30.3 18.1 25.7 30.2 30.2 30.5 30.3 30.4 30.3 30.2 30.2 7.3 27.3 7 7.2 7.3 7.2 6.9 9.6 7.1 7.1 7.3 14.9 30.6 7 7 7.2 7.1 30.7 7.1 30.7 30.4 30.7 30.6 30.8 9.4 7.1 9.9 30.6 7 NaN NaN NaN NaN NaN NaN NaN NaN NaN NaN NaN NaN NaN NaN NaN NaN NaN NaN NaN NaN NaN NaN NaN NaN NaN NaN NaN
6.65 6.95 30.4 6.85 9.65 7.05 7.05 7.35 7.75 9.85 6.75 7.7 6.95 30.5 30.2 30.6 30.6 30.8 22.1 30.6 23.8 23.9 30.6 26.7 30.1 6.85 30.2 30.4 30.2 30.3 30.3 7 30.2 6.55 6.55 7.25 7.35 12.55 7.55 9.85 9.7 7.4 30.4 6.9 30.3 7 7 9.7 7.1 7.4 7.4 30.5 6.7 30.5 14.2 11.8 6.6 6.9 10.5 6.4 30.3 30.1 30.4 NaN NaN NaN NaN NaN NaN NaN NaN NaN NaN NaN NaN NaN NaN NaN NaN NaN NaN NaN NaN NaN NaN NaN NaN NaN NaN
6.55 6.75 6.75 6.55 7.05 11.8 8.1 6.95 7.45 7.05 6.95 5.2 7.2 30.9 30.4 30.3 12.25 7.35 30.5 6.75 9.65 30.5 30.4 30.3 30.4 23.1 30.3 30.5 30.6 7.25 9.85 30.6 30.3 6.35 6.45 6.75 30.4 7.05 25.05 9.75 6.95 7.1 7 30.3 30.4 7 30.4 7 6.9 6.9 7.3 16.3 30.3 7 6.3 6.8 6.5 7 30.6 4 7.8 7.8 30.9 10.2 NaN NaN NaN NaN NaN NaN NaN NaN NaN NaN NaN NaN NaN NaN NaN NaN NaN NaN NaN NaN NaN NaN NaN NaN NaN
6.75 6.65 6.35 6.75 30.2 6.85 6.95 8 9.65 6.95 9.75 7.25 30.2 30.7 30.6 30.3 6.95 7.15 7.25 6.85 30.7 7.25 6.95 30.6 30.4 6.75 30.7 30.5 7.05 30.3 7.05 7.25 6.45 30.5 30.3 6.55 30.6 30.6 7.25 12.45 7.25 7.25 6.9 7.2 30.2 7.1 19.8 6.8 6.4 17.8 6.6 6.5 6.7 10 7 6.8 6.6 25 12.3 1.1 22.2 1.1 30.6 25.7 30.6 NaN NaN NaN NaN NaN NaN NaN NaN NaN NaN NaN NaN NaN NaN NaN NaN NaN NaN NaN NaN NaN NaN NaN NaN
6.85 6.55 5.3 6.85 7.05 6.75 7.15 5.4 9.95 7.15 6.95 30.6 14.9 30.8 30.7 30.5 26.3 15.6 30.4 6.35 7.15 7.05 6.75 6.65 21 30.3 30.4 30.3 30.3 15.05 29.75 19.85 6.55 6.95 6.75 30.5 6.65 30.6 15.05 7.45 7.35 7.25 7.25 6.7 6.6 31.1 17.3 6.6 6.6 13 30.3 30.4 30.3 30.6 6.5 7 9.8 21.7 6.8 3.8 8.7 1.3 30.5 19.6 30.8 30.5 NaN NaN NaN NaN NaN NaN NaN NaN NaN NaN NaN NaN NaN NaN NaN NaN NaN NaN NaN NaN NaN NaN NaN
6.45 6.55 6.75 7.15 6.75 30.6 9.55 7.25 7.1 30.5 30.7 7.9 23.7 30.8 30.1 9.1 13.3 30.4 30.7 30.4 14.2 30.5 30.1 21.6 30.2 30.4 30.4 30.4 30.4 30.2 30.2 6.55 6.65 30.4 30.7 30.5 30.6 6.95 30.7 7.45 10.05 7.65 7.55 6.5 30.4 6.8 30.4 30.5 22.8 30.3 30.5 18.8 30.4 30.6 30.2 30.5 30.6 29.7 30.6 16.5 15 6.6 6.5 30.5 6.7 31 6.6 NaN NaN NaN NaN NaN NaN NaN NaN NaN NaN NaN NaN NaN NaN NaN NaN NaN NaN NaN NaN NaN NaN
30.3 6.75 17.9 30.5 29.8 25.4 7.9 23 6.9 7.2 11.4 5 13.2 30.7 30.8 30.2 17.7 30.5 30.7 30.6 6.35 6.35 31 30 30.3 30.4 30.4 30.6 30.7 30.4 24.85 6.85 7.05 30.4 6.55 6.55 7.25 7.45 6.85 7.05 30.25 25.05 30.6 30.2 30.2 30.4 19.7 30.6 12.3 18.4 30.5 30.7 16.2 11.8 30.5 30.4 30.3 7.3 22.8 1.4 7.7 18.6 27.9 30.4 6.5 30.3 30.9 6.8 NaN NaN NaN NaN NaN NaN NaN NaN NaN NaN NaN NaN NaN NaN NaN NaN NaN NaN NaN NaN NaN
6.05 5.55 6.25 8.1 30.4 19.6 30.5 29.3 9.8 6.4 3.8 4.3 3.2 30.1 30.6 30.8 13.9 30.2 30.1 30.5 6.15 6.45 30.6 30.2 30.4 30.5 30.5 30.5 6.95 6.85 30.3 30.1 9.65 6.85 6.85 14.65 7.05 30.5 7.25 30.4 12.35 30.5 30.3 30.3 21.8 30.6 6.9 15.1 6.7 9.9 7.2 6.8 6.8 30.5 30.5 30.4 26.9 30.7 4.3 30.4 30.5 30.5 7 16.8 11.8 30.8 30.3 7 NaN NaN NaN NaN NaN NaN NaN NaN NaN NaN NaN NaN NaN NaN NaN NaN NaN NaN 18.1 30.4 30.5
5.85 30.7 20.1 6.05 30.7 5.1 6.1 17.9 30.8 1.2 6.2 1.5 9.8 13.8 8.4 30.5 30.1 13.1 30.3 30.8 30.5 6.45 30.3 30.5 6.45 30.5 6.95 6.95 6.95 7.05 30.2 30.2 6.95 6.95 30.6 7.25 30.4 30.1 30.6 30.4 30.4 30.7 30.5 30.4 30.3 30.6 6.9 6.9 6.8 28.5 7.1 7 7.1 6.7 30 27.4 7.3 7 30.7 6.5 30.5 30.4 30.4 6.6 6.7 9.8 14.8 7.4 7 NaN NaN NaN NaN NaN NaN NaN NaN NaN NaN NaN NaN NaN NaN NaN 7.8 11.9 31 12.55 7.55
6.25 6.75 30.6 30.6 30.8 5.5 30.6 6.6 30.5 30.4 30.5 1.4 4.2 3.2 5.9 30.8 30.3 30.9 18.1 30.2 30.9 30.8 30.8 30.5 30.5 30.4 30.7 7.15 7.05 6.85 6.85 6.35 30.5 6.75 30.8 30.9 30.4 30.2 30.5 30.4 30.4 30.7 30.5 30.3 30.4 30.5 6.8 6.8 7 11.5 30.9 7.1 7.3 9.8 30.5 27 6.7 6.7 30.6 30.6 22.5 11.5 16.8 6.4 30.5 30.5 7.1 21.7 7.1 6.6 NaN NaN NaN NaN NaN NaN NaN NaN NaN NaN NaN NaN NaN NaN NaN 26.8 7.95 30.45 30.25
30.7 6.25 30.8 30.2 6.4 20.6 30.4 30.6 7 1.5 4 3.8 30.5 4.5 30.4 30.8 30.6 30.4 30.9 6.9 30.5 30.3 30.7 30.4 30.5 18.6 30.2 30.2 30.5 6.45 30.6 30.6 30.3 30.5 30.9 31.1 30.8 30.5 30.7 30.4 30.6 30.5 30.3 30.4 30.1 6.4 6.6 30.4 6.6 30.1 16.8 6.7 6.9 12.9 7.4 6.7 30.5 4.4 30.2 31.2 30.8 6.7 7 30.4 19.3 30.3 7 9.7 6.5 7 NaN NaN NaN NaN NaN NaN NaN NaN NaN NaN NaN NaN NaN NaN NaN 7.45 7.95 22.95 8.05
11.9 30.4 30.5 30.6 23.2 30.2 6.7 30.8 3.8 6.5 6.3 6.6 6.4 6 12.4 23.6 30.7 15.6 6.6 6.9 30.2 30.7 30.7 31.4 30.8 10.05 9.85 30.8 31 31 30.4 30.3 6.35 6.05 30.8 30.5 24.2 6.15 30.6 30.3 30.3 30.4 30.5 30.4 27.3 30.3 11 13.7 6 27.5 11.6 30.2 6.4 30.5 30.3 6.5 27.8 9.3 10.5 30.7 30.7 30.6 30.6 30.6 25 30.5 30.3 6.4 6.6 6.75 6.85 NaN NaN NaN NaN NaN 6.45 NaN NaN NaN NaN NaN NaN NaN 10.25 30.55 10.15 7.65 7.35
30.4 25.2 30.5 10.3 7.9 30.7 1.4 5.4 11.5 8.9 1.3 11.7 8.9 6.5 4.3 8.8 30.7 8 23 19.8 12.5 31 29.4 30.2 30.4 30.8 30.4 30.5 30.3 27.1 6.65 7.25 30.5 31.1 31.1 30.8 30.4 30.4 30.5 30.6 25.1 30.3 30.6 30.4 30.4 30.3 13.6 6 30.3 24.8 30.1 22.7 6.6 4.2 30.5 4 4.1 9.6 30.5 5.8 30.7 31 30.5 30.8 30.2 6.3 30.4 6.9 6.35 7.05 12.7 6.95 7.15 7.15 6.85 6.85 6.55 NaN NaN NaN NaN NaN NaN 3.9 7.85 7.35 7.65 12.75 7.65
6.05 23 30.6 5.85 30.5 6.4 30.2 5.3 23.8 12.7 1.4 4.4 6.6 14.8 1.2 30.1 18.6 6.2 5.3 10.7 15.5 30.3 31.1 22.5 30.4 30.3 6.85 30.7 30.4 25.2 30.4 6.75 6.75 30.2 30.6 6.65 30.3 5.9 30.6 30.2 30.4 30.4 30.5 6.4 6.5 30.6 30.5 6.3 30.4 30.8 30.4 11.9 6.5 6.7 6.8 6.9 30.7 7 24.7 6.4 30.7 30.4 6.5 30.9 31.2 6.5 6.8 6.55 30.7 17 6.95 7.15 7.15 6.95 6.75 6.35 6.85 NaN NaN NaN NaN NaN NaN 30.75 10.05 7.65 7.45 7.35 7.75
5.95 17.4 5.3 17.2 30.8 30.6 7.3 NaN 3.8 6.7 NaN 5 5.75 5.25 6.3 3.6 30.5 10.9 3.3 22.9 30.8 12.8 30.5 30.3 14.9 30.6 6.85 30.6 30.2 6.65 6.75 30.3 6.55 30.7 30.3 6.95 30.4 6 30.4 30.1 30.3 30.3 22.2 17.7 30.5 30.8 30.5 30.5 30.7 17.6 30.5 7 6.6 30.4 30.3 30.3 30.4 30.3 9.5 30.3 30.7 31.1 30.7 30.2 6.7 6.3 6.2 6.95 30.5 30.7 30.05 30.2 30.8 6.85 6.55 7.05 6.75 NaN NaN NaN NaN NaN 7.25 7.15 6.95 7.55 14.1 30.45 7.55
6.75 5.95 6.75 30.6 30.7 22.4 30.9 30.8 30.6 4 5.6 30.3 1.2 30.4 1.4 18.7 3.7 24.4 30.5 30.3 23.3 30.5 30.9 31 10.4 23.7 30.4 30.8 30.1 30.5 15.1 30.2 29.3 30.6 30.7 7.15 30.5 30.3 30.6 30.5 30.4 6.1 30.6 30.2 16.4 30.5 21 6 5.8 29.5 19.4 6.3 6.1 6.1 6.5 30.5 12 30.3 31.1 30.3 29.7 12.5 30.9 30.5 30.5 30.6 31.1 6.95 30.7 6.65 7.05 6.95 6.65 6.75 6.95 7.05 6.85 NaN NaN NaN NaN 9.65 7.25 7.1 7.15 24.7 30.7 17.65 7.85
30.5 6.55 30.6 9.8 28.1 22.3 30.7 28 30.6 5.1 1 1.4 30.6 13.9 14 4 3.8 14 6.4 5.8 16.3 30.4 13.1 30.4 30.3 30.7 30.6 31 7.05 30.7 30.6 30.8 22.7 30.5 30.2 30.6 30.5 30.5 30.3 25.8 25.3 6.3 6.3 6.3 30.6 30.5 6.6 30.7 12.6 22.6 6.6 30.5 6.4 30.6 30.3 30.4 30.6 19.7 30.4 4.3 30.4 29.9 6.7 6.7 30.6 30.3 6.3 16.8 6.25 16.9 6.55 6.35 6.65 21.9 6.35 6.55 16.3 NaN NaN NaN 7.25 30.15 6.75 30.8 7.45 6.95 9.55 7.05 6.5
12.7 6.35 6.65 7.4 12.4 6.9 6.6 1.1 29.2 3.8 1.4 1.3 4 30.3 1.6 6.5 9 30.6 6.5 1.3 8.9 20.8 30.5 30.7 30.4 30.6 30.6 30.4 30.5 30.5 30.9 30.4 30.4 23.3 30.2 30.5 30.5 30.5 30.4 16.2 6 6 6 6 6.1 6.3 6.5 11.9 14.4 6.5 30.7 6.8 30.3 31.2 6.3 6.9 4.5 7.2 11.8 6.8 6.8 22.4 30.7 30.2 30.6 30.3 12.3 6.2 30.9 30.2 30.5 6.75 30.6 30.5 6.85 6.55 NaN NaN NaN 9.9 31.3 30.9 30.8 30.5 31 6.6 7.35 30.5 30.5
6.25 24.8 5.1 7.2 30.6 11.5 9.6 26.7 7.7 3.9 1.3 30.4 1.6 9 6.6 30.3 1.2 1.1 1.4 1 6.4 3.9 5.7 7.75 30.6 30.4 30.4 30.9 30.8 30.1 7.1 30.3 30.5 16.3 30.6 31 30.6 30.4 30.4 30.4 30.2 6.2 6.4 6.5 30.5 30.7 6.3 8 30.5 30.7 21.6 30.4 30.8 6.5 14.4 25.5 30.5 30.5 14.3 6.9 4.4 10.4 30.8 30.6 12.3 6 6 31 30.2 30.5 30.4 30.3 6.05 6.35 6.45 6.85 6.45 NaN NaN 12.1 9.55 6.95 7.45 7.15 31.3 12.45 6.3 7.45 6.4
NaN 6.45 7.1 9.8 NaN 30.5 9 31.1 31 30.4 30.5 3.9 30.4 3.8 4 19.1 1.5 30.3 6.4 3.9 30.5 9.2 30.4 30.7 30.7 30.5 11.8 30.7 30.4 30.9 30.6 30.5 30.8 19.5 14.2 30.5 12 30.3 30.8 31 6.6 6.3 6.2 6.3 6.3 30.5 25.7 30.8 9.6 12.1 6.2 3.9 6.1 5.1 7.7 15.6 7.8 17.7 30.4 19.4 4.5 6.7 20.6 10.7 18 10.4 6.2 25.1 6 30.6 14.9 16.5 5.95 9.3 30.5 6.25 NaN 6.65 6.85 7 6.75 10.05 30.8 7.35 5.1 9.8 4.6 7.45 27.7
NaN NaN NaN NaN NaN NaN NaN 6.55 1.5 9.2 6.6 6.9 4.3 14.2 1.3 6.2 9.3 26.7 30.6 16.6 30.1 30.55 7.55 10.3 16.6 5.9 8.3 22.3 30.5 30.5 31 30.5 19.3 6.55 30.4 30.6 30.4 17.4 30.6 7.4 6.6 6.9 30.6 6.6 6.1 30.4 6.2 14.9 30.7 21.9 3.7 4.3 3.7 9 30.5 6.2 7.1 23.7 6.7 6 6 30.7 6.3 6.3 6.2 13 24.9 19.9 30.3 5.3 28.1 6.65 30.4 9.3 4.2 4.1 6.25 7.15 31 14.7 31 15.05 30.9 14.55 30.5 7.35 23.9 12.85 27.75
NaN NaN NaN NaN NaN NaN NaN NaN NaN 6.55 9.2 30.6 4 19.1 14 30.4 1.2 30.6 30.2 7.3 6.7 7.35 30.4 3.9 14.2 6.3 23.9 8.9 8.3 17.2 19.9 31.1 30.9 30.1 21.7 27.9 20.2 30.3 7.3 30.6 6.6 6.7 30.9 6.8 31.1 6.4 5.9 5.9 3.9 3.9 30.3 5.5 18.7 6 30.2 6.1 7.7 5.1 30.3 27.3 6.3 6 6.2 5.9 6.2 10.3 19.9 22.6 17.2 30.3 6.75 30.5 7.15 30.3 7.7 4 30.4 30.5 30.8 30.8 12.1 30.4 7.35 12.65 30.2 10.35 14.95 30.65 22.75
NaN NaN NaN NaN NaN NaN NaN NaN NaN NaN NaN NaN 14.5 4.1 3.6 3.8 29 6.9 4.4 30.6 3.9 7.35 30.4 6.8 30.6 14 30.1 6.3 30.7 16.4 8.1 30.4 6.85 9.8 30.3 9.8 30.7 30.7 30.8 30.3 4.7 9 15.3 30.6 5.4 6 5.9 30.9 6.5 4.1 6.4 6.2 5.8 6.1 7.7 5.1 7.7 10.2 9.7 6.6 9.6 6.6 6.8 17.4 30.6 6.4 5.2 30.5 6.3 9.1 4.1 6.85 14.4 30.7 30.9 17.5 30.8 30.7 9.75 10.7 7.35 9.75 30.9 25 8.05 30.2 30.4 30.55 10.15
NaN NaN NaN NaN NaN NaN NaN NaN NaN NaN NaN NaN 6.75 1.2 6.1 1.1 3.6 6.3 8.8 30.4 NaN NaN 6.45 30.8 30.5 6.6 7.3 30.3 1.6 6.8 6.6 30.6 30.3 9.2 10.5 30.7 10.6 30.2 5.2 7.1 17.4 7.3 7 7.9 18.9 7.1 9.5 6.8 30.5 30.6 30.3 6.3 6.4 6.1 1.1 5.1 4.2 30.2 7.1 12.9 14.7 30.2 30.3 5.2 6.6 6.8 15.2 7.6 7.1 12.8 21.3 7.5 6.65 6.85 30.4 30.9 8.1 30.5 31.2 9.85 31 7.35 22.75 10.1 30.2 17.95 7.15 7.75 18.15
NaN NaN NaN NaN NaN NaN NaN NaN NaN NaN NaN NaN 6.25 1.1 8.8 1 3.6 1.2 3.8 NaN NaN NaN NaN NaN 6.8 30.7 23.9 30.2 23.1 6.5 11.8 4 30.6 8 30.6 12.4 6 5.2 5.5 7.2 10.2 30.4 7 9.7 30.4 12.4 30.2 6.8 6.9 6.8 6.8 7.1 9.8 10.3 5.2 6.8 6.6 4.2 5.4 30.3 26.9 6.9 7 5.2 11.7 30 4.2 6.1 30.3 1.1 9.1 6.55 30.5 30.3 6.75 30.4 30.9 30.6 30.5 30.6 9.75 7.15 20.05 7.25 30.7 30.9 30.35 30.45 30.9
NaN NaN NaN NaN NaN NaN NaN NaN NaN NaN NaN 3.7 5.95 4.2 1 4.2 6.15 5.95 NaN NaN NaN 9.75 7.15 30.3 30.4 30.3 6.4 6.5 1.2 3.6 30.5 30.3 14 30.6 5.2 6.65 30.2 19.3 13.1 30.7 30.5 10.3 15.3 7.2 7 6.9 17.3 7 6.9 7 9.8 7 6.8 6.8 6.8 6.8 6.9 30.2 6.7 6.4 9.7 3.7 30.3 4 4.2 6.7 12.8 6.3 1.2 14.3 5.3 6.7 30.5 9.8 30.1 6.45 31 30.5 30.7 31.2 7.05 30.2 7.35 7.25 30.6 7.1 7.8 7.7 7.8
NaN NaN NaN NaN NaN NaN NaN NaN NaN NaN 30.3 30.6 NaN NaN NaN 5.85 5.85 NaN NaN NaN NaN 6.35 7.65 20.05 30.2 6.6 6.5 13.8 6.5 6.6 8.7 10.3 30.3 30.5 8 30.5 7.8 5.4 17.7 13.5 30.4 30.4 14.9 7.1 5.2 7.1 7 6.9 7.1 7 12.3 7.2 6.9 7 6.7 6.8 6.7 6.7 4.3 7 6.3 30.3 6.8 30.4 1.2 6.7 26.7 21.7 6.4 6.2 6.5 6.2 6.85 11.6 30.6 30.5 30.2 10.05 30.4 30.4 30.1 14.1 12.5 7.6 7.4 24.5 20.1 6.9 30.1
NaN NaN NaN NaN NaN NaN NaN NaN NaN 30.8 7.15 30.9 24.7 6.35 NaN NaN NaN NaN NaN NaN 6.45 30.5 24.9 4.3 6.5 18.6 21.7 1.3 11.8 30.6 4.3 17.8 6.45 30.3 6.55 12.45 30.5 12.8 7.9 30.5 9.6 7.5 7.3 7.2 7 17.4 7.1 7.2 7.2 7.2 6.9 7.1 7.1 7.3 7.2 16.8 6.9 6.5 24.1 14.4 30.1 7.3 30.6 6.5 9.2 6.3 6.7 6.5 6.6 6.5 6.7 6.8 14.4 30.6 30.3 31 25.95 7.55 31 12.6 30.2 30.4 20.9 7.8 7.7 30.5 7.1 7.1 7.7
NaN NaN NaN NaN NaN NaN NaN NaN 19.5 16.9 6.75 6.5 15 6.45 30.5 6.25 NaN NaN NaN NaN 6.25 5.95 4.3 5.15 30.5 6.3 4.4 30.5 22.9 30.3 6.95 7.15 5.15 5.25 5.05 5.15 6.8 7.8 30.6 12.9 12.7 30.3 10.5 6.9 22.8 7.3 30.25 7.35 7.65 17.35 6.8 7 6.9 5.3 7 30.3 6.8 6.6 1.3 6.8 16.6 30.7 6.6 30.2 7 6.6 7.1 6.7 6.9 7 9 6.8 19.9 7 6.9 30.9 30.3 13.2 7.5 30.5 30.2 30.8 7.6 30.1 7.6 9.9 7.3 12.1 30.9
NaN NaN NaN NaN NaN NaN NaN 30.3 6.65 6.2 30.8 30.3 5.65 5.4 6.45 12.4 5.85 NaN NaN 6.15 19.4 6.15 5.05 5.15 4.95 4.95 5.05 5.25 5.85 7.2 5.75 5.65 4.95 30.3 4.25 4.45 7.8 13.8 1.4 6.15 6.25 6.8 7.2 6.7 4.2 20.15 12.35 10.05 7.25 9.95 6.6 6.6 7 6.9 4.3 1 6.9 1 3.6 6.9 3.8 6.7 30.7 6.6 NaN 13.9 7 7.1 6.7 9.8 5.3 6.7 30.9 6.9 15 31.2 7.4 20 31 30.6 13 30.5 6.9 7.3 29.5 30.9 20.5 12.6 30.4
NaN NaN NaN NaN NaN 1.2 6.55 6.75 30.6 6.35 6.35 6.55 5.85 6.05 5.95 30.5 NaN NaN 6.05 30.4 5.55 14.1 5.15 4.95 5.05 30.5 22.5 5.15 6.25 5.55 5.75 5.65 16.6 5.95 21.6 9.7 7.2 30.4 1.2 30.4 6.35 6.25 7.45 7.35 7.25 7.45 9.95 7.45 9.85 14.55 6.85 6.7 6.5 7.1 6.9 6.4 1.2 1 3.7 11.9 3.7 6.8 7 7 7.1 13.9 6.5 10.2 7 6.7 7.6 7.4 10.7 26 30.2 7 6.5 5.9 30.2 30.6 6.2 6.9 7.2 7 30.7 20.8 10.8 30.4 27.9
NaN NaN 6.45 13.9 9.2 7.7 6.65 6.55 6.55 7.9 30.5 12.9 30.6 5.75 5.1 NaN 6.25 6.55 17.3 5.85 3.7 5.55 5.75 5.95 5.65 5.85 5.75 6.25 6.35 5.75 7.1 5.85 5.65 5.75 5.4 7.7 5.1 6.8 1.3 5 5.3 5.2 9.75 7.35 7.05 6.95 7.05 12.7 7.45 7.05 6.95 6.85 5.1 6.6 16.9 11.6 3.6 3.8 6.5 6.7 30.4 12.7 6.7 4 31 6.7 6.8 7.9 6.9 7 10.1 27.9 13.2 30.7 8 12.5 1.5 5.9 30.1 18.9 16.9 30.4 7.4 30.8 30.5 15.8 7.9 17.6 25.9
30.1 16.7 5.75 30.7 6.55 5.55 25.2 6.45 6.8 5.2 6.25 9.4 9.3 5.25 5.05 6.05 6.05 5.85 5.75 5.65 5.75 5.75 3.9 5.95 5.85 5.95 5.95 6.05 6.25 6.15 30.4 5.75 5.75 30.5 14.9 30.3 13 5.2 6.85 5.1 5 5.3 22.15 30.3 27.15 6.95 7.05 6.95 30.3 7.45 6.85 7.25 7.25 7.45 30.5 30.5 30.4 4 1.1 4.1 9.5 18 11.2 8.3 30.2 10 16.7 30.5 7.1 10.1 7.5 10.6 15.8 13.3 20.4 7.1 30.8 30.4 30.2 6.4 23.4 19.5 30.9 6.9 8 11 30.8 30.7 30.8
5.7 5.7 20.1 6.15 7.2 13 15.6 5 6.25 9.3 20.2 25.4 5.25 16.5 30.6 5.65 3.7 5.55 5.75 26.6 6.05 7.7 11.8 30.2 6.05 6.25 6.35 6.55 10.7 6.45 6.05 30.4 30.5 30.4 9.4 16.7 5.3 18.9 4.1 30.3 5.1 7.9 30.6 18.1 18.1 30.35 9.75 7.15 7.05 7.15 7.35 1.1 30.4 7.05 10.35 4.4 30.5 30.3 6.3 21.4 30.2 7 7 7.1 11.6 30.5 6.8 6.6 7 30.6 7.7 27.2 30.2 30.5 7.6 30.7 29.7 30.3 12.5 30.4 8.2 30.9 30.8 15.1 13.1 30.9 30.5 25.8 30.7
5.7 13.2 5.55 5.95 30.3 5.75 15.3 5.95 30.6 17.6 12.7 7.1 26.7 5.65 14.6 1.3 3.7 3.6 23.8 3.8 5.95 5.85 20.4 7.7 11.4 6.05 6.25 27 6.25 6.05 7.3 6.15 9.9 5 9.3 30.6 5.1 7.8 30.4 7.9 7.9 8.1 30.6 10.6 30.1 7.35 7.55 27.55 7.05 7.15 6.9 30.5 7.65 22.4 30.4 30.75 6.8 1.2 3.7 7 30.7 6.9 30.8 30.4 7.7 25.2 5.9 7.2 8 7 7.6 27.9 28.4 15.2 30.6 10.6 30.5 13.7 28.7 30 8 30.4 30.8 6.9 15.4 15.3 9.8 8.2 13.5
10.2 30.7 5.75 30.3 5.65 6.15 30.4 6.25 22.9 5 3.7 19.2 3.8 30.5 6.7 1 9 1.3 21.6 6.05 6.75 6.35 6.15 19.3 23.9 6.05 6.35 22 6.7 6.15 4.3 1.1 30.7 30.4 30.3 6.05 29.2 5.4 30.3 6.7 10.3 30.7 24.6 25.6 20.7 7.15 10 7.55 15.6 7.75 5.1 9.95 10.15 7.55 10.05 5.5 30.4 6.5 4.4 7.4 30.8 7.2 30.9 7 6.9 3.3 7.1 7.5 7.5 30.2 30.1 28 30.5 8.1 30.6 31 30.8 20.5 10.7 13.1 30.4 30.9 15.8 18.1 30.6 7.8 7.7 4.2 30.6
6.5 5.7 5.65 6.45 5.65 30.5 6.55 30.4 7.7 1.2 5.1 30.1 30.4 4 30.5 8.9 6.25 5.75 5.75 5.85 5.65 5.65 5.65 30.3 30.5 30.7 30.8 6.65 6.45 6.45 5.4 5.95 7.8 6.05 30.4 6.95 30.3 7.8 7.7 30.4 4.1 30.7 29.5 8.1 5.4 30.3 7.35 30.35 30.55 30.3 15.55 30.55 9.9 7.75 7.95 18.45 7.5 7.4 30.9 14.9 30.4 7.1 7.1 9.6 3.2 6.8 7.1 7.5 29.9 31 8.2 30.5 10.5 30.4 7.8 30.4 30.3 12.6 30.6 30.5 30.9 6.9 25.8 30.4 7.5 10.6 30.2 10.5 30.8
23.1 6 6.45 14.2 6.65 11.7 30.6 31.2 4 30.4 30.3 11.8 30.2 4.5 11.5 29.1 7.1 4 5.45 5.95 6.05 12.6 6.65 5.95 6.15 30.6 21.7 30 11.9 4.1 6.9 5.75 5.65 21.7 30.6 30.5 30.5 15.2 15.2 24.7 6.7 19.5 18.1 7.8 6.45 30.1 6.45 7.45 1.7 7.65 7.55 30.4 1.3 7.75 12.75 7.85 7.1 30.6 30.5 7.3 6.8 6.9 7.1 6.8 6.9 7 30.4 12.3 7.3 18.2 12.9 7.7 7.8 7.8 13.3 10.1 30.2 30.6 13.1 31.2 13 30.5 17.7 30.8 7.8 8 13.2 13 8.2
