Outfile_4.asc
ncols         201
nrows         151
xllcorner     733748.947016
yllcorner     2561541.418206
cellsize      137.483444
NODATA_value  -9999
[rows 37 to 73 of 151, columns 84 to 167 of 201]
7.2 7.1 7.1 18.3 5.3 30.8 3.4 30.3 10.9 30.4 3 6.8 30.6 7 6.4 30.8 30.7 6.4 30.6 6.65 19.75 9.55 5.2 6.25 7.25 7.65 7.8 7.45 11.7 7.65 7.45 7.35 7.45 30.6 25.9 6.3 6.85 5.9 6.65 6.75 7.25 7.05 27.75 14.75 19.65 7.45 17.25 6.75 30.2 8.1 8.3 18 -9999 -9999 -9999 -9999 -9999 -9999 -9999 -9999 -9999 -9999 -9999 -9999 -9999 -9999 -9999 -9999 -9999 -9999 -9999 -9999 -9999 -9999 -9999 -9999 -9999 -9999 -9999 -9999 -9999 -9999 -9999 -9999
30.9 7.1 6.9 7 30.7 30.7 5.6 5.8 11.1 10.8 5.9 30.5 30.8 30.6 30.3 30.2 30.2 6.4 9.1 6.85 30.3 22.25 9.65 7.25 7.05 7.35 7.65 12.65 7.45 30.3 7.75 12.45 30.35 10.15 30.6 30.85 30.35 30.3 7.95 7.45 30.15 7.45 7.75 30.6 31 14.4 30.1 30.4 6.65 6.55 6.5 6.65 30.6 -9999 -9999 -9999 -9999 -9999 -9999 -9999 -9999 -9999 -9999 -9999 -9999 -9999 -9999 -9999 -9999 -9999 -9999 -9999 -9999 -9999 -9999 -9999 -9999 -9999 -9999 -9999 -9999 -9999 -9999 -9999
7.1 30.5 30.5 30.5 30.6 15.4 30.3 1.5 30.4 3.3 3.1 5.3 30.4 6.7 6.7 8.6 3.2 30.5 8.9 6.95 30.3 22.9 6.8 6.7 7.5 12.7 10.4 7.8 7.6 7.85 12.75 30.35 9.95 7.65 7.65 30.25 10.05 7.55 30.25 30.25 7.75 12.95 13.6 30.4 21.1 9.7 7.25 7.05 17.5 6.75 30.3 30.6 30.5 -9999 -9999 -9999 -9999 -9999 -9999 -9999 -9999 -9999 -9999 -9999 -9999 -9999 -9999 -9999 -9999 -9999 -9999 -9999 -9999 -9999 -9999 -9999 -9999 -9999 -9999 -9999 -9999 -9999 -9999 -9999
7.5 30.4 30.5 13.2 30.6 6.7 6.5 6.8 30.7 30.2 30.1 11.6 30.5 30.6 6.6 13.6 11.5 3.9 7.35 30.5 30.1 6.8 7 30.8 15.4 6.7 7 15.1 15.2 10.1 28 12.85 9.95 9.75 18.5 7.85 14.2 17.4 7.75 7.45 15.25 30.9 7.45 7.35 6.95 30.5 7.15 6.85 12.5 17.2 30.6 9.9 30.6 24.8 -9999 -9999 -9999 -9999 -9999 -9999 -9999 -9999 -9999 -9999 -9999 -9999 -9999 -9999 -9999 -9999 -9999 -9999 -9999 -9999 -9999 -9999 -9999 -9999 -9999 -9999 -9999 -9999 -9999 -9999
30.6 7.8 30.3 30.5 6.8 7.1 6.6 6.4 6.6 6.3 6.8 30.5 1.1 6.7 22 30.5 30.4 30.3 13 30.7 30.4 3.8 7 30.5 30.1 6.9 7.3 30.3 12.9 7.8 10.3 12.65 7.25 30.3 6 21 7.35 30.6 12.35 6.75 6.55 31 11.8 7.25 30.3 6.55 30.6 30.3 30.8 6.4 20.4 1.1 30.4 30.7 5.1 -9999 -9999 -9999 -9999 -9999 -9999 -9999 -9999 -9999 -9999 -9999 -9999 -9999 -9999 -9999 -9999 -9999 -9999 -9999 -9999 -9999 -9999 -9999 -9999 -9999 -9999 -9999 -9999 -9999
30.6 13 30.5 30.5 6.8 7 6.5 6.4 6.7 6.7 6.7 7.2 14.8 10.3 22.9 6.5 10.4 4.1 30.4 7.4 30.4 6.9 30.8 6.9 30.6 30.3 30.1 30.6 7.8 17.6 7.6 7.8 6.45 6.75 30.4 30.3 15.05 7.15 6.95 30.8 30.7 6.85 6.75 6.55 6.55 30.5 6.85 22.4 15.6 10.3 30.2 3.8 7.3 17.9 30.6 5.1 -9999 -9999 -9999 -9999 -9999 -9999 -9999 -9999 -9999 -9999 -9999 -9999 -9999 -9999 -9999 -9999 -9999 -9999 -9999 -9999 -9999 -9999 -9999 -9999 -9999 -9999 -9999 -9999
30.7 30.4 8.9 15.5 12.6 5 30.5 19.7 6.4 30.2 30.7 29.8 8 7.2 1.4 30.4 5.8 1.4 5.3 6.9 7.1 7.2 6.7 30.3 30.9 6.8 10.6 10.2 7.5 7.3 7.6 30.3 7.15 6.55 6.95 30.4 30.6 30.7 30.4 30.8 19.3 30.5 30.4 31.1 30.2 29.4 30.7 30.4 4.3 16.7 3.9 6.45 22.9 30.4 18.5 20.6 25 -9999 -9999 -9999 -9999 -9999 -9999 -9999 -9999 -9999 -9999 -9999 -9999 -9999 -9999 -9999 -9999 -9999 -9999 -9999 -9999 -9999 -9999 -9999 -9999 -9999 -9999 -9999
5.6 23.7 30.2 5.4 10 17.2 12.3 6.4 20.1 5.6 3.3 13.9 11.1 3.9 1.1 30.2 7.9 7.4 7.6 29.8 20.4 30.7 30.7 30.4 6.9 5.1 7.5 7.6 10.2 7.6 12.5 30.3 30.6 6.65 6.65 30.6 30.9 30.2 30.4 30.9 30.8 30.4 30.5 30.7 31.1 30.8 19.3 6 27.7 31 30.5 14.1 30.6 15.5 6.45 6.45 31 6.55 -9999 -9999 -9999 -9999 -9999 -9999 -9999 -9999 -9999 -9999 -9999 -9999 -9999 -9999 -9999 -9999 -9999 -9999 -9999 -9999 -9999 -9999 -9999 -9999 -9999 -9999
1.3 30.2 30.5 3 5.3 6.1 30.2 30.7 6.3 6.5 5.5 3.2 21.3 30.5 7.7 20.8 15 7.7 10 22.5 12.7 30.5 30.8 7.8 7.4 7.7 17.5 7.3 30.4 30.2 30.3 7.2 10.4 30.5 6.95 30.8 30.5 30.5 30.35 7.65 20.05 14.3 30.2 30.3 6.65 30.3 29.5 30.5 12.9 19.7 30.5 30.8 7.6 30.8 30.4 30.3 30.5 7.35 -9999 -9999 -9999 -9999 -9999 -9999 -9999 -9999 -9999 -9999 -9999 -9999 -9999 -9999 -9999 -9999 -9999 -9999 -9999 -9999 -9999 -9999 -9999 9.9 30.5 5.3
28.4 5.5 6.3 1.2 7.8 8 30.4 30.6 6.6 6.4 9.2 30.4 28.6 30.2 7.5 29.7 8 8.7 7.2 19.5 10.4 27.6 31 7.5 15.1 30.3 30.3 7.5 7.8 13.1 5.3 13.5 8.1 30.5 6.65 7.15 9.65 10.15 30.45 19.6 7.55 10.15 7.55 30.6 29.3 30.4 14.2 30.5 6.85 14.2 12.3 30.6 30.8 21.1 30.9 30.2 7.25 30.4 7.55 -9999 -9999 -9999 -9999 -9999 -9999 -9999 -9999 -9999 -9999 -9999 -9999 -9999 -9999 -9999 -9999 -9999 7.8 7.4 10.2 19.9 30.9 7.9 30.7 30.4
6.8 30.5 30.4 1.7 30.3 30.8 30.5 30.7 8.3 6.8 20.7 14.4 30.6 30.1 30.6 20.2 7.6 30.2 7.7 30.5 30.5 7.8 12.8 31.3 8.2 11 30.5 15.2 8.3 30.5 30.7 30.1 6.5 30.3 3.2 9.95 9.85 30.45 19.95 7.55 7.75 30.6 30.15 30.3 30.7 31.1 9.9 30.6 6.95 6.45 17.4 20.2 30.2 6.55 6.75 30.2 30.6 7.65 15.05 7.25 -9999 -9999 -9999 -9999 -9999 -9999 -9999 -9999 -9999 -9999 -9999 -9999 -9999 -9999 -9999 -9999 30.7 30.8 31 15.1 10.3 7.4 27.7 7.6
4 30.4 30.3 1.3 11 3.3 30.6 13 9.7 7.4 12.3 8.9 6.6 6.3 30.7 30.5 17.7 30.6 6.3 6.1 30.3 15.6 6.4 15 24.9 30.4 30.8 30.6 6.4 30.8 30.3 6.3 6.5 30.6 30.9 16.7 7.65 28.05 12.35 19.65 7.55 30.7 30.9 30.5 25.1 30.6 6.95 3.6 6.45 30.1 30.8 22.2 6.85 6.45 14.4 6.75 21.9 30.6 30.6 10.05 -9999 -9999 -9999 -9999 -9999 -9999 -9999 -9999 -9999 -9999 -9999 -9999 -9999 -9999 -9999 -9999 -9999 30.7 8.1 11 30.9 8.2 10.7 30.3
18.6 23.8 30.7 3.8 30.5 28.8 7.9 6.25 30.4 12.4 8.2 6.3 19.3 6.7 30.3 9.7 30.7 6.4 30.2 6 6 7.1 30.9 30.1 30.7 17.7 31 10.9 31 30.3 10 30.5 10.7 30.5 30.1 6.15 6.85 31.1 6.95 30.7 30.7 30.15 7.65 30.4 30.4 6.75 30.8 30.7 6.65 30.4 31.1 19.9 26.9 7.05 30.6 15.05 30.1 30.9 30.8 7.45 24.95 -9999 -9999 -9999 -9999 -9999 -9999 -9999 -9999 -9999 -9999 -9999 -9999 -9999 -9999 -9999 1.3 7.6 15.5 30.3 8.1 23.2 25.5 18.3
6.05 6.45 30.7 6.5 31.1 6.5 6.35 6.35 11.6 18.9 30.4 30.1 30.8 6.9 24.6 12.5 3.2 30.4 10.6 21.9 11.9 6.4 6.6 17.6 20 8.1 6.4 26.2 30.7 8.5 30.9 14.3 3.1 30.8 30.7 30.7 30.1 30.9 6.15 30.8 30.1 30.6 6.95 30.2 30.7 6.75 10.5 10.9 6.35 11.3 30.2 30.3 30.7 30.6 5.95 6.65 30.7 7.05 7.15 7.15 7.3 6.9 -9999 -9999 -9999 -9999 -9999 6.9 -9999 -9999 -9999 -9999 -9999 -9999 -9999 -9999 30.1 7.5 7.6 23 7.8 12.9 30.6 8.1
14 6.35 30.7 23.6 30.8 1.4 1.4 4 8.7 3.9 8.9 1.5 6.6 6.4 3.8 30.4 3.4 5.1 30.6 24.8 30.5 19.1 4 16.5 30.4 30.3 30.4 30.5 6.1 31.1 30.3 30.8 30.4 5.5 30.9 30.8 30.5 30.7 6.25 6.15 5.1 9.1 6.55 30.4 30.7 30.6 3.3 16.2 6.55 6.25 30.5 26.3 6.55 30.7 31.3 30.5 6.85 6.65 30.5 6 7 10 6.9 6.8 7.1 6.9 6.6 7.7 7.1 -9999 -9999 -9999 -9999 -9999 -9999 12.4 7.5 7.6 7.7 10.1 7.7 8 7.9 25.6
6.25 30.4 1.3 30.4 16.4 21.5 30.5 30.9 4.4 30.6 6.5 6.4 3.7 1.3 3.6 6.2 6.2 8 30.5 30.6 30.6 6.5 4.3 1.8 6.6 31 6.55 30.7 30.7 9.2 30.5 30.3 6.35 6.55 30.2 30.5 6.25 30.6 30.6 30.4 30.3 3.1 6.45 10.9 23.2 3.6 30.2 20.9 8.4 30.7 31 31.1 30.3 30.7 10.4 6.35 6.45 29.7 9.9 6.5 30.2 7.1 6.9 7 7.4 6.8 7.1 7.3 7 -9999 -9999 -9999 -9999 -9999 30.4 30.5 7.4 7.9 15.2 7.5 7.8 7.8 10.4 30.6
5.4 5.3 3.8 6.6 3.7 29.4 6.6 30.6 9.2 3.7 14.4 1.5 24.1 13.5 6.5 11.2 30.7 8 6.8 31 30.1 30.5 30.5 14.3 6.5 22.5 6.75 30.4 27.2 7.5 31 30.8 30.2 30.9 30.7 30.4 30.2 30.5 30.7 9.2 6.95 5.7 6.65 30.4 30.6 30.7 8.7 30 30.5 30.9 26.2 30.9 9.7 30.7 30.3 6.55 5.95 7.1 6.7 30.8 30.4 7.2 30 30.2 7.1 7 6.9 7.2 30.5 -9999 -9999 -9999 -9999 -9999 17.8 7.5 27.7 8 6.5 7.7 7.7 8 10.9 30.5
1.3 30.7 14 9.1 11.4 19.3 14.2 3.8 6.6 11.6 30.2 30.6 27.7 7.9 20.6 25.5 30.2 9.1 30.6 6.9 30.5 30.8 30.5 30.5 6.6 30.5 30.5 30.7 30.6 30.4 31 30.6 30.8 6.05 30.5 30.7 31 31.2 30.9 5.95 19.3 6.85 6.45 3.7 6.65 30.9 30.3 3.5 26.1 15.8 31.1 21.9 30.6 15 30.5 3.4 14.7 6.95 6.9 6.5 6.2 7.2 7.2 6.6 6.9 7 6.7 7.4 7 -9999 -9999 -9999 -9999 12.5 30.8 7.3 30.6 22.9 16 7.6 7.7 7.7 30.2 7.9
30.1 30.6 6.7 3.9 27 11.6 26.5 8.4 1.2 30.7 4.1 14.3 12.2 24.4 26.7 7.7 22.3 29.5 6.9 30.3 6.4 30.9 9.8 8.1 12.1 31.1 17 30.9 30.3 5.85 6.25 6.75 30.3 21.3 13.2 30.4 6.85 30.4 31 6.45 10.4 6.15 6.35 6.25 19.1 30.4 13.6 30.3 5.9 30.8 5.9 30.3 30.7 6.05 19.7 30.1 30.2 30.8 30.4 6.5 30.3 6.1 6.4 7 30.5 6.6 7 13.9 -9999 -9999 -9999 7.4 7 6.9 30.8 30.7 9.9 7.5 7.1 30.4 30.4 30.5 23.2 13.1
9.1 30.4 30.5 9.1 30.6 4.2 1.2 6.2 6.4 30.1 4.1 6.4 30.4 5.2 5.1 10.2 30.6 6.6 30.6 30.4 30.4 22.5 30.5 30.1 19.5 30.7 14.9 30.3 30.2 30.5 6.15 6.75 6.05 25.5 5.85 30.6 30.1 6.45 6.35 30.3 7.9 6.15 7.9 22.9 30.1 30.5 30.5 30.1 11 3.3 3.5 10.9 24.5 21.8 30 30.1 30.7 30.6 30.5 30.7 30 30.4 7.4 7.2 30.5 7 7 -9999 -9999 -9999 -9999 30.3 6.8 11.6 30.9 30.8 30.4 31 30.7 7.1 8 30.2 30.2 30.8
30.1 16.6 6.4 14.2 3.8 30.3 1.2 1 1.2 30.9 4 30.6 30.5 5.3 10.3 5.3 30.5 6.3 17.4 7.3 30.2 8.3 30.7 17.9 30.2 28.2 30.7 17.3 30.1 5.95 6.15 6.65 5.95 25.2 5.3 30.5 9 3.2 20.4 30.5 19.2 5.9 30.4 30.4 6.05 13.6 18.4 8.1 30.5 30.5 20.9 5.6 30.5 7.2 7.5 27.3 6.05 5.95 30.5 30.4 6.2 6.6 6.3 7.6 17.8 7.2 7 6.8 -9999 -9999 30.2 3.5 30.4 12.5 7.3 7.1 7.8 7.4 7.5 6.8 7.4 7.5 7.6 25.5
6.8 16.7 3.9 29.5 6.5 9.1 3.7 8.9 5.9 6.4 7.5 6.9 15.4 30.4 7.7 7.8 30.5 31.1 8.2 30.6 30.6 30.3 22.9 5.5 15.7 10.4 30.4 16.8 30.8 7.4 5.95 6.45 6.25 5.65 30.8 5.95 5.2 12.5 30.5 30.2 10.9 30.3 7.6 5.1 7 10.3 12.9 30.6 30.7 28.3 5.9 30.4 30.5 13.1 8.7 30.5 5.95 5.95 5.85 5.85 30.7 10.1 30.4 7 7.3 10.9 11.2 6.8 6.9 6.8 -9999 6.4 7.7 10.2 6.6 7.1 30.9 10.8 13.6 31 30.2 7.8 16.1 21
30.2 13.9 21.3 6.2 9 14.5 1.7 11.5 4.1 30.1 6.9 7.3 17.6 4.2 1.7 30.2 20.5 5.1 30.5 30.5 5.3 30.4 5.7 30.4 20.8 30.4 7.7 8 7.9 6.25 6.15 6.15 6.55 6.25 6.05 7.1 15.1 30.3 30.3 6.4 1.2 5.7 9 9 5 30.4 6.15 5.6 6.25 5.85 5.95 30.6 5.85 13 20.5 30.4 17.9 5.95 6.15 6.25 30.3 30.6 6.2 30 30.6 30.4 30.4 7 23.3 7.2 16.4 30.4 9.9 6.6 30.2 7.6 20.1 14.9 30.3 31.1 12.7 20.2 18.1 30.2
30.4 30.6 6.7 6.3 6.7 16.4 1.6 3.9 30.9 6.8 30.6 30.7 1.4 6.7 4 3.8 4 30.3 25.8 8 30.4 30.4 7.7 9.8 31 7.8 5.2 30.4 30.5 6.35 6.25 5.85 6.65 6.25 26.9 6.15 12.9 13.9 30.6 8.7 1.3 3 30.1 6.15 27.3 6.45 30.4 5.1 24.9 31.1 6.05 6.15 6.05 3.2 6.15 30.6 30.3 30.5 30.5 30.9 30.4 6.4 30.9 6.1 30.5 30.5 30.8 30.8 7.2 15.6 30.6 30.6 30.2 6.6 7.4 30.6 7.2 10 7 10.2 10.6 7.8 23.7 31
19.1 31.3 6.5 6.3 6.3 6.7 8.8 11.5 3.7 5.3 30.6 9 4 16.4 4.1 4.1 1.2 6.3 24.8 30.6 19.8 13.1 25.3 30.3 30.7 15.4 30.3 30.1 30.9 30.4 6.65 30.8 31.1 31.4 19.4 9.7 5.95 6.4 3.7 24.2 30.5 5.65 5.65 5.75 30.8 7.9 5.1 30.2 15.5 6.05 5.95 6.15 5.95 30.4 5.95 10.4 5.5 6.25 6.45 30.7 6.55 30.1 8.4 6.3 30.3 30.6 18 30.4 6 6.1 26.1 8.2 7 6.6 30.9 6.5 6.5 7 7.2 7.1 7.3 10.6 25.8 30.5
11 30.4 6.3 1.3 6.4 6.6 11.7 6.8 6.6 30.4 8.4 5.9 1.2 6.2 30.7 30.8 13.7 1.4 4.1 22.5 30.5 30.7 10 16.4 31 30.3 10.3 10.4 7.1 6.55 31.2 6.35 8.1 6.15 13.3 14.2 5.9 5.65 6.2 10.3 6.05 5.65 5.95 5.95 18 31.3 8.7 5.2 7.7 30.5 30.2 30.5 5.6 30.3 5.3 15.2 10.3 10.6 7.9 10.2 30.4 16.7 6 6.4 30.2 6 8.1 3.3 7.8 6.3 6.9 22.8 31.1 30.3 7.1 30.6 30.6 31.3 30.6 17.5 7.8 10.7 30.4 27.8
30.1 4 6.2 8.9 30 14.1 6.5 3.7 -9999 -9999 -9999 30.2 3.8 3.6 6.2 19.1 9.2 9 6.2 30.3 30.4 20.4 5.2 30.3 30.8 30.4 30.4 14.9 7.3 30.6 31 30.9 6.75 6.75 6.45 5.1 8.2 18.2 5.8 6.15 6.55 6.85 6.75 6.35 30 30.2 30.9 30.3 30.2 30.8 13.6 30.8 30.5 30.4 30.5 5.8 30.1 12.7 30.2 30.7 1.7 15.5 6.4 6.6 31.3 6.2 3.5 25 16.6 30.2 30.7 30.6 30.6 20.9 7.4 30.5 5.5 7.1 6.8 7.6 30.9 17.9 7.95 20.65
11 3.9 1.4 1.2 15.8 11 8.6 -9999 -9999 -9999 -9999 -9999 30.6 21.6 11.7 11.3 6.4 8.9 4.2 3.2 5.9 30.9 30.2 30.6 7.4 6.35 30.1 30.4 30.3 18.5 31.1 31 6.95 6.75 6.65 30.7 30.6 6.45 6.65 18 6.85 6.85 6.75 6.35 6.35 3.5 6 6.1 5.3 10.5 8.3 5.9 6.4 5.4 8.3 9.7 5.1 8.2 13.9 12.2 1.5 30.6 30.4 6.2 30.3 6.3 15.3 23.2 30.4 6 31 30.3 30.9 6.8 7 25.6 10.7 30.7 30.6 10.35 30.25 17.65 28.45 13.25
-9999 5.8 10.8 7.2 14 5.8 -9999 -9999 -9999 -9999 6.9 16.7 16.3 24.7 16.8 9.2 9.2 9.3 30.7 30.5 30.2 30.8 30.7 31 30.6 30.7 30.7 30.7 30.9 30.3 10.6 12.15 7.4 30.5 6.75 6.35 6.45 6.35 6.55 6.65 6.25 6.45 6.65 6.65 6.35 6.45 6.15 6.25 6.45 6.45 6.3 6.15 11.4 10.2 30.7 26 3.5 3.6 3.1 6.35 15.5 30.6 6.15 30.1 30.5 31 30.7 11.5 30.5 30.7 31.2 30.6 6 7.7 30.2 7.3 22.55 9 7.25 6.95 7.95 7.65 27.95 30.65
-9999 -9999 -9999 -9999 -9999 -9999 -9999 -9999 -9999 5.8 5.8 11.7 4.5 30.9 3.8 3.8 6.2 26.6 30.5 3.9 30.7 30.7 30.6 30.9 15.3 5.2 30.3 23.3 30.8 3.7 6.95 6.45 15.6 6.35 7.05 6.45 6.65 6.45 6.45 6.45 6.55 6.55 6.55 6.55 6.45 6.45 16.1 19.4 1.4 8.6 21.7 6.2 6.45 12.8 10.8 3 6.25 5.85 6.45 6.25 6.15 6.25 13.7 6.25 7.1 7 30.3 6.9 5.5 6.6 7.6 7.9 7.2 3.7 30.25 30.2 7.95 30.8 16.8 6.75 7.75 7.85 8.35 30.05
30.6 3.1 -9999 -9999 -9999 -9999 -9999 -9999 6.1 14.3 30.2 3.4 6.6 30.8 6.4 1.1 3 8.3 11.1 26 9.4 6.7 31.1 7.3 7.3 12.7 30.8 5.8 30.6 6.55 6.55 7.15 6.65 10.6 6.55 7.25 6.35 6.45 7 6.45 6.35 6.35 6.35 6.35 6.25 13.6 6.35 1.3 1 6.55 9.1 3.8 5.7 24.1 11.3 6.25 6.05 6.25 6.45 6.35 6.35 6.35 6.65 6.7 30.3 1.7 30.6 7.35 7.25 30.9 6.75 7.45 30.3 10.25 28.15 30.45 7.85 31 6.65 7.05 12.95 30.25 16.05 30.55
3.9 5.6 5.4 5.3 -9999 -9999 -9999 -9999 5.6 5.5 10.9 5 15.4 4.7 30.6 8.4 12.9 30.5 7.7 6.8 6.5 5.7 5.8 5.7 30.8 30.9 31.3 15.6 30.7 23 8.1 6.95 6.55 30.6 5.3 25 7.5 6.9 6.5 6.45 6.05 6.25 6.45 30.5 12.2 7.3 5.7 30.4 11.4 5.7 3.8 23.1 6.35 30.4 30.9 6.25 5.95 6.05 6.25 7.8 6.85 6.4 6.55 6.45 6.75 6.85 30.6 30.8 30.7 12.35 30.6 30.8 30.5 30.9 8.45 8.45 12.85 7.85 7.05 6.65 7.05 10.75 30.6 30.15
5.2 7.9 5 7 5.3 -9999 -9999 5.7 5.7 9.3 5.2 5.2 5.1 4.8 4.8 5.2 5.7 5.3 3.7 5.4 5.2 5.5 30.5 5.1 4.7 30.6 30.9 30.3 5.7 5.6 5.9 6.65 7.05 31 7 7.3 7.1 6.8 7.1 6.35 5.75 5.95 6.25 6.25 5.9 24 5.7 19.2 26.5 6.5 3.7 6.65 30.6 6.65 -9999 6.25 6.35 6.15 5.4 6.35 30.3 7.7 6.25 26.3 6.65 6.75 6.85 30.7 9.65 30.4 31 31.1 30.8 30.4 7.75 7.75 7.25 10.05 7.85 12.85 7.65 7.55 7.25 7.55
5.2 5.9 5.3 21.7 -9999 -9999 5.8 29.5 5.5 5.3 4.9 5 4.6 5.1 9.9 4.9 5.5 5.4 5.4 5.2 30.8 5.6 5.8 30.2 30.6 30.4 6.5 8.9 30.7 30.5 5.7 6.75 6.9 7.4 7.1 9.7 6.8 7 6.9 7 6.6 30.8 6.05 6.45 3.2 16.5 6.4 1.5 30.5 6.4 3.7 8.5 15.6 6.55 12.8 6.6 6.5 6.75 6.05 6.15 3.3 14.65 6.65 7.05 20.3 20.3 30.6 17.65 6.75 30.7 31.3 25.1 6.45 6.95 7.05 7.35 30.8 25.15 30.35 10.45 7.35 7.35 9.85 10.25
5.2 5.5 5.3 -9999 5.1 5.6 5.3 5.4 9 5.3 5.4 5.5 5.3 5.1 5.1 9.6 5.2 5.4 5.1 5.7 30.8 5.6 5.7 5.1 15.6 7.2 30.6 1.4 3.2 5.7 7.9 6.8 6.6 7.1 17.4 6.9 6.9 15.4 6.4 6.7 6.8 6.7 6.15 6.25 30.5 30.8 6.3 8.9 8.8 19 21.2 6.75 10.9 6.35 30.4 3.1 6.05 6.25 30.4 6.15 6.65 12.25 7.25 18 7.05 7.35 30.6 31.1 30.5 30.7 30.9 30.6 30.6 30.5 6.95 31 30.7 30.7 30.5 22.95 12.45 7.45 30.45 30.65
5.5 5.5 5.6 6 5.4 5.6 5.4 30.7 6.1 5.1 6.3 9.8 5.2 5.4 5.2 5.3 5.4 5.4 31.1 30.5 5.9 30.5 5.5 30.8 30.5 5.3 30.4 5.4 3.8 30.3 31.2 15.7 6.7 6.3 7 6.6 6.7 6.8 6.6 6.7 6.7 6.8 6.4 6.4 28.5 11.4 1.3 11.6 24.4 30.7 30.7 1.5 30.5 12.9 6.45 6.55 6.15 6.45 6.25 6.35 6.85 18.9 7.65 7.25 19.95 7.45 6.85 7.05 30.1 30.8 30.4 30.3 6.45 6.55 6.85 9.5 7.25 7.25 12.85 7.95 30.65 10.35 30.15 8.15
9.2 4.3 5.3 5.3 30.4 5.2 5.5 30.9 5.5 5.2 3.1 30.1 30.3 9.8 5.4 5.5 5.8 5.9 30.5 5.6 30.5 30.4 30.5 20.1 30.3 30.6 1.2 8.2 17.9 30.2 7.9 18.1 5.2 30.5 6.7 6.9 6.3 6.9 6.8 6.7 6.6 1.3 6.6 6.5 6.6 3.3 14.1 4.1 1.5 4.2 18.5 6.45 6.45 6.65 30.3 7.7 30.6 6.3 6.15 6.55 6.85 6.85 30.3 18.2 9.85 17.85 6.55 6.85 17.5 6.55 30.9 16 13.1 6.85 6.85 9 15.15 10.15 30.65 10.35 15.85 8.05 7.95 12.75
