Outfile_1.asc
NCOLS 201
NROWS 151
XLLCORNER 733748.947016
YLLCORNER 2561541.418206
CELLSIZE 137.483444
NODATA_VALUE NaN
[rows 80 to 119 of 151, columns 91 to 181 of 201]
7.7 15 6.2 6.2 6.1 5.4 5.6 5 5 5.3 5.1 5.2 3 5 5 5 5.8 5.2 20.2 1.1 5 1.1 6.3 1.1 5 5.1 5.8 5.6 5.8 3 6.5 8.8 5.9 13.3 1 6.2 3.2 3.2 3.2 7.3 13.4 30.3 6.35 6.35 6.25 6.55 6.35 7.05 5.9 12.25 6.95 7.05 7.15 30.1 14.65 7.05 6.95 14.2 10.4 29.2 9.7 9.2 7.1 6.65 7.25 22.75 7.85 30.6 10.35 7.75 6.85 6.65 6.65 7.45 9.95 7.55 7.45 10.05 7.45 7.75 7.7 7.45 7.45 17.55 7.55 18.3 7.35 7.05 6.75 6.55 6.65
30.6 30.5 6.3 6.7 6.3 6.2 6.4 6.2 6.2 5.5 14.8 5.1 4.8 4.7 5.1 5.6 8.2 5.7 3.2 3.2 7.7 30.3 1.1 6.3 7.1 3.8 26.7 7.6 6.3 6.2 3.3 5.8 3.3 5.9 1.3 7.1 5.7 1.2 7.5 7.4 9.85 3.1 12.35 7.25 7.35 7.35 7.15 7.15 7.15 12.65 7.25 7.15 7.15 7.7 5.3 9.65 7.15 7.15 12.15 12.2 30.4 30.2 30.1 6.75 5.4 30.5 30.3 16.9 30.3 7.75 30.5 13.75 7.85 30.5 7.85 12.85 7.65 30.2 7.65 7.75 7.45 7.45 7.55 7.35 7.55 5.6 7.25 7.25 6.35 6.45 6.75
6.4 6.6 1.1 1 6.1 6.1 6.1 1.1 6 1 1.1 5.8 5.8 30.2 3.8 15.2 5.7 5.7 6.4 6.2 5.6 6.1 1.1 14.2 5.1 8.3 24.2 11.6 3.1 3.7 6.1 1.2 3.1 5.8 3.7 3.6 6.9 5.7 6.75 7.15 7.25 7.25 7.15 7.25 3 27.25 7.15 7.15 7.05 6.95 7.25 7.05 7.25 7.05 1 1 6.95 7.35 7.15 7.2 12.1 30.7 30.5 6.55 30.5 16.9 7.15 6.55 6.35 6.75 6.65 6.55 1.3 11.7 3.1 30.2 7.75 7.55 12.65 7.35 7.25 7.35 12.35 7.15 7.25 9.75 7.35 30.35 6.55 6.45 6.85
6.4 6.2 6.2 6 6.1 6.2 6.2 6.1 6 6 6.1 6.1 1.1 5 6 5.3 9 5.6 6 9.6 3 1 3 5.8 30.3 4.95 5.65 5.65 3.1 6.15 3 1.1 5 1.1 10.7 5.8 7 6.65 6.75 6.65 12.35 9.85 7.25 3.2 3 1.1 6.75 6.85 7.65 7.05 19.75 7.15 9.55 6.85 1.1 3.6 7.05 7.05 7.15 25.9 30.2 30.5 9.2 19.8 30.5 6.55 6.35 5.95 6.55 6.45 6.65 6.85 7.55 7.45 19.1 7.75 7.45 7.35 7.45 7.25 7.45 5.3 7.35 7.15 7.15 7.25 3 9.75 6.45 6.55 6.85
3.2 3.7 1.1 5.1 30.3 1 6 6.1 30.2 1 6.1 6.1 1 6.2 5.1 5.1 6.2 1.2 5 5.5 8.8 5.1 5.3 12.2 5.35 5.55 3 1 1 1 1 1.1 3.1 1.1 6.05 5.7 1.1 6.65 6.75 7 6.85 8.4 7.05 1.2 7.05 6.95 5.2 6.85 6.75 7.65 6.85 6.95 6.85 6.95 6.95 7.25 7.15 6.95 7.15 12.35 30.5 30.5 30.3 7.3 12.15 30.4 19.1 6.05 6.35 6.75 9.95 7.55 7.55 30.4 7.45 7.45 7.35 30.3 7.25 7.35 7.25 10.7 7.15 7.25 7.25 7.35 7.25 7.15 6.35 4.75 4.75
5.9 6.1 6.2 6 1.2 6.2 6 6 3.1 1.1 6.2 10.6 6 6.1 6.2 12.1 1 6.3 6.2 5.9 15.3 6.4 3.6 5.2 4.3 15.7 3.6 1.1 1.1 3.6 1.1 3.2 3.2 5.75 3.1 6.85 3.4 5.6 1 18.8 13.2 30.2 3.1 1.2 9 6.95 6.75 6.75 6.75 6.85 12.65 7.85 7.55 6.75 30.2 7.2 7.15 7.35 7.35 11.7 30.2 30.4 6.45 6.85 6.85 7.15 9.1 26.7 6.85 6.75 6.75 12.45 7.35 7.65 7.45 7.45 9 7.15 7.35 7.15 17.1 7.35 7.15 7.15 3 5.6 7.25 5.45 5.45 4.75 4.65
6.35 30.2 30.3 7.6 6 9 11.5 1 5.55 5.75 5.55 5.75 15.2 5.95 6.25 6.35 11.4 10.7 10.2 12.8 6.45 5.6 3.1 1.1 3.1 1.1 1 1 1 1 1.2 5.95 10.2 3.6 3.7 3.1 6.95 6.95 3.1 7.05 8.3 6.85 4 3.8 8.6 3.7 6.75 6.85 6.85 6.95 1.2 7.85 7.35 30.2 30.1 5.1 14.9 7.1 16.7 30.5 6.75 1.2 12.8 24.2 6.75 30.7 6.75 22.4 9.75 6.4 6.75 6.65 7.45 17.65 7.85 11.6 7.35 7.35 19.1 7.35 7.35 7.45 7.25 7.25 5.45 5.45 5.55 4.65 4.75 4.65 4.65
5.3 8.2 1.1 7.7 5 7 1 5.55 5.55 6.15 5.85 30.1 27.9 10.1 7.6 5.2 6.25 6.35 10.2 6.2 1.2 3.8 1 10.6 5.6 3.1 3 3.1 30.1 1.1 6.15 6.25 6.25 3.1 5.75 6.65 6.65 7.05 6.95 6.85 10.7 6.65 3.2 11.4 1.2 7.05 5.2 6.1 5.1 6.95 7.05 10.45 7.25 6.95 9.95 30.3 23.2 11.7 6.65 9.2 14.1 6.95 15.3 5.8 14.2 30.5 30.4 6.75 6.95 6.95 9.1 6.65 7.35 7.55 7.55 9.1 12.25 1 7.15 7.15 22.45 5.45 5.55 5.35 5.35 9 4.65 4.65 4.65 4.55 4.65
5 30.4 10.8 1.2 5 9 7 5.85 5.55 5.95 13.5 6.35 6.05 3.2 6.25 5.6 5 6.45 8.4 1 3 5.2 3.2 1.1 3.1 1.2 3.1 1 6.15 6.15 6.15 1.1 6.25 1.1 1 8.8 6.85 12.25 7.05 6.65 6.65 6.45 7.6 3.1 6.55 6.35 6.45 5 1 6.2 3.7 5.2 7.35 7.05 7.05 14.2 19.2 10.6 30.3 9.55 8.7 7.05 6.65 7.15 6.85 7.05 6.95 6.85 6.75 30.3 6.85 6.75 10.05 7.45 22.45 7.7 7.35 7.15 7.15 7.15 5.55 5.45 5.45 5.35 4.55 4.55 4.55 4.65 4.55 NaN NaN
7 5.95 6.05 5.1 5.1 5.1 7.1 7.2 6.35 6.15 11.3 6.05 5.85 5.85 6.15 6.55 6.45 1.1 1 6.25 5 1.1 1.1 3.8 3.9 1 1 5.75 5.75 3.1 5.85 5.95 3.3 3.8 5.95 6.3 5.6 12.8 30.3 6.55 6.45 5.2 6.45 6.45 6.55 6.35 1.1 6.45 1.1 3.1 1.2 6.65 30.1 23.8 9 11.4 18.6 30.2 19.2 30.3 30.5 30.4 6.55 6.45 6.75 6.95 6.65 6.65 6.55 6.85 30.4 6.55 6.65 7.35 7.35 7.35 7.35 7.45 7.25 5.55 5.55 4.65 4.75 4.85 4.65 NaN NaN NaN NaN NaN NaN
5 11.9 10.2 5.6 5.2 14.7 5.65 5.75 5.65 6.05 6.35 3.2 5 5 5.2 7.2 6.05 7 7 5 7.2 1 7.4 7.7 30.5 1.1 1.1 5.85 5.85 5 5.75 1.2 3.8 5.75 1.1 5 8.2 5.1 8.7 7.6 3.6 6.55 5.1 6.45 3.6 6.45 5.7 3.1 3 8.6 20.7 6.65 6.55 6.55 7.35 6.15 6.25 6.85 6.95 9.75 9.4 30.4 6.45 6.45 6.65 6.65 6.25 6.75 6.65 9.1 6.45 6.35 6.75 6.85 6.2 3.1 7.15 9.85 5.55 5.65 4.75 4.65 4.75 4.65 NaN NaN NaN NaN NaN NaN NaN
10.1 5.9 6.05 5.65 6.25 5.85 5.85 6.1 1 5.85 6.45 5.2 6.35 10.7 30.2 5.1 3 6.1 5.95 5.85 25.2 5.8 6.1 3.6 6.3 3.6 1.1 6.15 6.25 1.1 3.7 1.4 3.6 3.6 3.7 10.3 3.8 1.1 1.3 5.1 7.8 7.9 7.7 6.25 6.55 6.95 6.75 6.85 6.95 6.95 5.7 6.85 17.3 6.65 7.65 9.75 6.95 7.05 7.05 9.2 7.25 6.45 6.35 6.35 7.35 7.15 6.35 6.05 6.55 6.45 15.5 6.95 6.45 7.45 14.95 8.3 5.55 4.65 4.75 4.75 4.55 NaN NaN NaN NaN NaN NaN NaN NaN NaN NaN
3.8 6.45 14.1 5.65 6.15 6.25 3.1 30.4 5.75 1.1 6.15 2.4 3.2 5.7 25.3 7.7 3.1 1.1 1.2 14.3 24.7 6.1 1.2 3.3 16.1 3.1 16.7 9 6.25 1.2 1.1 11.3 3.6 6.1 5.85 6.35 3.1 3 3.1 3.1 17.7 3.6 9.7 6.25 1.2 7.15 3.1 1 28.9 1.2 5.8 6.95 7 6.55 7.35 7.35 7.05 3.3 6.85 7.15 7.05 7.05 6.75 9.75 7.05 6.95 7 5.95 30.2 11.8 30.7 6.65 6.35 4.45 5.95 4.75 4.75 4.65 4.65 4.75 NaN NaN NaN NaN NaN NaN NaN NaN NaN NaN NaN
6.25 5.2 14.2 5.35 6.15 1 1 9.2 3 10.7 5.95 5.95 1.1 1.1 5 1 5.6 8.2 3.1 9 30.2 3.1 1 12.7 30.4 30.3 1 3 3.1 1.1 3 16 23.2 3.2 3.1 5.75 5.1 1 3 7.2 3 13.4 7.8 6.25 6.95 24.1 8.8 25.2 3.7 1.1 6.1 30.3 6.65 6.65 7.55 7.5 7.25 6.85 6.3 7.05 6.25 6.35 8.35 12.15 6.85 7.05 7 5.95 9.1 30.8 9.3 7.6 30.5 4.75 4.9 4.9 30.6 NaN NaN NaN NaN NaN NaN NaN NaN NaN NaN NaN NaN NaN NaN
9.1 30.3 5.25 5.95 5.35 3.2 6.35 6.15 5.85 8.2 5.65 5.85 3.8 5 3 7 1 3 5.85 1.1 7.1 3.7 30.1 5.1 6.45 30.3 3.6 1 3 3 5.8 5.85 5.75 5 15.2 30.1 3.2 5 5 7.7 7.6 3.2 30.5 30.4 7.05 6.85 1 18.8 7.65 7.65 3.1 9.7 6.85 7.05 6.75 6.45 7.25 9.75 22.45 17.85 6.35 6.55 7.85 7.65 6.85 30.3 6.85 5.95 6.35 6.45 9 6.45 6.65 5.2 5.3 5.2 NaN NaN NaN NaN NaN NaN NaN NaN NaN NaN NaN NaN NaN NaN NaN
30.4 9.1 1 5.35 5.85 6.35 3.2 6.15 6.35 5 5.55 5.55 6.25 5.7 1.1 3.1 6.15 5 3 3 5 7.1 5 7.6 30.4 3.8 8.2 3 3 5.55 5.75 5.75 1.1 3.2 3 3 3.1 5.8 30.2 10.2 5.1 6.35 11.7 7.15 7.05 6.95 1.1 1 9.2 30.3 6.3 20.3 21.6 27.9 6.65 6.45 7.35 9.85 7.85 7.55 8.35 10.45 7.65 7.65 7.55 7.05 5.2 6.75 6.35 7.25 6.45 12.7 4.85 5.3 5.3 4.8 NaN NaN NaN NaN NaN NaN NaN NaN NaN NaN NaN NaN NaN NaN NaN
6.25 6.15 5.95 5.95 6.15 6.35 6.35 6.25 6.05 5 5.55 5.55 1 3.1 1 20.6 1.1 1 1 3 6.15 6.15 5.2 1 6.35 3.8 6.25 6.05 5.85 1.2 1 3.2 3.2 3.2 5.6 5.6 18.1 5.6 3 5.7 5.2 6.75 6.55 8.05 6.85 6.95 13.6 1 7.45 7.45 7.65 7.35 12.3 7.2 6.45 7.1 6.55 7.45 22.75 5.2 7.75 7.85 7.75 7.65 7.65 7.85 6.95 7.05 24.3 7.05 4.85 4.85 4.9 5.1 5 NaN NaN NaN NaN NaN NaN NaN NaN NaN NaN NaN NaN NaN NaN NaN NaN
6.35 5.95 6.25 5.85 1.2 6.45 9 5.35 3 3 5.55 NaN 1 3 5.7 3 1 3.1 1.1 1.1 1 1 5 5.1 9.6 30.4 12.1 14.2 1.1 3.8 1.2 5.8 10.7 3 8.1 3 3 10.6 3 3.1 5.8 6.95 4 8.35 30.3 7.55 3.7 16.2 7.45 7.25 7.25 26 30.2 14.3 6.45 6.55 6.45 8.35 10.15 7.55 7.65 7.55 7.95 7.75 7.85 7.75 7.65 6.95 5.55 5.45 4.75 5.05 4.8 5 4.8 NaN NaN NaN NaN NaN NaN NaN NaN NaN NaN NaN NaN NaN NaN NaN NaN
6.25 6.35 30.3 30.7 14.2 6.25 5.95 30.1 5 5.85 NaN 5.45 3 3 7.6 3 3 1 1 1 3.1 6.25 1 5.1 3.6 30.5 9 6.15 3.7 6.15 6.25 1.3 3.1 3.1 5.6 5.1 5.6 7.6 9 5.6 8.35 19.8 6.85 30 8.25 7.85 3.7 1 13.25 8.15 7.35 18.3 10.05 8.15 1 1.2 8.25 8.15 8.05 19.1 7.95 7.95 30.4 7.55 7.75 27.75 17.95 5.25 5 4.65 4.75 5 4.8 4.9 NaN NaN NaN NaN NaN NaN NaN NaN NaN NaN NaN NaN NaN NaN NaN NaN NaN
6.55 6.25 30.2 30.3 24.4 6.05 12.2 3.1 7 1 NaN NaN NaN 3 1 3.1 3 1 3 1 7 5 5.6 5.85 7.9 1.4 6.25 1 18.6 5.95 6.05 3.2 1 3 3 3.1 5.7 9.7 6.85 11.5 13.55 8.25 6.3 10.85 8.15 7.55 7.65 8.15 15.75 8.25 8.25 8.35 18.35 10.65 7.95 18.45 8.35 8.35 7.85 26.8 7.85 7.85 8.05 12.95 7.75 10.25 6.15 5.45 5.35 4.45 4.65 4.9 5.1 4.9 NaN NaN NaN NaN NaN NaN NaN NaN NaN NaN NaN NaN NaN NaN NaN NaN NaN
6.65 6.35 14 5.95 5.45 30.4 5.55 30.1 3.1 NaN NaN NaN NaN 5.75 3 3.1 6.15 1 1 5 3 3 5.1 7.1 3.1 1.4 3.8 6.05 6.1 1.1 6.05 8.2 5.6 3 3 3 3 7.7 6.95 11.8 17 8.55 8.35 8.25 7.85 7.75 7.65 7.65 8.05 13.25 15.75 30.45 13.15 8.15 8.45 8.35 8.35 8.05 7.75 5.2 10.45 7.6 7.95 8.05 7.75 5.75 30.9 5.45 4.45 4.45 4.8 4.8 5.2 5 NaN NaN NaN NaN NaN NaN NaN NaN NaN NaN NaN NaN NaN NaN NaN NaN NaN
6.05 6.55 6.25 5.75 6.25 5.8 30.3 7 5.85 NaN NaN NaN NaN NaN 5.75 6.15 6.25 1 1 3 5 5.2 5 5 1.1 3.8 21.3 10.4 5.1 5.6 6.15 5.55 5.95 1 6.65 6.65 6.75 6.65 6.95 11.9 5.7 9.2 7.45 15.75 30.1 10.55 7.65 7.65 9.1 8.15 18.85 8.25 18.15 10.85 15.95 8.55 10.65 8.25 7.75 17.6 15.55 12.6 7.85 8.05 7.65 19.1 25.5 4.55 4.55 4.65 4.8 4.8 5 NaN NaN NaN NaN NaN NaN NaN NaN NaN NaN NaN NaN NaN NaN NaN NaN NaN NaN
5.45 21.7 6.15 5.55 6.45 9.9 7.1 5.7 NaN NaN NaN NaN NaN NaN 1 1 1.1 7 3 3 5.6 5 30.1 7 3.1 6.3 8.1 5.7 6.15 3.7 8.9 6.25 7 6.45 1.1 6.75 6.65 6.95 6.95 6.95 8.45 7.75 7.65 7.75 9.55 12.35 7.25 6.85 9.55 30.5 30.5 30.2 8.15 13.25 8.25 8.35 10.85 8.25 7.65 5.1 9.2 7.95 7.85 8.05 5.85 4.45 4.75 4.65 4.45 4.9 4.9 4.9 5.1 NaN NaN NaN NaN NaN NaN NaN NaN NaN NaN NaN NaN NaN NaN NaN NaN NaN NaN
5.95 5.25 5.85 6.05 30.1 30.3 30.5 6.65 5.95 NaN NaN NaN NaN NaN 5.85 1.1 1 10.1 3.1 1.1 3 5 5 3.1 30.3 5.8 16.7 5.7 6.15 1 6.25 6.45 5.65 6.05 12.1 7.05 6.95 30.2 6.05 5.75 9.1 30.1 5.95 6.45 7.15 7.35 7.05 7.05 6.75 7.25 6.95 6.95 12.75 9.1 8.15 8.05 8.35 8.05 7.75 11.6 7.95 30.2 7.95 5.25 3.65 4.65 4.55 4.85 4.65 5 5.2 5.1 4.9 NaN NaN NaN NaN NaN NaN NaN NaN NaN NaN NaN NaN NaN NaN NaN NaN NaN NaN
NaN 5.25 5.25 5.35 6.05 30.2 10.8 30.4 30.7 6.35 NaN NaN NaN NaN 5.95 5.75 30.2 5.8 7 5 3 5 3 3.1 8.2 13.5 5.2 5.1 5.7 7.1 3 5.85 6.05 5.65 5.65 30.3 6.05 5.85 5.85 26.6 5.95 11.6 21.7 5.95 30.5 5.3 12.25 6.95 30.2 6.95 7.05 7.05 6.95 7.25 8.05 9 8.25 7.75 9 7.75 7.95 23.05 5.85 3.65 4.55 4.55 4.65 4.85 4.8 4.9 5 4.9 4.9 NaN NaN NaN NaN NaN NaN NaN NaN NaN NaN NaN NaN NaN NaN NaN NaN NaN NaN
NaN NaN 6.15 6.35 7.1 30.7 15.1 30.6 6.45 5.95 6.3 NaN 1.2 5 7.6 12.3 5.6 3.1 10.1 8.1 5.1 3.1 3.1 1 3.1 3.3 17.6 6.35 30.3 3.7 9.7 16.3 5.95 5.95 5.45 5.55 5.95 6.15 5.85 21.7 14.1 9 15.2 5.85 7.45 7.15 22.35 7.35 30.3 6.95 30.6 6.65 6.75 9.1 7.15 7.35 6.75 7.85 7.75 7.65 9.05 7.65 3.95 4.65 4.75 4.45 4.65 4.75 4.8 5 5 4.8 4.8 NaN NaN NaN NaN NaN NaN NaN NaN NaN NaN NaN NaN NaN NaN NaN NaN NaN NaN
NaN NaN 6.25 6.45 6.25 7.1 7 30.3 5.95 5.95 3.8 3.1 3 5.55 3.2 5 5.6 3 1.2 7.6 13.1 3.2 3 3 3.1 6.45 3.2 6.35 6.35 3.4 9.7 5.95 5.75 6.15 5.95 5.45 5.95 7 6.15 7.7 5 7.6 5.75 5.75 7.55 7.15 7.45 7.55 7.45 7.05 5.45 6.75 6.85 6.75 6.85 6.75 6.75 6.95 6.95 7.75 10.25 7.15 4.25 4.95 4.85 6.45 6.45 4.85 5.1 5 4.9 4.9 NaN NaN NaN NaN NaN NaN NaN NaN NaN NaN NaN NaN NaN NaN NaN NaN NaN NaN NaN
NaN NaN 6.65 6.35 6.15 11.7 7.7 17.2 30.5 11.7 3.1 15.6 3.2 5.85 5 3 3.1 3 10.6 5.75 3 3 5.7 12.7 6.35 6.4 6.45 6.25 5.85 5.95 1 30.3 30.4 5.55 5.85 5.75 5.45 5.25 5.65 11.6 9.1 5.85 30.3 30.3 5.65 5.55 30.6 6.25 12.4 30.4 5.55 6.85 6.55 6.45 5.1 6.25 6.25 6.25 6.55 6.75 6.75 6.05 6.45 4.85 NaN NaN NaN NaN NaN NaN NaN NaN NaN NaN NaN NaN NaN NaN NaN NaN NaN NaN NaN NaN NaN NaN NaN NaN NaN NaN NaN
NaN NaN 6.15 5.95 9 6.35 9.1 6.25 6.05 30.2 5.6 3.1 29.7 5.85 7.7 30.2 30.2 30.3 30.2 5.75 3.1 3.1 5 5 12.4 6.65 6.35 5.75 5.75 5.95 5.95 30.2 5.85 5.85 5.55 5.7 5.35 5.35 5.75 30.3 7.2 5.75 12.8 5.95 5.75 7.3 5.35 6.05 5.65 22.7 5.35 5.65 5.4 5.15 6.55 6.15 6.65 6.55 6.25 6.55 5.15 5.55 5.35 NaN NaN NaN NaN NaN NaN NaN NaN NaN NaN NaN NaN NaN NaN NaN NaN NaN NaN NaN NaN NaN NaN NaN NaN NaN NaN NaN NaN
NaN NaN 6.05 6.15 6.45 5.85 10.3 6.35 6.35 6.35 6.95 5 7 5.65 6.25 6.35 6.15 6.05 3 3 3.1 5 10.1 5.1 14.3 6.35 6.35 5.85 5.75 6.05 6.05 5.85 5.75 5.85 5.95 30.5 5.65 5.35 17.7 7.6 10.1 9.6 17.8 30.2 9.1 7.3 5.75 30 5.65 12.3 5.95 5.15 4.95 5.35 5.35 7.1 5.15 5.05 5.15 5.45 30.2 5.05 NaN NaN NaN NaN NaN NaN NaN NaN NaN NaN NaN NaN NaN NaN NaN NaN NaN NaN NaN NaN NaN NaN NaN NaN NaN NaN NaN NaN NaN
NaN NaN NaN NaN NaN 6.25 19.8 6.25 6.35 5.95 6.25 21.8 6.25 5.75 6.25 3 6.15 6.25 6.05 5.6 5.6 3 15.6 5 1.4 6.25 5.85 5.85 6.15 3.3 6.15 30.4 9.2 5.95 5.95 5.95 5.65 5.25 5.25 14.1 5.35 5.85 30.6 11.6 17.1 5.85 14.4 6.05 30.5 5.55 6.05 5.75 6.05 6.15 5.55 30.4 7.1 10.3 12.2 4.95 5.05 NaN NaN NaN NaN NaN NaN NaN NaN NaN NaN NaN NaN NaN NaN NaN NaN NaN NaN NaN NaN NaN NaN NaN NaN NaN NaN NaN NaN NaN NaN
NaN NaN NaN NaN NaN NaN 6.25 6.55 6.35 5.95 30.2 6.85 7.1 5.65 5.95 5.85 5.85 5.85 3 30.2 30.2 5.2 3.1 30.3 30.5 3.3 6.15 6.15 5.95 11.8 5.85 30.3 21.4 5.85 5.55 11.6 1.1 5.55 5.55 5.15 5.35 30.4 14.5 6.25 6.15 6.15 6.05 6.25 14.1 5.95 6.15 24.2 10.2 5.85 6.35 5.45 17.3 30.3 5 5.05 30.3 NaN NaN NaN NaN NaN NaN NaN NaN NaN NaN NaN NaN NaN NaN NaN NaN NaN NaN NaN NaN NaN NaN NaN NaN NaN NaN NaN NaN NaN NaN
NaN NaN NaN NaN NaN 5.95 6.35 6.75 6.65 6.35 6.35 22.8 6.25 3.2 5.85 5.95 5.95 5.3 8.8 9.8 27.8 30.2 7.3 20.3 30.4 15.8 6.15 6.05 6.4 6.15 6.05 6.35 12.3 30.5 5.95 5.95 5.7 5.65 30.3 6.15 6.45 9.3 5.95 19.2 5.95 6.15 6.15 6.15 6.25 30.4 30.3 6.35 6.15 6.25 7.55 10.05 9.9 7.3 5.75 5.85 NaN NaN NaN NaN NaN NaN NaN NaN NaN NaN NaN NaN NaN NaN NaN NaN NaN NaN NaN NaN NaN NaN NaN NaN NaN NaN NaN NaN NaN NaN NaN
NaN NaN NaN NaN NaN 5.85 5.85 6.35 5.95 6.25 6.35 6.45 6.35 6.25 3 6.25 6.35 7.1 7 7 23.9 5.3 30.3 5.8 8.3 27.4 30.4 6.05 6.15 11.7 5.95 6.15 6.25 16.9 22.8 17.1 17.2 14.2 5.65 5.45 5.85 5.55 11.6 9.2 7.1 26.9 5.85 5.95 6.05 6.25 6.35 6.25 6.15 30.3 12.65 7.25 14.95 7.45 30.3 5.65 NaN NaN NaN NaN NaN NaN NaN NaN NaN NaN NaN NaN NaN NaN NaN NaN NaN NaN NaN NaN NaN NaN NaN NaN NaN NaN NaN NaN NaN NaN NaN
NaN NaN NaN NaN NaN NaN NaN NaN 6.25 5.95 NaN 6.25 6.45 6.15 13.6 9 19.2 11.6 30.2 30.2 9 6.35 7.3 14.8 6.25 17.2 6.05 6.15 5.95 1 5.75 5.95 6.15 1.2 22.7 5.85 27.2 5.55 5.75 5.65 5.55 5.65 26.8 7.1 11.8 22 9 30.2 6.25 6.55 6.45 6.05 5.95 5.95 6.05 14.85 7.65 7.45 23.7 NaN NaN NaN NaN NaN NaN NaN NaN NaN NaN NaN NaN NaN NaN NaN NaN NaN NaN NaN NaN NaN NaN NaN NaN NaN NaN NaN NaN NaN NaN NaN NaN
NaN NaN NaN NaN NaN NaN NaN NaN NaN NaN NaN NaN 6.85 6.85 14.2 5.2 6.65 11.7 6.35 6.25 9.2 17.6 30.3 5.95 5.85 5.75 9.1 30.2 15.75 5.85 5.85 17.2 6.05 5.95 5.95 5.65 9.1 8.2 30.2 25.9 11.6 5.65 9 5.45 5.65 30.3 5.85 5.55 6.25 6.45 5.95 9 5.85 5.85 26.6 5.75 12.05 9.85 9.3 NaN NaN NaN NaN NaN NaN NaN NaN NaN NaN NaN NaN NaN NaN NaN NaN NaN NaN NaN NaN NaN NaN NaN NaN NaN NaN NaN NaN NaN NaN NaN NaN
NaN NaN NaN NaN NaN NaN NaN NaN NaN NaN NaN 6.85 30.2 7.05 7.9 6.85 6.75 5.2 19.2 6.35 5.95 30.2 6.25 6.35 9.1 7.45 30.4 26.9 7.65 7.75 6.15 30.5 5.85 5.85 9.1 5.95 9 15.2 5.65 5.75 7.4 5.75 5.55 5.75 5.75 5.35 5.85 5.55 30.2 5.95 6.05 15.3 5.95 5.75 19.2 5.65 7.15 7.05 12.05 NaN NaN NaN NaN NaN NaN NaN NaN NaN NaN NaN NaN NaN NaN NaN NaN NaN NaN NaN NaN NaN NaN NaN NaN NaN NaN NaN NaN NaN NaN NaN NaN
NaN NaN NaN NaN NaN NaN NaN NaN NaN NaN NaN NaN 6.95 6.65 7.7 6.55 6.45 10.3 6.55 6.15 21.6 30.2 13.9 30.6 6.15 10.05 12.65 30.2 9.2 7.45 6.25 30.4 6.05 9 5.95 30.1 7.2 7.7 30.3 5.85 5.85 30.4 5.95 5.55 30.7 7.1 5.65 9.1 5.75 5.85 5.55 5.75 6.05 6.05 5.75 5.45 7.05 7.05 NaN NaN NaN NaN NaN NaN NaN NaN NaN NaN NaN NaN NaN NaN NaN NaN NaN NaN NaN NaN NaN NaN NaN NaN NaN NaN NaN NaN NaN NaN NaN NaN NaN
NaN NaN NaN NaN NaN NaN NaN NaN NaN NaN NaN NaN 6.65 6.95 6.85 6.75 6.95 6.65 6.95 6.75 30.2 9.3 30.4 30.3 5.85 6.05 7.65 3.2 3.2 24.4 5.95 21.2 5 5.95 5.95 9.7 5.95 5.65 11.6 30.3 5.75 30.2 5.95 7.85 11.7 14.6 5.95 5.65 5.35 5.85 5.65 5.55 5.65 5.95 5.95 5.45 NaN NaN NaN NaN NaN NaN NaN NaN NaN NaN NaN NaN NaN NaN NaN NaN NaN NaN NaN NaN NaN NaN NaN NaN NaN NaN NaN NaN NaN NaN NaN NaN NaN NaN NaN
NaN NaN NaN NaN NaN NaN NaN NaN NaN NaN NaN NaN NaN NaN 6.85 6.65 9 6.45 6.45 6.85 9.9 11.6 12.2 14.2 30.2 5.85 7.45 10.15 7.85 30.2 7.55 5.75 9 5.75 5.85 5.95 30.5 14.4 5.65 5.75 5.65 7.2 30.4 7.55 7.55 7.45 13 30.4 7.1 5.75 14.2 5.65 30.3 29.1 NaN NaN NaN NaN NaN NaN NaN NaN NaN NaN NaN NaN NaN NaN NaN NaN NaN NaN NaN NaN NaN NaN NaN NaN NaN NaN NaN NaN NaN NaN NaN NaN NaN NaN NaN NaN NaN
