Outfile_1.asc
ncols         201
nrows         151
xllcorner     733748.947016
yllcorner     2561541.418206
cellsize      137.483444
NODATA_value  -9999
[rows 39 to 77 of 151, columns 86 to 171 of 201]
5 5.1 7.7 5.1 5.3 1.1 1.1 3.2 3 5.1 11.5 6.4 6.2 3.1 3 6.5 1.1 6.55 17.7 14.8 6.4 6.5 7.4 7.5 7.7 7.3 7.3 7.25 7.35 16.45 7.25 7.55 7.65 12.35 9.85 7.35 7.35 15.25 7.35 7.65 5.9 16.9 8.3 9.7 7.15 6.75 9.8 6.35 6.3 30.4 9.7 -9999 -9999 -9999 -9999 -9999 -9999 -9999 -9999 -9999 -9999 -9999 -9999 -9999 -9999 -9999 -9999 -9999 -9999 -9999 -9999 -9999 -9999 -9999 -9999 -9999 -9999 -9999 -9999 -9999 -9999 -9999 -9999 -9999 -9999 -9999
14.6 5.1 9.2 6.6 6.2 6.4 8.7 24.9 3.1 3.7 15.3 29.1 6.4 5.2 1.1 1.1 7.05 12.7 7.7 6.5 6.5 30.3 10 6.4 6.8 10 9.9 7.3 5.1 7.25 9.95 9.75 18.5 7.45 3.9 12.2 7.45 7.35 7.45 30.3 6.95 6.95 6.65 5.7 6.75 6.45 9.8 3.7 30.3 7.2 7.3 14.6 -9999 -9999 -9999 -9999 -9999 -9999 -9999 -9999 -9999 -9999 -9999 -9999 -9999 -9999 -9999 -9999 -9999 -9999 -9999 -9999 -9999 -9999 -9999 -9999 -9999 -9999 -9999 -9999 -9999 -9999 -9999 -9999 -9999 -9999
20.1 7.6 6.6 6.7 6.3 6.2 6.3 6.2 6.6 8.2 1 6.2 11.6 16.7 6.2 12.6 10.3 30.5 5.1 3.7 6.6 24.8 12.9 6.8 7.1 17.6 7.4 7.5 7.4 6.95 7.15 9.1 3.2 5.8 7.25 11.6 12.25 6.45 6.45 14.3 9 6.85 30.2 6.55 30.4 21.8 9.9 1.1 5 1 20.9 1 5 -9999 -9999 -9999 -9999 -9999 -9999 -9999 -9999 -9999 -9999 -9999 -9999 -9999 -9999 -9999 -9999 -9999 -9999 -9999 -9999 -9999 -9999 -9999 -9999 -9999 -9999 -9999 -9999 -9999 -9999 -9999 -9999 -9999
5 9.2 6.3 6.5 6.4 6.2 6.2 6.3 6.5 7.1 7.1 5.2 7.7 6.3 5.1 1.3 7.8 6.9 7.8 6.4 30.5 6.8 30.5 30 15.5 30.3 7.4 12.4 7.3 7.3 6.25 6.65 30.2 14.2 9.75 7.05 6.55 30.6 30.3 6.35 6.45 6.45 6.25 30.3 6.35 12.2 7.8 10.3 16.4 3.7 7 7.6 12.6 5 -9999 -9999 -9999 -9999 -9999 -9999 -9999 -9999 -9999 -9999 -9999 -9999 -9999 -9999 -9999 -9999 -9999 -9999 -9999 -9999 -9999 -9999 -9999 -9999 -9999 -9999 -9999 -9999 -9999 -9999 -9999 -9999
1 5 9.8 5 16.6 14.6 6 10.5 30.3 29.8 5.3 7.1 1.2 5.9 3 1.1 5.3 6.6 6.7 6.9 6.5 12.7 22.4 6.4 5.2 7.5 7.2 7.1 7.3 22.5 6.75 6.35 6.45 30.3 30.3 30.5 24.3 30.3 14.1 24.2 30.2 30.6 12.3 19.2 19.3 22.5 1.3 3.9 1.1 6.15 7.6 12.7 8.2 20.4 12.1 -9999 -9999 -9999 -9999 -9999 -9999 -9999 -9999 -9999 -9999 -9999 -9999 -9999 -9999 -9999 -9999 -9999 -9999 -9999 -9999 -9999 -9999 -9999 -9999 -9999 -9999 -9999 -9999 -9999 -9999 -9999
9.7 5.1 7.2 17.2 7.1 6 7.7 3 3.1 5.9 1 1.1 1 5 7.8 7 7.6 24.7 12.3 14.1 30.3 9.1 6.5 5.1 7.2 7.3 7.2 7.3 7.3 20 9.9 6.25 6.35 30.3 26.8 15.9 14.5 9.6 19.1 29.1 9.1 30.4 30.5 11.8 11.6 5.8 7.6 30.7 6.1 3.9 30.2 10.2 6.35 6.25 9.8 6.15 -9999 -9999 -9999 -9999 -9999 -9999 -9999 -9999 -9999 -9999 -9999 -9999 -9999 -9999 -9999 -9999 -9999 -9999 -9999 -9999 -9999 -9999 -9999 -9999 -9999 -9999 -9999 -9999 -9999 -9999
7.6 3 5.1 5.8 9 30.3 5.9 6 5.1 3.1 1.2 11.2 5.1 20.2 12.3 7.4 7.2 12.2 7.1 9.7 30.3 7.4 7 7.4 7.3 7.2 10.9 7.4 9.9 6.4 5 9.1 6.45 30.5 30.2 9.2 14.75 7.25 7.05 9.1 14.4 30.1 6.15 16.6 21.8 30.3 10.2 17.1 30.1 30.4 7.2 12.2 7 11.6 29.6 6.95 -9999 -9999 -9999 -9999 -9999 -9999 -9999 -9999 -9999 -9999 -9999 -9999 -9999 -9999 -9999 -9999 -9999 -9999 -9999 -9999 -9999 -9999 -9999 7.1 12.6 5.1 -9999 -9999 -9999 -9999
1 1.1 5.1 5.1 24.2 19.6 6.1 6 6.1 11.1 20.8 3.6 7.3 7 7.4 3.2 7 9.1 7.3 9.8 7.1 7.2 7.2 15.2 22.6 7.3 7.4 5 5 5.7 7.8 9.7 6.45 7.05 6.95 7.15 9.65 11.7 7.25 7.15 7.25 30.2 11.5 7 14.1 30.4 6.65 14.1 7 9.1 30.4 18.4 5.6 7.1 6.85 7 7.15 -9999 -9999 -9999 -9999 -9999 -9999 -9999 -9999 -9999 -9999 -9999 -9999 -9999 -9999 -9999 -9999 -9999 7.5 7 5 7 14.1 7.1 7 5.1 6.9 6.9 5.2 5.1
3 1.1 10.2 20.1 9.7 20.2 5.1 6 5.1 11.6 8.6 1.2 5 14.8 7.2 7.1 7.1 9.1 9 7.2 7.1 30.4 7.7 5.3 21.8 15 8 5 30.3 14.8 6.3 25.7 3 7.15 6.95 9.65 6.95 7.15 7.35 30.4 7.35 24 22.3 17.3 7 9.6 6.45 6.25 9.6 14.8 10.8 6.15 6.45 5.7 23.2 7.15 6.85 6.95 -9999 -9999 -9999 -9999 -9999 -9999 -9999 -9999 -9999 -9999 -9999 -9999 -9999 -9999 -9999 -9999 11.7 7.4 5 7.4 6.9 6.8 7.1 7.1 16.6 16.6 17.3 7.2
1.1 1.2 10.8 3.2 30.2 7.7 9.7 7 7 1 1 3.7 5.1 9.7 9.6 8.7 5.8 5.7 9 5.1 5.9 9.7 7.3 30.3 30.6 14.7 6.1 18.4 30.1 5.8 5.9 12.7 30.2 9 7.15 9.85 6.95 17.05 7.35 30.4 12.3 11.8 7.3 19.1 6.25 1 6.25 23.3 11.7 9.1 6.25 6.35 11.7 6.55 19.2 30.4 16.9 7.05 -9999 -9999 -9999 -9999 -9999 -9999 -9999 -9999 -9999 -9999 -9999 -9999 -9999 -9999 -9999 -9999 -9999 7.1 7.7 7.8 12.7 7.7 7.7 19.1 7.8 7.9 7.5 12.9
10.7 1 14.7 16 5.2 5.85 30.2 7.1 3.1 6.1 3.7 3.8 6.3 7 18.3 3.6 17.7 5.8 5.9 6.7 30.5 14.7 30.4 7.3 30.7 5.5 30.5 10.9 9.7 11.6 5.2 9.6 9 5.85 6.55 30.5 6.65 30.5 30.6 7.35 7.35 12.1 12.2 6.35 8.4 12.7 6.35 28.3 30.4 14.7 19.3 6.55 30.2 12.05 19.2 30.3 30.3 7.35 9.55 -9999 -9999 -9999 -9999 -9999 -9999 -9999 -9999 -9999 -9999 -9999 -9999 -9999 -9999 -9999 1.1 7.4 7.7 7.8 7.7 7.6 7.6 7.9 3 7.9 7.8 8
23.4 3.8 30.4 1 5.85 5.65 1.1 1 1 3.6 11.1 6.3 11.8 9.7 3 8.2 5 14.2 11.7 5.8 6 7.2 7.1 7.8 6.1 5.9 30.5 5.9 13.3 9.1 3.1 12.7 30.3 16.6 21.9 12.3 5.95 30.4 9.1 7.2 6.75 7.3 30.2 6.35 10.3 5.7 5.85 3.3 9 11.8 21.8 19.8 5.55 6.55 30.4 6.75 6.55 6.75 6.7 6.7 -9999 -9999 -9999 -9999 -9999 6.4 -9999 -9999 -9999 -9999 -9999 -9999 -9999 -9999 7.2 7.4 7.6 7.5 7.5 7.5 29.2 7.7 17.9 7.6 7.8 8
7.7 3 30.3 1.1 1 1.1 1 1.1 1.1 1 1.2 6.1 1.2 5.6 3.1 5 14.1 22 30.2 9 1.1 8.7 12.3 9.9 19.1 10.6 5.9 30.7 7.8 30.5 9.8 5.4 27.7 19.6 5.6 27.2 5.85 5.85 5.1 9.1 6.45 30.2 14.8 20.7 3.1 5.8 5.85 6.05 29.9 8.4 6.15 30.4 30.8 30.4 6.65 6.45 30.2 5.8 6.7 9.7 6.6 6.5 6.8 6.5 6.4 6.4 6.5 -9999 -9999 -9999 -9999 -9999 -9999 9.7 7.4 7.4 7.5 7.4 7.4 7.5 7.6 12.8 15.1 7.7 7.7 10.4
1.1 6.3 1.1 6.2 12.7 3 1.2 1.2 1 1.1 1 1.1 3.6 6.1 1.1 5.3 30.3 16.7 30.1 6.1 3.6 1.1 6.2 30.5 6.15 30.2 12.2 9.1 7.4 30.2 5.95 6.05 16.7 8.8 5.65 28.8 7.2 11.7 30.3 3.1 6.45 5.7 18.7 3.2 3.2 3 5.6 24.2 30.5 30.4 19 7.2 7.3 5.85 6.15 11.8 6.9 6.2 26.6 6.6 6.7 6.6 7.1 6.5 6.7 6.7 6.5 -9999 -9999 -9999 -9999 -9999 22.1 5.2 7.4 7.6 7.4 7.4 7.4 7.5 7.5 7.6 7.6 7.6 8 10.3
3.6 3.7 1 3.7 1 30.3 1.2 3.6 1.2 1 1.2 3.1 6 5.7 9.7 5.1 6.3 12.2 7.1 16.5 9 9 6.2 9.8 5.95 7 7.1 7.2 30.5 30.2 11.5 9.7 30.4 30.2 5.3 12.4 17.8 9.1 6.85 3.1 6.55 19.1 24.2 9.1 3.3 3.1 5.8 26.8 3 12.3 7 29.8 30.1 6.15 5.85 6.8 6.6 24.9 30.3 6.6 21.6 30.1 7 6.8 6.7 6.8 7.7 -9999 -9999 -9999 -9999 -9999 7.1 7.1 14.9 7.7 1.2 7.5 7.5 7.7 7.7 10.1 7.6 10.1 9.1 15.6
3.6 1.1 1 1.1 1.1 1.1 1.2 6.2 6.2 1.1 5 5.1 5.2 5.1 5 9.1 30.4 6 9.1 24.2 9 7 6 8 7 14.7 30.3 9.6 16.8 16.6 13.6 5.65 7.2 13.2 17.3 30.3 14.8 5.85 9.1 6.65 6.05 3.4 6.35 30.6 13.5 3.4 8.3 3.1 30.7 14.2 30.4 7.2 30.3 3.3 9.2 6.75 6.7 5.9 5.8 7.1 6.8 6.5 6.7 6.6 6.6 6.7 6.6 -9999 -9999 -9999 -9999 7 17.3 7 5.9 7 10.4 7.6 7.6 7.6 7.5 7.6 7.4 7.5 7.4 10
1.2 1 6.2 6.2 6.2 3 1 3 1.2 1.5 12.2 11.8 9 5 17.1 16.7 6.2 9.6 6 30.2 7 5 7 30.4 11.7 30.5 7 5.65 5.95 6.05 7.6 3.1 5.1 10.4 6.15 12.3 30.3 6.05 10.2 5.95 5.95 6.15 13.9 5.1 9.9 30.2 3.2 30.7 3.2 10.8 30.2 6.05 19.7 10.9 7.1 17.2 11.6 6 9.9 6 5.9 6.7 30.3 6.5 6.6 6.1 -9999 -9999 -9999 6.9 6.3 6.2 30.3 30.3 7 6.9 6.8 25 15.5 13.2 7.6 10.2 7.5 7.6 7.5 7.6
1.2 8.9 6.5 3.8 1.1 1.1 1.1 6.1 1.3 3.7 30.3 5.1 5.1 10.1 7.2 6.2 7.1 21.6 7 7 5.2 5 9.1 30.3 7.3 17.4 5.2 17.7 5.75 5.95 5.65 5 5.65 5.1 12.3 5.85 5.85 16.6 5.1 5.65 5.1 21.4 27 30.4 25.4 17.2 3 3.1 3.1 3 11.7 9 21.8 19.9 30.3 30.3 23.2 22.7 7.2 11.9 6.8 6.7 30.5 6.9 6.5 -9999 -9999 -9999 -9999 5.1 6.1 3.2 30.3 6.9 6.2 13.9 26.7 6.9 7.7 7.8 7.8 13.1 7.5 7.5 7.5 7.7
6.3 3.7 1 8.8 1.1 1 1.1 1.1 1.1 7.6 9.1 5.1 7.6 5.1 12.3 6.1 7 7.1 5.1 3 30.2 7.1 5.2 5.1 17.2 7 7.8 5.85 5.65 6.05 5.75 5 5 7.8 9 3.1 12.2 19.7 6.4 5.7 30.4 26.8 5.85 5.9 10.8 5.1 18.2 7.6 10.6 5.5 22.2 7.1 7.2 22.1 5.95 5.75 5.1 16.9 5.8 5.8 6 6.9 7.2 6.8 6.8 6.7 -9999 -9999 3 3 5.3 6.9 6.8 6.8 6.7 6.9 7 6.3 7.2 7.1 7.1 10.2 20.4 7.9 30.3 8
1.1 6.3 1.1 1.1 3.6 8.8 3.1 3.6 7 6.4 5.1 20.3 5.1 5.1 22.7 7.7 5.1 7.6 7 9.1 5 5.1 7.9 5 7.6 11.7 30.4 7.1 5.65 5.65 6.05 5.65 12.7 5.85 5 7.2 5.9 14.1 5.7 30.3 5 5.1 7 5.1 7.7 30.4 30.6 5.6 5.7 5 5.1 5.3 5.4 21.7 5.75 5.75 5.65 5.65 7.3 7.1 5.1 6.6 6.9 8.3 5.9 6.6 6.6 6.5 -9999 5.9 7 6.9 6.1 6.8 29.1 3 3.1 30.5 6.1 7.3 8 7.7 8 8 10.7 8.2
1 3.6 1.1 1.3 1.4 6.1 1.2 9.8 6.5 6.5 7.1 3.8 1.2 26.8 5.1 5.1 5.1 5.2 5 7.1 5.6 10.1 7.9 5.1 5 5.2 5 5.75 5.75 5.65 6.05 5.75 5.85 7 9.9 7.1 9 6.2 1.1 3.1 6.3 9 5 5.2 5.85 3.1 6.15 5.55 5.75 5.2 5.75 7.8 12.7 17.7 7.7 5.85 5.95 5.85 14.6 30.4 5.8 24.2 13.3 6 14.7 6.7 7.7 6.8 1.1 8.2 6.8 6.3 21.7 7.2 6.9 7.1 3.1 7.4 7.1 7.2 7.8 5.1 10.6 30.2 8.1 24.5
1 1.1 6.4 1 1.2 1 12.3 6.4 5.1 5.1 1 1 1.3 3.8 1.2 7.6 10.4 7.7 7.8 15.1 7.7 9.7 15.9 7.8 5.1 30.2 17.1 5.75 5.75 5.65 6.05 5.95 14.1 5.75 5.1 3.6 5.1 3.1 1.3 3 30.1 5.95 7.1 5.85 9.1 5 7 30.6 5.55 5.55 5.65 3.1 5.85 30.4 15.6 16.8 30.2 30.3 12.8 6.3 11.9 5.8 19.7 12.2 30.3 30.3 6.6 5.1 13.2 3.2 8.3 6.4 7 30.3 7 7.2 6.5 7.3 7.5 7.3 7.8 30.5 7.6 7.7 7.8 10.7
1.2 1 1 3.7 1.1 3.8 1 5 9 1 3.6 1.1 3.8 1.3 1 6.2 9.6 10.2 7.1 5.1 17.7 30.2 7.7 5.2 9.6 5.1 14.8 15.3 5.95 30.4 30.3 30.6 9 9.6 5.65 3.7 1 1 6.1 5.45 5.45 5.55 20.4 5.1 5.1 30.1 10.1 5.65 5.85 5.55 5.75 30.3 5.95 5.1 5.3 6.05 5.95 9.8 6.15 7.7 3.2 5.9 15.2 9.6 5.1 27.2 3.2 6 8.2 5 6.3 6.3 30.4 6.4 6.5 6.5 6.8 6.6 6.6 7.4 23.1 7.6 7.6 19.2 10.8 7.9
1 1 1 3.7 3.6 1.2 6 3 3 3 1 6.1 18.3 13.6 3.1 1 1.1 14.7 7 10.1 9.8 3.7 30.6 5.1 5.2 5.2 7 5.95 30.4 5.65 5.2 5.85 3 14.2 3.2 5.65 1 5 5.55 5.65 5.95 5.55 8.7 30.6 5.8 5 5 10.2 12.4 10.4 5.3 5.1 5.1 7.1 7.6 7.9 7.8 7.6 24.3 6.4 6 6.1 7.8 3.1 7.7 3.3 5.2 6.1 6.5 7 30.4 17.8 6.5 30.3 22.3 30.6 21.7 7.2 7.3 10 9.9 15.1 14.6 7.6 7.75 7.85
1 1.1 7.6 3.7 3.7 1 -9999 -9999 -9999 5 1 3.6 3.6 3.6 3.9 1.1 3.6 18.9 1.2 15.1 5.1 30.2 30.5 15.1 30.1 7.3 7.1 15.2 5.1 5.1 6.25 6.35 6.25 5.1 3 18.2 5.6 6.15 6.15 6.35 6.35 5.95 3.1 5.2 30.4 23.1 18 30.6 3.4 30.4 18.2 8.1 3.1 3.1 7.1 7.6 23 30.3 1.3 10.3 6.1 6.2 30.6 6.1 3.2 13.3 16.6 26.6 30.3 19.2 14.1 5.2 6.4 13 5.1 6.4 6.6 7.3 30.2 9.9 7.55 7.75 8.05 7.95 7.95 10.25
1.1 1 3 3 5.8 -9999 -9999 -9999 -9999 -9999 20.2 11.3 3.6 1.1 1.1 6.2 1.1 3.1 5.7 5.6 5 10.1 7.2 6.15 15.3 25.2 13 7.8 26.3 30.5 6.45 6.45 6.55 30.4 14.8 6.25 6.35 10.3 6.25 6.15 6.45 6.15 6.25 3.3 3.2 3.4 5.1 10.4 3.2 5.7 1.1 5.1 3 7 5 3 6.2 12.2 1.4 5 3.6 6 5.8 6 15.2 15.5 9.2 5.8 30.4 9.2 30.4 6.3 6.3 10.3 5.1 30.2 30.2 7.45 7.25 7.35 7.45 10.45 7.75 8.15 7.65 7.85
3 7 1 5.2 -9999 -9999 -9999 -9999 6.5 1.1 3.2 1.3 3.7 1.2 1.2 1.2 30.3 14.3 5.8 30.3 10.2 30.3 15.3 11.7 30.4 30.3 30.4 25.4 10.3 6.45 7.1 7.6 6.35 6.15 6.05 6.05 6.15 6.25 6.15 6.05 6.25 6.25 6.25 6.25 6.05 6.15 6.15 6.25 1.2 6.05 1 5.1 7.7 10.7 3.2 3.2 3.1 6.25 10.3 30.3 5.95 6.8 30.3 14.1 30.4 6.3 30.1 1.1 30.6 8.7 5.6 7.2 5.6 7 12.45 6.1 6.25 6.55 7.55 7.35 9.95 14.95 7.75 24.85 10.55 17.95
-9999 -9999 -9999 -9999 -9999 -9999 -9999 5.4 5.3 9.1 1.1 1 1 1 1 6.2 6.1 3.8 30.5 16.7 1.1 12.8 5.1 5.1 10.1 5.1 5 3.3 6.45 6.05 5.1 6.05 6.25 6.25 6.15 6.25 6.35 6.25 6.25 6.35 6.35 6.35 6.25 6.35 10.9 16.8 1.2 3.4 6.5 3.4 6.25 7.6 3 3 5.75 5.75 6.15 6.05 6.05 6.05 1 6.05 6.5 6.6 18.3 6.4 5 6 7.2 7.2 6.9 3.2 7.45 15.8 7.75 9.1 11.6 6.25 7.45 7.55 7.45 9.85 14.55 17.85 7.85 10.85
-9999 -9999 -9999 -9999 -9999 -9999 3.2 9.2 30.2 3.1 1.1 3 1 1 3 3 5.7 3.1 9.1 6.2 30.2 6.8 7 5 22.3 5.4 10.1 6.15 6.35 6.15 6.25 7.7 6.35 6.25 6.35 6.25 6.7 6.25 6.15 6.25 6.25 6.05 6.15 10.7 6.15 1.2 1 6.05 1.3 1.1 3.1 6.3 6.1 5.85 5.85 5.95 5.95 6.05 6.15 6.15 6.45 3.9 19 1.4 13.3 6.95 6.95 30.4 6.65 6.55 7.8 9.95 9.85 7.55 7.75 30.3 6.45 6.55 7.65 7.45 7.75 15.05 7.65 7.35 7.25 7.75
5.4 5.3 -9999 -9999 -9999 -9999 5.4 5.3 10.7 4.6 5 4.5 3 3 5 5 5 6.6 6.3 5.1 5.2 5.3 5.3 30.2 30.5 5.2 19.8 20.4 5.2 6.25 6.15 30.2 5 7 6.8 6.5 6.5 6.15 6.05 6.15 6.05 7.7 12.2 7.1 3 6.2 3.6 3.1 1.1 7.7 5.95 5 20.8 5.95 5.75 5.85 5.85 5 6.65 1.2 6.35 6.35 6.55 6.65 30.2 26.7 30.3 6.85 11.6 9 30.1 30.6 7.95 7.75 12.45 7.35 6.75 6.35 6.85 7.65 30.4 17.65 15.05 7.55 9.95 7.55
5 7 5.2 -9999 -9999 5.6 5.4 9.2 4.8 4.7 4.6 4.6 4.6 4.6 5 5 1.1 5.1 5.1 4.7 17.7 4.3 4.2 5.1 30.5 6.3 5.4 5.3 5.3 6.15 6.45 30.5 6.9 6.8 6.7 6.5 6.5 6.15 5.75 5.85 6.05 6.15 3.1 11.3 3 1 3.7 6.3 1 6.05 30.3 5.95 -9999 6.15 6.15 6.15 5.1 6.05 28.3 5.1 6.15 21.2 6.55 6.45 6.55 30.3 6.65 10.3 26.4 30.3 30.5 9.5 7.15 7.05 7.25 7.15 7.65 9.85 7.25 7.05 7.15 7.45 7.55 25.15 21.15 10.05
5.2 9 -9999 -9999 5.6 22.4 5.3 5 4.6 4.7 4.5 4.5 7 4.5 5 5 5 5.1 11.7 5 5.4 30 30.2 30.2 1.2 3.7 10.8 7.6 5.4 6.15 6.7 6.7 6.7 6.8 6.6 6.6 6.6 6.4 6.3 30.4 5.95 6.05 3 13.8 1.2 1 30.1 6.3 3.6 3 7.6 6.05 5.1 6.3 6.3 6.35 6.05 6.05 3.1 6.65 6.55 6.95 5.1 5.1 5.1 6.65 5.65 16.3 30.5 7.1 6.05 6.55 6.65 6.55 30.7 7.35 12.35 9.95 7.15 7.15 7.15 9.85 7.35 7.35 9.95 8.05
5.1 -9999 5.1 5.3 5.2 5.2 1.3 4.9 5 5.1 5 4.9 4.6 7 5 5 5 5.1 12.2 5.2 5.5 4.8 7.6 7 16.8 1.2 3.1 5.2 5.1 6.3 6.4 6.6 6.7 6.5 6.6 5 6.2 6.3 6.4 6.3 5.75 5.85 5.6 21.2 6.2 1.2 3.6 18.7 1 6.15 3.2 6.05 10.8 3.1 5.95 6.15 30.2 6.05 6.55 6.55 6.95 7.7 6.75 7.05 15.2 30.3 20.4 30.3 30.3 19.4 30.3 30.2 6.55 21.8 30.3 30.5 15.5 7.55 7.25 7.25 12.45 30.45 7.35 7.45 7.65 30.15
5 5.5 5.1 5.2 5.2 11.2 5.3 4.9 3.6 7.1 5.1 5 5 5 5 5.1 30.6 11.6 5.3 9.2 5.2 30.4 19.7 5.1 22.7 5.2 1 7 30.3 5.1 6.4 6.2 6.4 6.4 6.3 6.4 6.3 6.3 6.3 6.3 6.2 6.2 3 3.6 1 4.7 6.6 3.7 10.8 1.2 3.7 5.1 6.15 6.15 6.05 6.25 5.95 6.15 6.75 1 7.05 7.05 6.85 7.05 6.55 6.55 9.1 30.4 9 9.1 6.15 6.45 6.65 6.3 6.85 6.85 7.15 7.85 17.75 7.65 25.45 7.65 7.45 9.95 7.45 10.05
5.1 5.1 1.1 5 4.9 26.9 5.2 4.9 3 5 7 9.6 5.3 5.3 5.4 5.5 5.1 5.1 7.7 9.7 14.2 9.7 3.9 5 1.2 3 10.2 7.7 5 10.2 5 25 6.2 6.4 6.2 6.5 6.4 6.3 6.3 1 6.3 6.2 6.5 3.1 1.2 3.8 1.2 3.6 5.6 5.95 6.05 6.35 3.2 3.7 30.4 6.2 6.05 6.45 6.65 6.85 13.5 5.2 6.75 7.15 6.35 6.65 9.6 6.15 9.9 3.1 7.7 6.75 6.55 6.1 7.05 7.15 7.25 10.05 7.95 7.75 7.75 7.55 10.25 7.65 7.55 7.75
5.2 3.7 1 3.6 1.1 8.3 17.1 3.3 5.5 5.1 6.1 5.3 5.4 5.5 7.7 5.4 5.3 5 5.2 7.1 12.7 3 3.2 10.3 7.6 5 6.3 7.6 5 7.6 12.7 5.2 30.1 6.3 6.4 6.3 6.3 6.2 5.6 5.6 6.3 9.6 5.1 6.7 1 1.2 1.2 3.1 5.7 8.1 5.95 5.9 3.1 3 8.6 6.2 6.15 6.65 1.2 9.55 7.15 7.15 7.15 6.85 6.75 9.2 30.2 7.8 27.3 9 30.3 10.7 20.6 6.65 4 7.25 30.3 8.05 7.55 3.2 7.65 6.95 6.55 9.95 3.2 20.25
8.1 1.2 13.6 1 5.1 5.1 20.2 5.4 5.6 5.3 1 12.7 5.8 30.5 1 1 5 1.1 5.2 12.6 5.1 5 5.1 5.7 10.5 15.6 3 5.1 5.1 5 9.6 7.1 7.6 6.5 6.2 7.7 6.3 6.9 3.1 7.2 7.2 6.9 6.2 7.6 3 3.6 3.2 6.15 9.6 5.6 3.2 6.25 6.25 6.2 13.3 6.15 6.75 6.55 15.8 6.85 6.95 9.65 12.45 7.05 6.95 14.4 9.65 6.95 7.85 9.2 19.2 30.7 6.85 9.2 6.35 30.5 6.3 6.75 30.4 30.5 9.8 6.75 7.75 8.05 7.75 7.75
1.1 1.2 8.2 5.2 5.4 5.5 5.4 5.1 5.1 5.6 9.7 5.2 5.6 3.2 3.2 5.7 5.7 5.1 5.3 30.3 19.1 5 6.3 12.3 17.8 7.7 8.1 1.1 12.8 7.2 5.9 30.2 30.4 11.8 6.3 6.6 7.3 7.2 7 7.1 20.8 7.1 8.7 10.3 3.3 1.2 6.35 6.55 22.3 18.3 6.45 6.45 6.45 6.45 6.35 6.15 5.1 6.85 7.25 27.6 6.95 7.15 7.15 9.65 30.3 7.15 6.75 10.25 17.95 30.8 6.75 6.85 7.65 24.95 9.95 25.6 7.75 5 6.75 6.95 6.85 10.05 10.25 7.55 7.55 7.75
1 1.2 5 4.5 4.4 4.6 4.7 5 5 4.7 19.2 9.3 30.1 30.2 7.3 30.2 5.5 5.5 5.4 5.4 5.2 5.2 10.4 6.7 10.4 15.3 5.2 7.7 30.4 15.3 22.7 12.1 25.2 6 3.4 6.3 12.2 7.1 7 7 8.8 7 7 12.5 6.25 3 8.1 6.05 6.35 6.15 6.25 6.05 3.2 6.15 6.15 6.55 6.55 6.65 21 6.95 7.05 9.75 6.95 5.9 7.25 27.45 6.95 6.85 7.65 27.8 11.9 6.45 7.55 7.25 7.65 30.35 7.35 7.45 30.25 7.85 10.35 7.65 10.05 7.35 7.45 7.75
