Outfile_5.asc
NCOLS 201
NROWS 151
XLLCORNER 730592.938286
YLLCORNER 2561222.529137
CELLSIZE 145.176046
NODATA_VALUE NaN
[rows 33 to 65 of 151, columns 74 to 147 of 201]
6.7 26.8 6.9 7.1 6.2 6.1 6.2 6.6 6.4 6.1 6.8 7.2 5.4 7.2 17.6 12.7 7.7 30.4 10.3 10 27.1 30.2 19.3 21 6.8 6.8 30.4 30.4 30.1777777778 30.3761904762 30.5666666667 8.8666666667 30.5761904762 30.6777777778 30.6 30.8 30.3393193566 30.3533326691 7.2 10.8540925512 30.3 30.0333333333 30.2111111111 30.3166666667 30.5777777778 30.6 31.3660289775 30.5134491708 13.6084518793 20.6183739396 4.8535234292 7.15 6.95 30.7666666667 20.3111111111 7.85 7.55 7.75 13.15 7.75 7.85 8.35 8.15 7.95 30.55 13.25 17.95 10.45 10.25 8.25 10.55 9.85 12.75 7.95
6.8 6.6 6.6 7.1 5.1 29.5 6.7 6.4 6.2 7 6.2 6.8 7 9.9 30.6 30.5 30.4 9.9 9.8 7.4 7.8 7.8 24.3 6.7 4.4 12.1 30.1 12 13.2777777778 30.6761904762 7.3 30.7666666667 30.5761904762 30.5777777778 30.8 7.2 7.3564102564 13.3134491708 12.6084518793 11.5 15.7666666667 8.1111111111 30.9666666667 30.6726779369 7.3635231517 30.5311250567 30.3135735976 30.4 8.9666666667 7.05 9.65 7.25 7.25 30.4666666667 7.55 7.55 7.95 7.55 7.85 7.75 10.25 20.95 30.25 8.05 8.35 8.05 8.05 7.75 7.95 8.25 30.15 7.95 9.95 15.1
6.6 6 30.4 7.1 19.4 5.9 21.7 30.2 6.9 6.5 6 6.8 7.5 30.9 7.4 31.4 30.8 7.5 7.4 10.6 7.4 30.3 4.1 14.4 6.7 4.3 20.5 5.1 30.3777777778 30.2761904762 30.6666666667 30.4666666667 30.3761904762 22.5777777778 30.4 20.213394791 7.2858309864 10.0761904762 7.2 30.4570224301 30.747996552 30.7376880965 5.6533326691 4.5768182948 14.6222222222 30.3946277864 10.1376880965 30.7245006541 30.5 7.15 9.55 14.6777777778 7.35 7.35 7.65 7.75 20.55 30.7108185325 22.75 30.7 7.95 18.85 22.95 8.05 12.95 15.95 13.35 10.55 18.25 15.45 12.85 30.25 7.75 7.65
7.5 6.7 6.7 7.1 6.5 6.8 30.5 26.6 6.8 30.7 6 6.8 7.1 6.5 6.7 7.5 12.8 10.1 4.1 26.8 30.4 30.9 5.3 7.1 30.7 30.7 30.3 30.2021130107 18.3847858837 30.2761904762 9.9 9.9 30.5761904762 16.8777777778 19.2 18.1602895721 14.6874920661 30.4666666667 30.3570224301 13.378511354 24.7578685395 30.373998276 4.5393193566 17.214274771 30.6730772833 19.8928371643 30.3856743286 30.0333333333 7.95 7.35 7.45 17.45 7.15 9.75 8.05 7.75 10.35 12.75 7.75 31.05 10.95 20.55 8.15 7.75 10.75 8.35 30.4 7.85 7.65 30.45 7.85 10.65 7.65 12
30.6 30.3 6.8 7.6 6.4 9.9 9.8 6.9 6.5 5.4 6 6.4 6.7 6.8 30.5 30.2 12.5 30.6 17.7 6.7 8.1 7 4.6 30.6 6.9 29.8 4.1 6.9 30.703030303 30.5555555556 28.2333333333 30.578511354 30.6578685395 30.273998276 7.4399385949 30.236717456 7.2 30.4666666667 12.9333333333 6.8 22.4533326691 9.9399385949 30.0032369137 30.4660289775 30.8615508071 1.81898463 11.6570224301 2.79071197 4.6270461645 6.636717456 22.45 9.75 7.55 7.55 9.75 30.35 7.75 10.35 20.55 15.45 30.6 9.95 9.85 7.35 10.05 9.95 30.75 30.15 7.15 7.25 24.5 31.1 10.55 10.35
30.5 7.3 15.4 6.9 30.5 30.8 7.1 23.2 6.9 6.8 6.6 17.6 7 7 7.2 25.6 7.9 10.4 30.4067245426 8.3 30.4 30.7 30.5 4.2 5 17.9257618163 4.3635231517 6.4777777778 10.3 30.3555555556 7.1 23.0111111111 6.9 30.7564102564 30.698142394 7.1 23.178511354 30.0333333333 30.1084518793 7 6.8 27.8067245426 15.7477647286 1.6533326691 30.4205792798 30.29071197 30.4570224301 30.3666666667 7.65 7.55 7.35 6.75 10.7923526966 19.95 30.778511354 9.95 10.45 13.15 7.85 30.414274771 13.25 7.45 7.45 9.75 7.55 7.85 12.65 7.25 7.25 30.7 20.35 7.85 7.75 7.45
7.8 7.6 7.7 6.9 30.1 6.8 6.5 6.9 7 6.4 6.2 7.4 7.2 6.9 22.5399385949 23 30.5 10.6 8.1 31.3 30.8 23.3 30.7 30.6 7.9450715499 7.1135735976 9.7134491708 30.6761904762 30.7 30.9883656714 7.1 7.8 10.9350406063 30.0768182948 19.9134491708 30.6856743286 7.2 30.5245006541 30.0969040394 30.6081667897 30.5242242458 7.1 5.3135735976 6.9 30.3245006541 4.2 30.3856743286 7.95 12.85 30.1067245426 30.45 30.3 7.25 30.2384487607 30.2892557464 9.55 7.25 30.65 30.15 30.4660289775 8.25 8.15 7.45 10.25 30.55 7.55 7.45 NaN NaN 7.35 25 30.35 8.2 6.4
30.314274771 7.9 7 6.7 7.3 6.5 6.5 6.8 7.3 6.3 6.1 6.8 10.1328101159 7.8 10.6 8 7.9 7.9 30.5 31.1 7.7 10.2 30.4 6.9188440482 30.2081667897 7.4 30.6245006541 7.7 25.2 7.1 14.2375594364 10.5 30.1112944531 30.3112111039 30.2666666667 30.3570224301 30.09071197 5.1205792798 30.7533326691 30.5450715499 30.7 9.8 28.3622501134 5.2245006541 30.5333333333 7.3540925512 30.2714045971 7.75 10.55 30.15 12.55 7.15 30.7002805931 10.05 30.4726779369 14.75 7.15 7.45 30.45 27.1615508071 30.4484520197 7.75 30.35 7.55 7.45 20.25 7.85 NaN NaN 28.15 31.3 30.4 7.25 30.5
7 7.2 6.2 14.7 7.6 7 7 6.7 6.2 6 7 7.3 6.9 15.8 7.6 7.5 10.5 7.7 7.7 7.8 12.8 30.3 7.6 14.9 NaN 30.31898463 13.0570224301 30.9714317131 30.6 6.9 16.9578339874 7.3967854397 7.8068038428 5.9390996564 30.49071197 12.5333333333 7 9.5901371761 30.3768182948 4.6108185325 30.9602895721 30.6726779369 5.1666666667 30.3333333333 30.4570224301 7.15 7.45 9.85 30.4 7.25 9.95 14.85 7.25 7.75 7.45 7.25 10.1245006541 30.35 17.55 30.4714045971 7.85 17.75 7.05 7.25 6.95 7.85 7.55 7.65 7.85 7.95 28.05 30.65 12.55 31.2
22.3 12.1 6 11.5 7 15.2 7.6 6.9 6.4 6.2 7.3 12.6 7 30.4 6.9 7.3 30.49071197 7 7 19.9 29.9 10.2 10.7 17.6 8.2 14.078511354 30.2333333333 30.3745942812 30.6497823999 6.9 7.3 30.5326039052 30.0027049172 6.0463669952 11.6570224301 24.6856743286 30.6267895821 30.4946277864 4.4311250567 29.9399385949 22.336717456 25.1716618094 6.59071197 16.2570224301 27.2666666667 5.5928371643 7.9660289775 30.2032369137 9.85 7.15 9.85 9.55 7.85 7.35 7.45 9.75 7.25 9.95 17.75 10.05 30.6267895821 7.25 10.15 7.75 7.25 31.0374901471 7.25 30.9067245426 30.4 30.5 30.6 30.4 30.2 31
13.2892557464 7.1 6.3 30.314274771 6.6 7.1 7.1 6.2 6.5 6.7 7 15 31.19071197 7.2 30.49071197 6.9 7.3 5.7376880965 6.8 15.1 30.3 30.7 30.3 7.8 7.6 7.6 23.7245006541 7.4 30.3678148254 30.7690276405 27.4937128312 19.263570706 21.2874258846 30.6661434492 24.7666666667 9.6928371643 9.4946277864 30.2242242458 5.6242242458 5.6081667897 6.9 30.178511354 30.3333333333 4.5453558739 6.6267895821 5.5858309864 21.05 31.1 6.8 6.6 7.3 30.4 7.3 7.5 31 7.55 10.05 30.6969040394 7.55 30.5333333333 7.45 7.25 10.05 27.25 7.45 20.05 30.8500529685 7.05 14.727426912 14.7862387519 19.8374901471 7.65 7.25 20.3
6.9 6.3 12.3928371643 6.3 6.2 6.1 6.3 12.7 5.9 30.1135735976 12.4 30.3540925512 30.8 30.7084518793 12.4205792798 12.4 7.4 17.8 12.5 7.2 25.3205792798 9.2027355997 17.3 8.2 17.4 12.4 13.5716618094 31.0237619586 30.7165769424 11.1827350258 30.2935268607 7.2 9.7 13.6859420902 15 7.2 8.3393193566 7.1222222222 1.4768182948 7.0267895821 30.2084518793 19.8 4.8245006541 30.4376880965 7.4 7.4 30.3 6.6 7 7.1 12.4 5.3 7 10 7.8 10.3 7.35 7.45 25.2205792798 30.178511354 24.75 30.2333333333 6.85 12.55 9.85 9.65 30.3483481745 30.4171833406 6.75 6.75 12.25 7.45 6.95 30.5484520197
30.4570224301 6.3 6.3 7.1267895821 30.5081667897 6.4 6.8 6.6 6.7 30.5714045971 7.2 7.1 8.978511354 8.1 7.3 19.9 7.2 7.2 7.1 30.6477647286 7 6.8 30.505300936 30.7 10 7.2 7.3 30.2602895721 10.4788989167 30.4823451376 30.5523179633 22.6 7.1 7.1 7.2 26.0770074531 7.3 6.9 13.1726779369 5.375 6.9 18.978511354 30.5205792798 18 30.5450715499 7.5 7.6 6.8 30.5 5.6 7.2 8 30.4 7.9 7.9 7.7 22.9 7.55 12.65 30.2969040394 12.65 24.8333333333 7.15 6.95 30.2333333333 6.85 6.95 7.15 7.15 6.95 10.05 12.75 30.7419755892 30.6172058324
30.61898463 16.49071197 30.6333333333 5.3084518793 4.5969040394 6.9726779369 6.998142394 6.6 22.4714045971 30.1245006541 30.6 18.778511354 11.7716618094 30.636717456 18.2477647286 7 7.2 5.3 7.1 6.8 30.2 7.3 14.1203870548 30.3 7.3 10.1 11.2356325411 28.2230521815 16.1125225222 11.5111111111 30.6 30.6444444444 30.7666666667 30.6111111111 6.9 15.1 7.5 6.9 7 30.293742273 30.2328910438 28.8134799922 13.3533326691 7.4477647286 7.4 7.7 30.3 7.1 6.9 7.2 30.8 7.4 30.4 30.6 12.7 9.9 7.4 12.5 9.65 7.15 30.5333333333 20.1703703704 12.55 22.55 30.7555555556 30.5200953027 30.7375594364 30.6356117652 30.1451780206 6.95 7.45 7.45 8.4633899069 6.75
30.9928371643 30.9666666667 16.0666666667 7 2.2245006541 9.91898463 6.9 7.1 30.7856743286 30.3333333333 7 30.5716618094 7.3 6.8 7.5 7.1 6.8 7 7.1 6.9 10.9528140863 7.1 12.8 6.95 13.5082403764 30.7111266977 30.5773862895 12.4222222222 4.909201947 7.1934562487 13.51898463 30.1257543607 9.5523179633 30.5961624635 14.9440446391 30.6393193566 30.3521773816 30.6643423404 30.2601229154 30.5555555556 20.7352414614 30.6126205685 6.0831464622 30.0108185325 30.6 5.4 7.2 8.1 30.6 30.9 30.3 1.5 6.9 30.8 7.6 7.8 7.7 15.2 30.15 30.5242242458 7.35 30.4564102564 30.8847858837 30.3094922192 30.4333333333 30.7961321867 30.1897640738 30.0043547631 30.4485805095 30.7282174738 20.7889883586 31.2298755254 30.9 30.9448045212
7.2 6.9 6.6 6.9 30.3333333333 30.0555555556 10.8176157029 30.5660740412 12.6151186864 30.3954770164 10.2 5.8 30.0730772833 7.2 7 30.7 12.2 5.3 30.4 14.8 8.3380952381 30.1181350989 6.3570952919 12.25 30.3921691488 30.229996399 30.8377707402 9.4328101159 10.9755884172 8.9524976531 30.7268601941 30.6526087569 30.8972305644 30.3235015266 30.3571936115 7 6.4 30.4983456956 19.5870537214 15.0333333333 5.4203870548 25.9650123622 20.2459542766 30.5 30.8 30.3 7.7 14.9 30.6 7.1 7.2 9.9 7.5 7.8 10.2 7.8 7.2 30.2 31.1 30.8 30.2 30.4 30.1021130107 7.45 27.0242242458 30.8777777778 30.4073155329 16.1361506991 30.4851093871 30.7651186864 31.2071068402 30.6860514612 30.5786892072 30.9240453033
30.3761904762 30.4761904762 27.9761904762 4.4761904762 18.9733912093 2.630910846 6.7 7.1 8.4333333333 7.5 6.6 5.7 6.7 14.7047650464 12.4 6.5 6.4 6.3 30.5 30.4 30.5242242458 18.336570247 7.9059860233 31.0564102564 7.3535234292 30.4242677032 30.8564102564 30.5564102564 10.6134491708 19.2729365995 30.6690355763 30.3994767825 21.0870664144 30.3862387519 10.4048669366 6.5 6.6 2.390937233 30.9623737794 30.2777777778 11.2987079739 30.2287676428 18.0326256917 7.3 7.6 30.5 30.3 7.3 8 7.5 15.3 7.7 30.7 9.9 30.3 7.7 24.4 30.4 30.4 29.6 30.4 7.25 21.7 7.35 9.65 7.35 7.45 7.25 31.1178356538 30.9714045971 30.7433447023 30.3081667897 30.4163426646 13.5020891032
7.6 30.3666666667 9.1666666667 30.3666666667 14.4994767825 30.4420761414 11.6777777778 30.6540925512 6.7 9.1590193633 13.5714317131 30.0205792798 14.7615508071 25.9556550252 6.3 6 30.8 30.2 6.3 30.8 30.5108185325 6.25 8.547996552 11.0570224301 7.4111111111 1.6761904762 4.1847858837 10.7031712291 17.7419755892 11.0223216919 30.5300313266 30.2512334657 30.6094922192 27.9635231517 16.8393193566 30.3081667897 6.8 7.0388009261 30.1533326691 12.2 7.1575587721 7.3 12.7 7.5 7.4 30.1 30.2 7.2 15.2 14.1 7.5 5.5 27 30.9 30.3 30.8 10.6 8.1 18.1 4.3 30.2 7.65 7.45 7.45 30.2021130107 7.35 19.95 7.95 25.05 20.8167852127 30.8333333333 30.6130438755 9.65 30.4288320124
30.7 30.6111111111 14.9 17.8 7.9 7.7 7.6 30.9477344001 7 22.298142394 30.1067245426 6.4 30.6270461645 9.7333333333 6.7 6.5 6.2 20.4 30.7 30.3 25.3 5.473998276 6.35 30.378511354 2.7666666667 4.1555555556 14.5162167619 30.2036784889 17.7916625669 30.4467825041 7.7866660024 30.6158451277 30.2761904762 30.0199035803 28.9074243814 30.2831998385 30.3477712359 9.4108185325 25.5178307106 2.2533142958 10.9528929542 30.42899873 7.5 7.2 7.4 7 6.5 30.9 14.8 31 31.1 30.1 30.2 30.4 30.5 30.2 31 30.6 15.9 31 30.3 10.15 12.15 7.05 12.8083333333 30.703030303 20.25 28.5678658549 30.1092865378 31.1363636364 30.4425352804 17.35 30.8405617714 30.7694784217
8.8 10.8 7 8 8.3 10.8 30.6 30.6959052512 20.5 15.2 30.7245006541 7.4 15.3540925512 5.7714045971 30.498142394 10.4183739396 6.4 30.7 30.7 6.55 30.5 28.153428636 30.2042261031 15.5258747098 4.8512401769 15.205947185 7.222947292 30.4240421083 30.9 30.9874258846 30.3049951428 30.0526087569 30.2845735102 9.4714006833 6.65 30.5833333333 30.7866660024 30.3553296488 7.1959802891 11.5384487607 30.4450715499 30.6 11.9 1.1 6.7 9.6 30.9 9.3 30.6 30.8 10.5 30.6 30.8 30.5 23 7.2 30.4 30.7 29.6 30.7 6.75 6.75 30.8 6.85 30.6083333333 30.703030303 7.55 7.85 30.4955834467 30.4555555556 7.35 30.3733230525 12.2682195417 30.4768182948
30.2 13.8 8.3 13.5 30.7 28.2 7.4 14.8 30.3801310486 7.4 8.3205792798 30.578511354 9.2 30.3856743286 30.3928371643 8.0768182948 30.1067245426 30.6 30.5 18.4 22 11.4328101159 5.7647589624 7.23974395 4.9526087569 30.405371548 4.9309458229 6.55 6.65 30.1573786367 28.2434852841 13.2513608481 18.0987842103 6.85 6.55 9.7681335412 26.0383284761 7.4406199178 12.020302182 4.0618913743 7 17.4 30.2 1.6147188482 9.6222222222 30.2179068435 7.8067245426 6.2 6.4 30.6 30.5 30.7 7.1 9.6 19.9 9.6 30.3 30.4 30.8 31.2 31.1 10.2 27.6 6.55 30.3079276146 15.2017858479 30.8854866991 7.25 30.7084518793 30.6666666667 7.15 13.5997840537 20.059220178 25.6222222222
NaN 8.3 13.6 13.6 8.2 8.1 10.1 7 10.5923526966 6.9 8.1726779369 30.4666666667 30.6570224301 5.9 5.7892557464 8.1384487607 30.7477647286 30.1 5.3 30.6 30.5 30.4564102564 23.7439023225 10.0064766961 3.5383284761 13.7856512967 30.5959439454 22.6469069309 6.15 6.3380712638 12.6636825423 5.0309458229 30.5721177144 2.3935268607 4.2760070601 30.6 5.4046589586 9.4749999779 1.8303300294 26.8222222222 8.9 30.6032369137 13.6399385949 30.5847858837 30.803030303 7.2 6.6 17.0399385949 1.6032369137 13.9 30.8 30.6 30.8 14.6 6.8 15.6 7.8 30.7 30.7 30.2 30.6 30.7 7.25 30.9 30.1 30.9758686137 16.2557238518 9.65 30.6225890798 30.4666666667 30.5872459465 30.5428255525 30.938943094 30.6
NaN 10.8 11 11.6 31.0666666667 30.8 7.8245006541 10.3 7.2 12.2 25.8858309864 30.2267895821 28.9666666667 13.1333333333 30.078511354 6.3 30.336717456 23.1556550252 5.9 30.1 6.85 30.5777777778 30.453008771 12.1380712638 30.2540925512 10.59071197 30.4714045971 30.3234705095 30.2190076619 6.3152126241 30.2422599133 7.4951511893 30.24690064 30.2191643198 26.4175015521 5.2222222222 30.1535791641 30.5319287483 15.1218743513 21.7847858837 30.5564102564 30.3 4.2533326691 30.3622501134 30.7555555556 21.2969040394 9.7 9.6 11.9618913743 30.5047650464 6.9 30.5 9.55 30.5 30.4 15.1 30.4 30.6 6.75 6.85 30.5 30.7 6.75 31 30.6 30.9242242458 30.4925555291 7.05 30.497178591 30.35 30.9199993357 30.5936229055 7.3222222222 24.8
8 8.1 8.2 24.2 11.1 30.4 30.6245006541 8.4 7.1 5.2 10.6242242458 5.6081667897 30.6267895821 30.6245006541 30.7 6.6 30.6270461645 10.4726779369 30.0094922192 5.7556550252 30.3380952381 6.95 NaN 13.4801158374 6.85 NaN 30.3801158374 5.8 5.6 22.6355337841 4.4270461645 30.375118546 6.9892557464 30.5169601147 7.409201947 2.4428255525 4.8650123622 4.6251885585 4.5912577986 9.3714045971 20.4166666667 6.9 19.91898463 30.278511354 9.7 6.8 30.578511354 6.6 30.5615508071 30.3730772833 6.6 30.5 6.45 30.7 30.5 30.5 9.2 30.6 31.5 24.9 30.4 30.3 31 19.3 30.4 30.7 30.5564102564 6.95 31.056182661 30.4230769231 30.6948749122 7.4127291329 4.6147188482 7.2
8.2 8.2 8.3 18.4 8.7 30.1 28.8 10.9 8.2 30.3393193566 30.3179068435 25.8399385949 16.0135735976 30.4714045971 16.5245006541 6.6 6 6.9 30.5270461645 13.3134491708 14.85 30.4384487607 30.5800907618 30.1708640506 30.3180308381 6.2171063627 30.32568603 4.4520223583 30.3511372672 7.329530349 13.0564484313 30.6477344001 19.8654743095 7.5014383581 30.9570952919 7.5539126131 4.5537203881 15.6621165671 10.3314757273 13.5015305025 30.8111111111 14.3111111111 30.7333333333 30.5333333333 30.5540925512 15.9111111111 30.7333333333 30.59071197 30.21898463 12.7928371643 7 13.1399385949 30.1 30.5 30.5 30.9 6.55 9.2 31 7.4 30.4 4.4 6.25 6.55 9.3 30.3 6.45 6.55 6.95 6.55 31.0555555556 30.303030303 30.2083333333 7
NaN 8.2 16 13.5 30.5 10.5 30.8 30.4 13.5 19.9615508071 7.1 30.4316790289 8.3333333333 7.7042261031 30.4761904762 30.4856743286 6.8 30.6 30.0666666667 30.8540925512 30.4333333333 18.3800614577 13.73974395 10.8379713052 27.5935268607 17.5286328389 9.8164250941 30.0704444133 4.4355130099 4.20510641 7.2829743404 12.1194011491 19.9102466654 1.8637223453 2.8610823404 30.3666666667 12.0333333333 5.7573786367 7.4666666667 16.2888888889 30.3666666667 7.0666666667 13.678511354 6.7 30.3622501134 30.6267895821 30.7666666667 30.7570224301 29.8570224301 30.5453558739 30.3376880965 17.136717456 30.2556550252 30.3047650464 30.2 30.9 6.45 6.65 6.65 17 30.1 6.25 7.2 9.8 30.4 6.5 29.5777777778 6.65 30.2666666667 30.1111111111 8.4969040394 30.1923526966 30.4047650464 5.6
NaN NaN 10.7 23.7 13.2 13.4 20.6 16 7.8 7.4 14.8 6.8 6.4 6.7 6.8 8.5856743286 6.8 6.4 11.19071197 25.4333333333 8.0333333333 27.2564102564 14.6874920661 30.3096966 30.6760070601 30.5412124542 4.4730769231 4.0703703704 3.9384487607 1.58611562 14.5224392339 1.6786041427 6.9865717317 9.4107229978 3.0904286252 2.6990906338 17.8870537214 1.5714045971 19.688854364 13.3870090087 30.2761904762 5.8761904762 30.2578685395 8.3384487607 30.1858309864 20.6858309864 30.5928371643 30.8666666667 30.39071197 30.5333333333 30.4245006541 10.7270461645 30.5615508071 25.3484520197 23.8 6.65 6.75 6.65 6.65 6.85 6.45 6.35 30.5 30.6 6.45 9.9 6.15 16.0761904762 30.4666666667 6.35 30.4761904762 30.6777777778 30.7 30.7
NaN NaN NaN 7.7 7.0730772833 30.7 30.3666666667 31.0666666667 7.3 6.8 6.6 30.3570224301 6.9 21.0333333333 NaN 7 30.1892557464 6.0892557464 18.2540925512 9.49071197 19.7084518793 30.3111111111 30.4006911303 30.3 10.2236890968 2.8873015873 4.8111111111 1.9733912093 1.9253443262 4.2237619586 1.6257618163 6.6158552292 6.7715970431 9.1376880965 2.4018572798 4.7428255525 11.588701459 5.3226430481 7.5 31.0874920661 17.803030303 8.103030303 30.198142394 30.1556550252 31.0188440482 30.5242242458 14.9946277864 14.8134491708 8.4666666667 29.09071197 30.5333333333 30.578511354 7.9578685395 30.273998276 31 30.8 6.35 6.55 6.15 30.1 30.7 6.75 30.7 6.9 12 16.9079276146 30.4017858479 30.547996552 6.55 30.5111111111 30.4761904762 30.4777777778 5.4 27.3
NaN NaN NaN NaN 7.8 30.9768182948 7.5 7.7 7.5 NaN NaN NaN NaN NaN NaN NaN 7 26.3666666667 30.3333333333 NaN 30.6 30.4542351217 5.3324338008 20.8120225406 5.7238672278 7.5467825041 9.3635231517 3.973998276 4.9939846865 7.0353511597 1.4694840324 4.3546089565 9.2442146898 4.0333333333 12.003628582 30.5400453809 5.6041568138 10.900414722 30.2513641714 30.2768182948 30.113394791 25.0083333333 30.8067245426 5.4 30.4 10.4 17.5222222222 30.1768182948 30.6267895821 8.7856743286 15.6 30.278511354 18.6578685395 31.473998276 12.5 9.55 6.55 6.45 6.55 6.55 30.7 30.2 30.6 30.4 30.6 6.45 30.303030303 6.35 21.2333333333 16.5333333333 28.3166666667 30.3564102564 5.5 30.7
NaN NaN NaN 15.3 31.1 13.013394791 30.2564102564 18.298142394 7.7 NaN NaN NaN NaN NaN NaN NaN NaN NaN NaN NaN NaN NaN 6.6 7.6726619182 4.706906681 2.1640145061 10.0033841227 8.5245352062 10.5487992076 2.210477637 27.0827596463 6.9824898728 6.9662474188 30.3260253956 4.5603925074 25.3034638077 15.1 30.2 30.503030303 30.4083333333 30.1 30.4 8 20.2 5.5 5.2 5.7083333333 30.703030303 7 30.6333333333 28.978511354 30.4892557464 25.9533326691 30.6399385949 30.8222222222 6.95 6.45 30.3222222222 6.65 6.25 20.9222222222 5.95 30.7222222222 30.4179068435 30.5079276146 24.2202728564 4.8268601941 6.91898463 30.6333333333 30.4333333333 6.65 30.0564102564 30.6 30.6
NaN NaN NaN 10.7 10.1 10.3 30.5 30.5067245426 18.1289342698 NaN NaN NaN NaN NaN NaN NaN NaN NaN NaN NaN NaN NaN NaN NaN 6.5 6.6310207061 20.7119610908 8.9451780206 10.6578339874 5.7708927697 11.3444444444 20.1302373727 15.3354980438 12.6948841404 5.2603794978 5.1302373727 9.9 30.4861401162 30.8492758406 30.4884651411 4.7395346585 14.3108185325 1.3 10.4 5.3 12.9 30.4079276146 30.6017858479 13.747996552 11.6570224301 30.2111111111 8.5761904762 27.9192754236 30.7333333333 30.8333333333 6.65 7.15 30.7333333333 6.35 30.3333333333 6.25 6.15 6.05 7.388759456 12.0757841239 27.6177163727 6.05 30.3813855149 5.95 30.4774851991 6.25 8.0450715499 30.7 31.2
NaN NaN NaN NaN NaN NaN NaN NaN NaN NaN NaN NaN NaN NaN NaN NaN NaN NaN NaN NaN NaN NaN NaN NaN NaN NaN NaN 18.6578339874 11.2397668798 7.7686485301 10.8801158374 10.7874258846 7.69071197 30.1047379305 5.29071197 7.9874258846 20 7.5780270252 30.2885969716 30.4240421083 12.1281824662 7.1089609265 6.5635231517 6.6393193566 6.6242242458 5.3108185325 30.7 6.7 30.6714045971 30.69071197 31.2666666667 30.6555555556 30.7716618094 30.5666666667 30.3666666667 30.1666666667 30.3666666667 8.6666666667 30.8666666667 30.2666666667 6.95 6.35 30.7033841227 7.4093499059 30.6058650915 6.75 6.45 5.75 5.85 26.2648090607 21.0060726134 8.3923526966 30.8768182948 30.3564102564
NaN NaN NaN NaN NaN NaN NaN NaN NaN NaN NaN NaN NaN NaN NaN NaN NaN NaN NaN NaN NaN NaN NaN NaN NaN NaN NaN 6.8 13.1874258846 1.9282389099 4.8282334925 30.3333333333 30.1360678439 7.3690047263 5.0120225406 NaN NaN 6.7 9.2360678439 23.2 5.2393446036 8.0721177144 12.3166666667 9.3681050248 12.4333333333 26.903030303 9.0768182948 14.4556550252 4.5134491708 11.2540925512 30.4333333333 29.89071197 30.5333333333 30.6 30.1 9.9 7.05 27.55 15.7 6.8 7.05 30.473998276 30.2578685395 30.8578339874 21.5355337841 30.8245352062 6.45 6.65 6.55 30.9380712638 16.2536979496 4.9077225718 8.5714045971 31.1644313952
