Outfile_3.asc
NCOLS 201
NROWS 151
XLLCORNER 730592.938286
YLLCORNER 2561222.529137
CELLSIZE 145.176046
NODATA_VALUE NaN
[rows 0 to 32 of 151, columns 74 to 147 of 201]
NaN NaN NaN NaN NaN NaN NaN NaN NaN NaN NaN NaN NaN NaN NaN NaN NaN NaN NaN NaN NaN NaN NaN NaN NaN NaN NaN NaN NaN NaN NaN NaN NaN NaN NaN NaN NaN NaN NaN NaN NaN NaN NaN NaN NaN NaN NaN NaN NaN NaN NaN NaN NaN NaN NaN NaN NaN NaN NaN NaN NaN NaN NaN NaN NaN NaN NaN NaN NaN NaN NaN NaN NaN NaN
NaN NaN NaN NaN NaN NaN NaN NaN NaN NaN NaN NaN NaN NaN NaN NaN NaN NaN NaN NaN NaN NaN NaN NaN NaN NaN NaN NaN NaN NaN NaN NaN NaN NaN NaN NaN NaN NaN NaN NaN NaN NaN NaN NaN NaN NaN NaN NaN NaN NaN NaN NaN NaN NaN NaN NaN NaN NaN NaN NaN NaN NaN NaN NaN NaN NaN NaN NaN NaN NaN NaN NaN NaN NaN
NaN NaN NaN NaN NaN NaN NaN NaN NaN NaN NaN NaN NaN NaN NaN NaN NaN NaN NaN NaN NaN NaN NaN NaN NaN NaN NaN NaN NaN NaN NaN NaN NaN NaN NaN NaN NaN NaN NaN NaN NaN NaN NaN NaN NaN NaN NaN NaN NaN NaN NaN NaN NaN NaN NaN NaN NaN NaN NaN NaN NaN NaN NaN NaN NaN NaN NaN NaN NaN NaN NaN NaN NaN NaN
NaN NaN NaN NaN NaN NaN NaN NaN NaN NaN NaN NaN NaN NaN NaN NaN NaN NaN NaN NaN NaN NaN NaN NaN NaN NaN NaN NaN NaN NaN NaN NaN NaN NaN NaN NaN NaN NaN NaN NaN NaN NaN NaN NaN NaN NaN NaN NaN NaN NaN NaN NaN NaN NaN NaN NaN NaN NaN NaN NaN NaN NaN NaN NaN NaN NaN NaN NaN NaN NaN NaN NaN NaN NaN
NaN NaN NaN NaN NaN NaN NaN NaN NaN NaN NaN NaN NaN NaN NaN NaN NaN NaN NaN NaN NaN NaN NaN NaN NaN NaN NaN NaN NaN NaN NaN NaN NaN NaN NaN NaN NaN NaN NaN NaN NaN NaN NaN NaN NaN NaN NaN NaN NaN NaN NaN NaN NaN NaN NaN NaN NaN NaN NaN NaN NaN NaN NaN NaN NaN NaN NaN NaN NaN NaN NaN NaN NaN NaN
NaN NaN NaN NaN NaN NaN NaN NaN NaN NaN NaN NaN NaN NaN NaN NaN NaN NaN NaN NaN NaN NaN NaN NaN NaN NaN NaN NaN NaN NaN NaN NaN NaN NaN NaN NaN NaN NaN NaN NaN NaN NaN NaN NaN NaN NaN NaN NaN NaN NaN NaN NaN NaN NaN NaN NaN NaN NaN NaN NaN NaN NaN NaN NaN NaN NaN NaN NaN NaN NaN NaN NaN NaN NaN
NaN NaN NaN NaN NaN NaN NaN NaN NaN NaN NaN NaN NaN NaN NaN NaN NaN NaN NaN NaN NaN NaN NaN NaN NaN NaN NaN NaN NaN NaN NaN NaN NaN NaN NaN NaN NaN NaN NaN NaN NaN NaN NaN NaN NaN NaN NaN NaN NaN NaN NaN NaN NaN NaN NaN NaN NaN NaN NaN NaN NaN NaN NaN NaN NaN NaN NaN NaN NaN NaN NaN NaN NaN NaN
NaN NaN NaN NaN NaN NaN NaN NaN NaN NaN NaN NaN NaN NaN NaN NaN NaN NaN NaN NaN NaN NaN NaN NaN NaN NaN NaN NaN NaN NaN NaN NaN NaN NaN NaN NaN NaN NaN NaN NaN NaN NaN NaN NaN NaN NaN NaN NaN NaN NaN NaN NaN NaN NaN NaN NaN NaN NaN NaN NaN NaN NaN NaN NaN NaN NaN NaN NaN NaN NaN NaN NaN NaN NaN
8.8 NaN NaN NaN NaN NaN NaN NaN NaN NaN NaN NaN NaN NaN NaN NaN NaN NaN 8.1 8 NaN NaN NaN NaN NaN NaN NaN NaN NaN NaN NaN NaN NaN NaN NaN NaN NaN NaN NaN NaN NaN NaN NaN NaN NaN NaN NaN NaN NaN NaN NaN NaN NaN NaN NaN NaN NaN NaN NaN NaN NaN NaN NaN NaN NaN NaN NaN NaN NaN NaN NaN NaN NaN NaN
9.4 NaN NaN NaN NaN NaN NaN NaN NaN NaN NaN NaN NaN NaN NaN NaN NaN 8 14.954 8 NaN NaN NaN NaN NaN NaN NaN NaN NaN NaN NaN NaN NaN NaN NaN NaN NaN NaN NaN NaN NaN NaN NaN NaN NaN NaN NaN NaN NaN NaN NaN NaN NaN NaN NaN NaN NaN NaN NaN NaN NaN NaN NaN NaN NaN NaN NaN NaN NaN NaN NaN NaN NaN NaN
19.914 NaN NaN NaN NaN NaN NaN NaN NaN NaN NaN NaN NaN NaN NaN 15.031 15.035 9.95 12.15 7.9 NaN NaN NaN NaN NaN NaN NaN NaN NaN NaN NaN NaN NaN NaN NaN NaN NaN NaN NaN NaN NaN NaN NaN NaN NaN NaN NaN NaN NaN NaN NaN NaN NaN NaN NaN NaN NaN NaN NaN NaN NaN NaN NaN NaN NaN NaN NaN NaN NaN NaN NaN NaN NaN NaN
9.2 NaN NaN NaN NaN NaN NaN NaN NaN NaN NaN NaN NaN 10.85 15.046 14.956 12.4 10.25 13.65 14.4 12.5 NaN NaN NaN NaN NaN NaN NaN NaN NaN NaN NaN NaN NaN NaN NaN NaN NaN NaN NaN NaN NaN NaN NaN NaN NaN NaN NaN NaN NaN NaN NaN NaN NaN NaN NaN NaN NaN NaN NaN NaN NaN NaN NaN NaN NaN NaN NaN NaN NaN NaN NaN NaN NaN
11.2 NaN NaN NaN NaN NaN NaN NaN NaN NaN 8.95 12.15 10 11.5 12.45 10.9 14.989 15.021 12.65 5.2 5.95 NaN NaN NaN NaN NaN NaN NaN NaN NaN NaN NaN NaN NaN NaN NaN NaN NaN NaN NaN NaN NaN NaN NaN NaN NaN NaN NaN NaN NaN NaN NaN NaN NaN NaN NaN NaN NaN 9 NaN 10.3 NaN NaN NaN NaN NaN NaN NaN NaN NaN NaN NaN NaN NaN
NaN NaN NaN NaN NaN NaN NaN NaN NaN NaN 13.85 15.005 14.964 10.45 15.006 12.95 14.1 10.65 10.6 10.75 10.1 NaN NaN NaN NaN NaN NaN NaN NaN NaN NaN NaN NaN NaN NaN NaN NaN NaN NaN NaN NaN NaN NaN NaN NaN NaN NaN NaN NaN NaN NaN NaN 9.9 14.981 7.95 5.9 12.85 11.6 15.067 8.55 14.972 4.8 7.5 NaN NaN NaN NaN NaN NaN NaN NaN NaN NaN NaN
NaN NaN NaN NaN NaN NaN NaN NaN NaN 14.3 15.232 15.027 15.022 14.989 14.959 13 9.15 12.75 12.15 15.007 14.985 14.984 NaN NaN NaN NaN NaN NaN NaN NaN NaN NaN NaN NaN NaN NaN NaN NaN NaN NaN NaN NaN NaN NaN NaN NaN NaN NaN NaN NaN NaN NaN 15.071 11.45 10.4 13.55 8.8 10.5 15.044 7.65 9.6 7.65 9.4 7.95 NaN NaN NaN NaN NaN NaN NaN NaN NaN NaN
8.6 NaN NaN NaN NaN NaN NaN NaN 15.121 10.8 15.013 15.019 9.6 8 11.6 11.9 9.1 15.039 13.5 10.95 15.119 5.8 NaN NaN NaN NaN NaN NaN NaN NaN NaN NaN NaN NaN NaN NaN NaN NaN NaN NaN NaN NaN NaN NaN NaN NaN NaN NaN NaN NaN NaN 11.9 10.6 15.078 11.25 10.1 15.018 15.064 15.062 11.05 13.7 11.75 8.25 7.55 NaN NaN NaN NaN NaN NaN NaN NaN NaN NaN
12.65 NaN NaN NaN NaN NaN 14.962 8.6 15.188 5.5 15.097 5.15 9 12.95 12.5 8.75 14.975 8.95 14.96 14 13.6 9.85 10.6 NaN NaN NaN NaN NaN NaN 7.95 NaN NaN NaN NaN NaN NaN NaN NaN NaN NaN NaN NaN NaN NaN NaN NaN NaN NaN NaN NaN NaN 9.85 8.25 10.65 10.55 15.01 11.9 10.65 14.958 13.3 15 7.85 7.65 9 9.75 NaN NaN NaN NaN NaN NaN NaN NaN NaN
8.7 5.8 NaN NaN 15.032 15.037 15.084 15.083 15.147 15.159 15.029 11.8 15.074 7.95 11.6 12.55 12.75 10.6 10.15 9.3 14.959 13.55 8.7 NaN NaN NaN NaN NaN NaN 2.2166666667 10.15 8.8 NaN NaN NaN NaN NaN NaN NaN NaN NaN NaN NaN NaN NaN NaN NaN NaN NaN NaN NaN 10.6 2.1 11.25 15.04 13.5 10.7 9.45 15.016 15.125 11.7 4.8118913743 8.6 7.9 7.75 NaN NaN NaN NaN NaN NaN NaN NaN NaN
8.1 9.7 17.15 11.8 19.932 15.053 15.042 15.203 15.127 15.014 15.071 11.7 9.2 14.964 12.4 9.9 9.05 12.15 9.55 12.95 8.35 9.85 4.8 11.85 7.95 NaN NaN NaN NaN 2.3203703704 6.3333333333 2.4 14.951 15.001 9 14.975 14.9 NaN NaN NaN NaN NaN NaN NaN NaN NaN NaN NaN NaN NaN NaN NaN 15.137 12 4.9 14.6 13.7 12.4 13.1 10.6 10.1 8.95 9.8 13.228511354 8.75 8 NaN NaN NaN NaN NaN NaN NaN NaN
8 5.2 5.8 20.101 9.35 14.8 15.006 11.45 9.35 13.55 10.4 13.3 14.983 8.55 10.15 14.65 9.5 9.6 13.1 15.125 9.8 8.65 14.972 8.45 8.3 9.7 10.5 5 11.95 14.85 9.35 15.002 14.966 14.979 10.95 15.116 15.024 11.35 9.1 NaN NaN NaN NaN NaN NaN NaN NaN NaN NaN NaN NaN 14.1 14.4 8.65 11.9 10 15.063 12.45 5.4257618163 12.8 10.65 14.75 7.9 10.95 5.3540925512 NaN NaN NaN NaN NaN NaN NaN NaN NaN
19.928 9.6 12.65 19.963 13.7 15.091 14 10.8 13.7 8.3 15.028 14.15 14.85 15.013 11 10.55 12.6 10.6 9.2 8.85 15.019 11.1 10.5 14.96 12.75 14.55 14.985 14.971 8.7 14.4 12.5 14.5 12.5 14.965 9 6.15 14.965 15.208 15.01 13.75 15.022 9.3 NaN NaN NaN NaN NaN 8.3 NaN 15.228 11.55 8.9 11.25 14.957 15.021 4.75 9 15.042 15.029 10.55 15.037 8.35 10 9 NaN NaN NaN NaN NaN NaN NaN NaN NaN NaN
15.15 5.2 7.2 19.971 15.096 15.056 10.35 5.9 14.6 12 10.65 12.2 11.75 10.6 15.008 8.85 9.15 9.3 10.6 15.013 9.05 12.15 7.95 14.978 15.074 15.023 11.85 11.85 10.15 9.75 2.6166666667 10.3 10.0333333333 15.0473703704 11.85 5.05 15.042 5.35 15.106 15.037 13.3 14.55 15.025 10.25 14.972 7.8 10.05 9.75 12.65 9.15 14.973 9.65 9.85 9.2 8.05 14.5 11.8 14.05 13.2 15.1 14.35 15.015 7.95 8.5 15.004 10.75 NaN NaN NaN NaN NaN NaN NaN NaN
5.35 9.8 7.7 8.9 15.059 15.11 15.082 12.1 6.5 9.9 11.45 14.4 10.55 13.2 15.01 9.6 9 11.4 5.4 15.031 9.45 8.9 14.1 9.2 12.7 10.05 12.25 8.55 11.15 6.6013641714 2.6166666667 10.2 6.8333333333 15.009 10.75 8.75 5.05 12.5 9.35 14.85 8.05 9.9 8.7 15.064 15.021 15.001 14.15 12.25 10.7 13.55 13.3 14.991 8.15 5.4789342698 8.55 2.2884487607 8.7 11.4 10.5 11.25 13.65 8 9.3 13.25 9.6 7.95 14.975 9.75 11.55 15.057 14.8 5.15 15.036 14.8
8.7 7.05 9.3 8.65 14.967 7.05 15.062 10.05 8.95 11.3 12.25 15.019 11 10.05 15.063 8.45 5.3 8.9 5.45 8.85 13.25 5.35 10.5 15.012 8.35 8.5 8.05 7.8 4.9880952381 10.5703703704 12.6 1.95 9.15 10.2513641714 11.4 8.85 7.7 5.2 4.85 4.65 4.6 12.3 15.015 10.6 15.134 11.35 14.953 14.1 9.85 9.4 10.4 10.7502805931 12.05 13.55 14.998 15.02 2.7040925512 10.75 10 12.2 9 14.45 12 11.45 12.1 8.95 14 10.45 8.95 14 12.7 15.064 13.5 14.973
8.05 7.2 7.75 7.55 8.15 7.95 9.45 8.65 10.9 15.071 9.5 10.9 10.7 14.35 14.3 14.981 15.111 11.25 11.05 6.55 14.959 7.7 8.35 11.05 8.9 7.75 15.021 14.959 12.05 12 10.8 8.25 8.9 13.3833333333 14.65 10.25 8.85 15.168 9.75 9.6 10.3 15.1009244652 14.9579137706 10.5 15.0179588438 14.985 15.023 13.1 9.15 5.1 7.1 9.6 15.001 9.5 14.9585006541 9.5 12.1333333333 8.85 2.96898463 15.034 8.95 15.03 11.5 14.953 9.35 14.35 9.4 9.15 14.966 14.951 9.1 11.45 10.55 12.2
7.1 7.95 12.2 7.75 9.75 6.3 13.1 NaN 14.952 15.026 15.098 15.196 14.3 10.35 8.9 13.35 11.05 15.079 8.75 13.4 8.25 8.45 14.951 6.323998276 15.0897777778 15.002 14.9927777778 14.9307777778 8.4 10.7 9.15 8.3 10.6 9.3 12.75 9.1064102564 9.75 13.6 9.55 10.75 9.5 11.15 5.3185127644 5.4991289 15.030142394 10.65 15.037 15.064 13.3 13.75 9.85 8.7 9.2 15.0750925512 7.3 11.8 14.7 14.7 14.15 13.8 10.2 14.954 14.995 10.6 9.1 8.6 7.55 14.973 14.2 11.25 9.3 11.35 9.75 11.45
12.4079276146 8.5 7.1 7.2 6.75 7.25 NaN 7.9 NaN 8.25 15.1252222222 15.0849342698 12.85 10.15 9.7 15.139998276 9.75 5.403030303 13.75 11.05 7.8 8.85 13.2 13.05 12.4761904762 8.65 5.9261904762 11.5761904762 11.2945644158 15.0298182626 5.847178591 8.25 2.9 5.5117382165 5.4166666667 14.9896666667 6.4714045971 10.05 10.2 10.75 15.0690664066 15.0700225406 6.1547379305 6.8404286252 6.5711282852 14.9451371761 15.1304922192 9.85 8.6289342698 14 14 12.25 7.85 15.0193333333 10.8 9.45 13.15 9.8 9.1 14.9662369137 15.015 10.2 14.955 14.955 12.3 11.05 4.95 8.1 4.65 15.007 10.95 8.85 8.45 10.55
7.75 7.55 7.3 7.9 7.3 7.2 7.05 7 NaN 7.55 6.453030303 8.4 5.8833333333 15.1563333333 14.25 15.037 10.6 10.5 10.4770461645 14.967 11.15 6.0953558739 12.7 8.9 6.1611111111 6.1111111111 6.2611111111 5.9111111111 7.1609550211 8.5012482872 7.4277777778 6.0874258846 7.7080151505 3.22568603 2.7380983798 5.6333333333 15.0720925512 7.2111111111 9.75 8.6 13.1 12.95 9.6 12.3273928005 6.6421877893 3.0166666667 5.6622501134 15.009 10.35 12.95 5.7656866083 10.4 9 7.2 8.35 8.75 8.6 15.063 9.25 10.95 10.7 5.1 10.65 14.2 10.55 14.964 8.2 8.25 10.45 8.9 11.35 8.05 11.25 14.85
9.3 8.25 8.05 14.4 7.35 7.35 7.55 7.7 7.1 6.4055555556 7.5 14.966 13.35 5.9166666667 3.1333333333 9.1 3.4611111111 8.45 15.013 13.0333333333 9.4 14.994 9.3 10.2 6.6166666667 11.9166666667 6.6166666667 6.5666666667 11.9200953027 12.5708927697 10.4120225406 15.0010453033 14.9720685946 12.8314757273 15.049057876 15.1093333333 9.15 11.8 7.65 11.4 11.4325157082 9.2 8.45 15.038 15.1575575791 14.9653333333 14.977511354 10.4 2.297996552 2.6585207206 2.9482350545 8.85 15.0703623108 7.8 7.25 7.75 2.2532369137 10.45 9.65 14.965 5.3 15.016 1.9 9.95 14.993 10.5 15.019 12.2 9.4 1.75 8.3 15 10.7 1.6
20.11071197 8.85 17.2 14.1 8.6 15.0036666667 7.75 7.4 6.75 15.0363333333 12.3833333333 9.55 12.9 5.4 15.053 14.987 15.0646666667 15.078 12.8 8.05 11.75 8.75 9.45 14.9575555556 5.5761904762 5.9261904762 5.5261904762 5.2761904762 15.0519522925 6.9397640738 14.9685602819 14.9947379305 7.8 14.4112105808 3.0055555556 9.65 11.75 9.2 9.25 12.3523689097 10.2036979496 8.7 7.95 2.4100148419 9.45 2.9745006541 15.0496666667 15.081 14.954 12.15 6.2159705015 15.068708522 6.7 8.05 2.2737619586 10.35 9.6 11.55 13.05 12.35 14.967 4.95 12.6 12.45 8.6 14.988 14.954 15.137 12.3 10.4 10.6 8.65 5.15 NaN
18.6666666667 3.2611111111 8.05 15.0901111111 7.65 15.0131111111 7.15 14.9231111111 14.9975006541 7.2 10.7333333333 9.5 6.0084518793 11.5 15.025 13.2 5.9761904762 15.133 14.96 15.045 14.9881050248 8.8 11.7094922192 12.45 13.25 5.1777777778 5.7277777778 6.5777777778 2.3277777778 6.8117382165 11.8458969948 13.6351191813 13.621584533 9.467305074 15.046030303 7.8 15.045 12.1 8 14.853030303 10.0797798013 15.0204285714 7.75 5.8637297639 5.2768601941 5.4634491708 6.1770461645 6.6453558739 8.8 15.008 15.0366892072 15.02471197 14.9477204931 8.05 9.4 9.55 4.85 5.1 13.25 15.037 13.55 10.1 5.15 5.55 11.65 10.35 10.7 13.45 14.957 9.55 13.2 9.6 14.956 11.8
6.65 6.9 7.2 2.7666666667 6.45 2.7166666667 7 7.85 8.25 9 8.45 8.2 7.95 11.25 11.95 8.75 14.9847858837 8.6 9.7 8.9 9.25 10.95 4.8147188482 14.9093333333 5.5521130107 5.1 5.9 4.9 6.1194840324 11.95 9.15 15.0602609479 5.6555555556 15.064030303 13.4583333333 14.9793333333 14.9113333333 10.8 11.9 15.0967777778 14.6261904762 9.2 7.7 15.119 5.2777777778 5.0635231517 4.9594922192 8.8 9.95 10.3068038428 15.1 10.7 15.1322373727 9.55 6.7753443262 9.15 11.25 13.05 8.75 12.3 12.6 8.05 10.05 15.011 15.051 11.45 11.8 14.25 10.6 15.047 12.85 10.65 4.9 7.85
7.8 6.95 7.3 7.15 6.45 6.2 6.75 8.85 11.1 7.45 8.55 7.6 7.4 10.45 11.95 13.35 15.1191130107 8.05 14.954 11.05 14.951 4.85 4.8 5.05 5 5.2 6.05 6 6.2277777778 6.8261904762 10.15 7.8 14.9569040394 6.4923526966 2.1047650464 7.9 15.002 5.2618913743 15.0183333333 14.3634491708 7.6 14.9736666667 14.9601111111 9 5.7277777778 14.98 1.9722222222 10.1594922192 6.7889532194 7.7853397564 14.3797003671 8.75 7.65 8.45 7.2 11.55 7.85 5.1 13.9 14.4 15.077 11.7 12.75 9.7 12.15 11.4 15.018 15.052 15.047 15.018 13.45 15.074 15.055 9.6
