Outfile_5.asc
NCOLS 201
NROWS 151
XLLCORNER 730592.938286
YLLCORNER 2561222.529137
CELLSIZE 145.176046
NODATA_VALUE NaN
[rows 40 to 79 of 151, columns 89 to 177 of 201]
30.55 30.45 30.35 12.75 12.65 7.65 30.45 7.95 27.1 30.5 7.15 30.3 7.75 7.65 6.95 26.9 7.15 30.6 30.2 16.8 30.5 30.3 30.3 30.7 30.2 6.85 7.25 30.7 30.5 30.6 30.7 31.2 30.1 7.9 27.8 7.4 7 30.7 7.2 30.7 7.3 7.3 7 9.9 30.4 19.4 7.3 7.1 7 9.6 7.3 6.7 NaN NaN 7.2 30.6 31 12.8 30.5 30.5 12.2 30.5 NaN NaN NaN NaN NaN NaN NaN NaN NaN NaN NaN NaN NaN NaN NaN NaN NaN NaN NaN NaN NaN NaN NaN NaN NaN NaN NaN
7.85 10.35 12.55 6.55 9.75 25.25 10.15 7.05 6.75 NaN 30.8 7.7 30.6 9.75 7.35 30.6 30.1 30.2 18.4 30.5 30.4 7.15 30.4 30.5 30.2 30.6 30.6 30.8 30.8 30.5 7.5 7.6 12.7 30.9 6.6 7.3 7 7.2 7.4 7.2 7.1 30.7 7.2 6.9 30.7 9.8 9.7 6.8 6.4 6.5 7.4 7.1 7 6.9 27.5 30.5 9.8 6.9 30.5 6.7 30.8 30.4 NaN NaN NaN NaN NaN NaN NaN NaN NaN NaN NaN NaN NaN NaN NaN NaN NaN NaN NaN NaN NaN NaN NaN NaN NaN NaN NaN
7.25 30.6 7.05 6.95 6.95 6.65 6.55 25.05 7.05 7.45 10.3 25.3 30.6 30.4 6.45 6.95 30.4 30.4 30.8 31 30.3 30.8 30.4 18.1 25.7 30.2 30.3 30.5 30.3 30.4 30.4 30.6 30.2 7.3 27.3 7.1 7.2 7.5 7.4 6.9 9.6 7.1 7.1 7.3 15 30.6 7.1 7.3 7.4 7.2 30.8 7.2 30.7 30.4 30.8 30.6 30.9 14.5 19.7 15.1 30.9 7.2 NaN NaN NaN NaN NaN NaN NaN NaN NaN NaN NaN NaN NaN NaN NaN NaN NaN NaN NaN NaN NaN NaN NaN NaN NaN NaN NaN
6.65 6.95 30.4 6.95 9.75 7.25 7.15 7.35 7.75 9.95 6.75 7.7 7.05 30.5 30.4 30.8 30.6 30.8 22.1 30.7 23.9 30.1 30.6 26.7 30.1 6.85 30.3 30.4 30.2 30.3 30.5 7.1 30.3 6.55 6.55 7.35 7.45 12.55 7.65 12.55 9.7 7.4 30.4 6.9 30.3 7.1 7.1 9.8 7.2 7.4 7.4 30.7 6.8 30.6 14.3 11.8 6.6 7 10.5 6.4 30.6 30.3 30.4 NaN NaN NaN NaN NaN NaN NaN NaN NaN NaN NaN NaN NaN NaN NaN NaN NaN NaN NaN NaN NaN NaN NaN NaN NaN NaN
6.55 6.75 6.85 6.65 7.55 19.5 10.8 12.15 7.55 7.15 7.15 10.3 7.3 31 30.6 30.3 12.25 7.35 30.6 6.85 30.55 30.5 30.4 30.3 30.4 23.1 30.4 30.5 30.6 7.35 12.55 30.6 30.4 6.35 6.45 6.75 30.7 7.05 27.65 9.75 7.05 7.2 7 30.3 30.4 9.7 30.4 7 7 6.9 7.3 16.3 30.3 7.1 6.3 6.9 6.6 14.7 30.8 6.6 7.8 13 30.9 10.2 NaN NaN NaN NaN NaN NaN NaN NaN NaN NaN NaN NaN NaN NaN NaN NaN NaN NaN NaN NaN NaN NaN NaN NaN NaN
6.85 6.75 6.35 6.75 30.3 6.95 6.95 8.1 9.65 6.95 9.75 7.45 30.2 30.7 30.8 30.4 7.05 7.25 7.45 7.15 30.7 7.25 6.95 30.6 30.4 6.75 30.8 30.5 7.05 30.5 7.25 7.25 6.55 30.5 30.3 6.65 30.7 30.6 7.25 17.65 7.25 7.25 7 7.4 30.3 7.2 19.8 6.8 6.5 17.8 6.6 6.5 6.7 10.1 7 6.8 6.7 27.6 12.4 30.2 24.8 16.3 30.9 30.4 30.6 NaN NaN NaN NaN NaN NaN NaN NaN NaN NaN NaN NaN NaN NaN NaN NaN NaN NaN NaN NaN NaN NaN NaN NaN
6.85 6.55 5.3 6.85 7.05 6.85 7.25 9.5 15.15 7.35 7.05 30.7 30.6 31 30.7 30.6 26.3 15.6 30.6 6.45 7.15 7.05 6.75 6.65 30.2 30.3 30.5 30.3 30.4 15.05 30.45 19.85 6.55 7.05 6.85 30.6 6.65 30.7 15.05 7.45 7.45 7.25 7.25 6.8 6.7 31.3 17.3 6.6 6.6 13.1 30.3 30.4 30.5 30.6 6.6 7.1 9.8 21.7 6.9 3.9 8.7 1.4 30.5 30.3 31 30.6 NaN NaN NaN NaN NaN NaN NaN NaN NaN NaN NaN NaN NaN NaN NaN NaN NaN NaN NaN NaN NaN NaN NaN
6.45 6.55 6.75 7.15 6.75 30.9 9.65 7.35 7.1 30.5 30.8 7.9 30.3 30.9 30.2 9.2 13.3 30.6 30.7 30.6 14.3 30.6 30.2 30.2 30.3 30.5 30.6 30.4 30.4 30.3 30.3 6.55 6.65 30.5 30.8 30.5 30.6 7.05 30.7 7.45 20.15 7.75 7.65 6.5 30.4 6.9 30.4 30.5 22.8 30.4 30.6 18.8 30.5 30.9 30.2 30.5 30.6 29.7 30.6 26.6 15 6.7 6.5 30.5 6.7 31 6.6 NaN NaN NaN NaN NaN NaN NaN NaN NaN NaN NaN NaN NaN NaN NaN NaN NaN NaN NaN NaN NaN NaN
30.3 6.75 17.9 30.5 29.8 30.6 13 23 6.9 7.2 11.5 7.6 30.4 30.7 30.9 30.3 17.8 30.7 30.8 30.6 6.35 6.35 31 30 30.3 30.5 30.5 30.9 30.8 30.6 24.85 6.85 7.05 30.4 6.65 6.55 7.25 7.45 6.95 7.05 30.25 30.15 30.6 30.2 30.2 30.4 30.3 30.7 12.3 18.4 30.6 30.9 28.9 11.9 30.5 30.4 30.4 7.4 22.8 1.4 7.8 23.7 27.9 30.4 6.5 30.3 30.9 6.8 NaN NaN NaN NaN NaN NaN NaN NaN NaN NaN NaN NaN NaN NaN NaN NaN NaN NaN NaN NaN NaN
6.15 5.65 6.35 8.2 30.5 30.4 30.8 30.4 9.9 6.5 3.9 4.5 3.4 30.2 30.8 31 13.9 30.4 30.2 30.5 6.15 6.45 30.6 30.2 30.4 30.5 30.5 30.6 6.95 6.95 30.3 30.1 9.65 6.95 6.85 14.65 7.05 30.5 7.25 30.5 12.45 30.7 30.3 30.3 21.8 30.6 6.9 15.1 6.9 10.1 7.3 6.9 6.9 30.5 30.6 30.4 29.5 30.7 4.3 30.4 30.6 30.7 7 16.8 11.8 30.8 30.3 7 NaN NaN NaN NaN NaN NaN NaN NaN NaN NaN NaN NaN NaN NaN NaN NaN NaN NaN 18.1 30.4 30.5
5.95 30.7 20.1 6.05 30.8 17.8 6.3 30.7 31 6.3 6.3 4.1 9.8 19 13.5 30.7 30.2 20.7 30.3 30.8 30.5 6.45 30.3 30.5 6.55 30.5 6.95 7.05 6.95 7.15 30.2 30.2 6.95 7.05 30.6 7.25 30.4 30.1 30.6 30.4 30.4 30.7 30.7 30.4 30.3 30.6 7 7 6.8 28.5 7.2 7.2 7.2 6.7 30.2 30.5 7.3 7 30.7 6.5 30.6 30.7 30.4 6.6 6.7 9.8 14.8 7.4 7 NaN NaN NaN NaN NaN NaN NaN NaN NaN NaN NaN NaN NaN NaN NaN 7.8 11.9 31 12.55 7.65
6.45 6.85 30.7 30.7 30.9 8.2 30.7 6.8 30.6 30.6 30.8 1.7 7 5.9 16.3 31 30.6 31 18.1 30.2 30.9 30.8 30.8 30.5 30.6 30.4 30.7 7.25 7.05 6.95 6.85 6.35 30.6 6.75 30.8 30.9 30.4 30.3 30.5 30.4 30.4 30.7 30.6 30.3 30.5 30.7 6.8 6.8 7 11.5 30.9 9.8 10.1 9.9 30.6 30.1 6.7 6.7 30.6 30.6 22.6 26.8 30 6.4 30.5 30.5 7.1 21.7 7.1 6.6 NaN NaN NaN NaN NaN NaN NaN NaN NaN NaN NaN NaN NaN NaN NaN 26.8 7.95 30.55 30.25
30.8 6.25 30.8 30.2 6.4 20.6 30.5 30.7 7 2.1 4.1 3.8 30.6 26.9 30.5 31 30.6 30.4 31 7 30.6 30.4 30.7 30.5 30.5 18.6 30.2 30.4 30.6 6.45 30.6 30.6 30.3 30.5 30.9 31.1 30.8 30.5 30.8 30.5 30.7 30.6 30.4 30.7 30.2 6.6 6.6 30.4 6.6 30.1 16.8 7 7 19.9 7.4 6.8 30.6 4.4 30.2 31.3 30.8 6.8 9.7 30.5 24.4 30.3 7 9.7 6.5 7 NaN NaN NaN NaN NaN NaN NaN NaN NaN NaN NaN NaN NaN NaN NaN 7.55 8.05 22.95 8.05
30.1 30.4 30.5 30.7 30.2 30.3 30.4 30.9 9.2 6.7 18.9 9.2 6.5 6 12.5 28.8 30.7 15.6 6.6 6.9 30.2 30.7 30.8 31.5 30.8 10.05 9.85 31 31.1 31 30.4 30.3 6.35 6.05 30.8 30.5 24.2 6.15 30.6 30.3 30.3 30.4 30.5 30.6 27.3 30.3 13.6 13.7 6 30.1 16.7 30.3 6.5 30.5 30.3 6.6 30.4 9.3 30.2 30.7 30.7 30.7 30.6 30.8 30.1 30.7 30.4 6.5 6.8 6.95 7.05 NaN NaN NaN NaN NaN 6.45 NaN NaN NaN NaN NaN NaN NaN 10.25 30.65 10.15 7.65 7.55
30.5 30.5 30.6 10.4 25.7 30.8 1.5 5.4 24.2 16.7 4 11.7 8.9 6.5 4.3 16.5 30.8 8.1 23 19.8 12.5 31 29.4 30.4 30.4 30.8 30.4 30.7 30.4 27.1 6.65 7.25 30.5 31.1 31.1 30.8 30.4 30.4 30.5 30.6 30.1 30.4 30.7 30.6 30.6 30.4 18.7 6.2 30.4 29.9 30.1 25.3 6.6 4.3 30.5 4 16.8 30.2 30.5 5.8 30.7 31.1 30.5 30.8 30.5 6.5 30.5 9.6 6.55 7.25 12.7 6.95 13.35 7.15 6.85 6.85 6.55 NaN NaN NaN NaN NaN NaN 4 7.95 7.45 7.75 22.85 7.75
6.15 30.3 30.8 6.05 30.8 6.7 30.6 18.1 30.5 12.7 1.4 4.5 14.2 14.8 1.4 30.1 23.7 6.2 5.4 10.8 15.5 30.3 31.2 22.5 30.5 30.5 6.95 31 30.6 30.4 30.6 6.85 6.85 30.3 30.7 6.75 30.4 6 30.7 30.3 30.5 30.5 30.6 6.4 6.6 30.7 30.6 6.5 30.5 30.8 30.5 22.6 6.5 6.8 6.8 6.9 30.8 7.2 24.7 6.4 30.7 30.6 6.7 31 31.2 6.9 6.9 6.55 30.8 30.1 7.05 7.25 7.15 6.95 6.75 6.35 6.85 NaN NaN NaN NaN NaN NaN 30.95 10.15 7.65 7.45 7.35 7.85
5.95 17.4 10.5 30.4 31.3 31 7.4 NaN 3.8 6.7 NaN 5 5.85 5.45 6.4 3.6 30.6 10.9 3.3 30.5 30.9 12.8 30.6 30.3 14.9 30.7 7.05 30.7 30.4 6.65 6.85 30.3 6.55 30.7 30.3 6.95 30.4 6 30.4 30.1 30.3 30.3 24.9 17.7 30.5 30.8 30.5 30.5 30.8 20.3 30.6 12.1 6.6 30.4 30.5 30.3 30.4 30.5 9.5 30.3 30.7 31.2 30.8 30.3 6.8 6.5 6.5 22.25 30.6 30.7 30.05 30.3 30.8 6.85 6.55 7.05 6.75 NaN NaN NaN NaN NaN 25.15 9.95 6.95 7.55 14.1 30.65 7.55
6.85 6.05 6.95 30.8 30.9 30.6 31.2 30.8 30.6 4 5.6 30.4 1.2 30.4 1.4 23.9 3.8 24.4 30.5 30.4 23.3 30.6 31.1 31 10.4 23.7 30.6 31.3 30.2 30.6 15.1 30.2 29.3 30.6 30.8 7.25 30.5 30.3 30.6 30.6 30.5 6.2 30.7 30.2 16.4 30.5 21 6 5.8 30.1 19.4 6.5 6.2 6.2 6.6 30.6 17.1 30.6 31.2 30.4 30.3 17.7 31 30.6 30.6 30.8 31.3 9.55 30.7 6.65 7.05 6.95 6.75 6.85 7.05 7.05 6.85 NaN NaN NaN NaN 9.85 7.65 7.2 7.35 30.4 30.8 17.75 7.85
30.5 6.65 30.9 17.4 28.1 22.4 31.1 30.1 30.6 5.1 3.7 1.4 30.6 13.9 14 4 6.5 19.1 26.5 5.8 16.3 30.5 13.1 30.5 30.4 30.8 30.9 31.3 7.05 30.7 30.6 30.8 22.7 30.5 30.4 30.6 30.5 30.6 30.4 25.8 25.3 6.4 6.3 6.3 30.6 30.5 6.6 30.7 12.6 22.6 30.3 30.5 6.4 30.7 30.4 30.7 30.8 29.9 30.8 4.4 30.5 30.5 6.8 7 30.7 30.3 6.4 16.9 6.35 16.9 6.55 6.35 6.65 21.9 6.35 6.65 18.9 NaN NaN NaN 7.25 30.45 6.95 31 7.65 7.05 14.85 7.25 6.5
17.8 6.35 6.85 7.5 12.4 14.8 9.3 1.2 30.3 3.9 1.4 1.3 4 30.3 1.6 6.5 9.1 30.6 18.8 1.4 8.9 22.4 30.5 30.8 30.5 30.8 30.8 30.4 30.6 30.5 30.9 30.5 30.4 23.4 30.2 30.8 30.7 30.5 30.4 16.2 6 6.1 6 6 6.1 6.3 6.5 11.9 14.4 6.5 30.9 7.1 30.4 31.2 6.3 7 4.5 7.2 12 6.9 6.9 30.5 31 30.3 30.7 30.4 14.9 6.2 30.9 30.3 30.5 6.75 30.6 30.7 6.95 6.65 NaN NaN NaN 27.5 31.5 31.3 31 30.7 31.1 9.5 7.65 30.5 30.6
6.35 27.5 30.3 17.5 31 14.2 30.4 30.6 9.7 3.9 1.3 30.4 1.6 9 6.6 30.3 3.8 1.2 4 1 6.5 4 30.4 7.75 30.8 30.5 30.5 31 30.8 30.2 7.2 30.3 30.6 29.1 30.7 31 30.6 30.5 30.5 30.5 30.2 6.3 6.4 6.5 30.5 30.7 6.3 8 30.5 30.8 30.2 30.4 30.9 6.6 14.4 30.5 30.6 30.5 16.9 12 7 13 30.8 30.7 14.9 6 6.2 31.1 30.2 30.6 30.5 30.3 6.05 6.45 6.45 6.85 6.45 NaN NaN 19.7 9.65 30.25 7.45 7.15 31.3 27.55 19 7.75 21.7
NaN 6.65 7.4 17.5 NaN 30.6 29.3 31.5 31 30.4 30.5 3.9 30.4 3.8 4 19.1 1.6 30.4 11.5 3.9 30.6 14.3 30.5 30.9 30.8 30.7 30.4 30.8 30.6 30.9 30.7 30.5 31 24.6 14.2 30.5 12 30.3 30.9 31 6.9 6.4 6.2 6.3 6.3 30.5 25.7 30.8 9.6 24.7 6.3 3.9 6.1 5.2 7.8 30.2 8 17.7 30.5 30.2 4.6 6.7 20.6 13.3 18 30.1 6.5 25.1 6 30.6 14.9 30.5 5.95 11.9 30.5 6.25 NaN 6.65 6.95 12.3 7.25 12.65 30.8 7.35 5.2 14.3 17.3 7.55 30.4
NaN NaN NaN NaN NaN NaN NaN 6.85 1.6 9.3 6.9 12 4.3 14.2 1.3 6.2 15 26.7 30.8 30.4 30.2 30.65 7.85 15.5 19.2 6 8.3 22.3 30.5 30.6 31.2 30.8 19.3 6.55 30.5 30.6 30.4 17.4 30.7 7.4 6.8 7 30.8 6.7 6.1 30.4 6.2 14.9 30.7 22 3.8 4.3 3.7 30.2 30.6 6.3 30.4 30.5 6.7 6.1 6 30.7 6.3 6.5 6.5 22.2 24.9 25.1 30.4 5.3 28.1 6.65 30.4 11.9 4.2 4.1 6.25 7.35 31.2 22.4 31.3 15.25 31.1 30.35 30.8 7.35 30.4 15.45 30.45
NaN NaN NaN NaN NaN NaN NaN NaN NaN 6.65 29.4 30.8 4.1 19.1 14 30.4 3.8 30.6 30.3 11.9 11.8 7.55 30.4 3.9 14.3 9.1 30.1 11.5 8.4 17.3 30.2 31.2 31 30.2 21.8 30.7 25.3 30.4 12.5 30.6 6.7 6.7 31 6.8 31.3 6.4 5.9 5.9 3.9 11.6 30.3 5.5 18.7 6 30.5 6.3 17.9 7.3 30.5 30.4 6.6 6.2 6.4 6.2 6.3 10.4 25 30.5 17.2 30.3 6.75 30.5 7.15 30.4 7.7 4 30.4 30.5 31 31 30.4 30.6 10.05 15.25 30.2 10.45 20.05 30.75 27.85
NaN NaN NaN NaN NaN NaN NaN NaN NaN NaN NaN NaN 27.2 9.4 8.8 6.7 30.1 6.9 4.6 30.8 4 7.35 30.5 6.8 30.6 26.6 30.1 6.5 30.7 26.5 8.2 30.4 6.95 9.8 30.3 9.9 30.8 30.7 31 30.6 9.8 14.1 20.4 30.9 10.5 6 5.9 30.9 14.1 4.3 6.6 6.3 5.9 6.3 30.4 5.2 7.8 12.8 14.9 7 17.2 6.7 6.9 17.5 30.6 6.5 30.5 30.7 19 9.2 6.7 6.95 22 30.8 30.9 17.5 30.8 30.7 10.15 15.9 7.35 9.85 31.4 27.6 8.05 30.2 30.4 30.55 10.15
NaN NaN NaN NaN NaN NaN NaN NaN NaN NaN NaN NaN 6.75 1.4 16.3 1.1 3.7 9 30.6 30.6 NaN NaN 6.55 30.9 30.5 11.7 7.3 30.3 14.3 17.1 6.6 30.7 30.5 30.4 30.2 30.8 15.7 30.4 7.8 14.7 17.4 7.3 7 7.9 30.1 7.2 9.5 6.8 30.5 30.8 30.6 6.6 6.7 6.2 3.7 7.8 9.5 30.2 7.1 30.5 15 30.2 30.4 5.2 6.6 6.9 15.2 7.7 7.2 27.9 21.3 7.5 6.65 6.95 30.4 30.9 8.1 30.6 31.3 30.15 31.1 7.45 30.55 10.2 30.2 17.95 7.15 7.75 18.15
NaN NaN NaN NaN NaN NaN NaN NaN NaN NaN NaN NaN 6.25 1.1 9.1 1.1 3.6 1.2 3.9 NaN NaN NaN NaN NaN 17 30.9 24 30.4 30.4 6.8 30.6 4.1 30.8 8 30.6 12.4 6 5.3 28.8 30.4 10.3 30.5 7.1 9.7 30.5 12.4 30.3 6.8 7.1 7.3 7.1 7.2 9.8 15.4 10.3 9.4 30.3 4.3 5.4 30.4 30.5 14.6 12.2 5.2 24.3 30.1 4.2 13.7 30.3 3.7 9.1 6.55 30.5 30.4 6.75 30.5 31 30.6 30.6 30.9 12.35 7.25 30.35 7.35 30.7 30.9 30.35 30.45 30.9
NaN NaN NaN NaN NaN NaN NaN NaN NaN NaN NaN 3.8 5.95 9.3 3.6 9.5 6.25 6.05 NaN NaN NaN 9.75 7.15 30.3 30.5 30.5 11.6 14.3 3.8 6.2 30.5 30.3 29.2 30.8 5.4 6.85 30.4 27 30.8 31 30.5 10.3 15.3 7.3 7.2 7.1 30.6 7.6 9.7 7.3 12.5 7.1 6.9 6.9 6.9 6.8 6.9 30.5 7.2 6.5 9.7 3.7 30.6 30.2 4.2 6.7 14.3 6.4 1.3 21.9 5.3 6.7 30.5 10 30.3 6.45 31 30.6 30.8 31.4 7.25 30.3 7.65 7.25 30.9 7.2 7.9 10.3 7.9
NaN NaN NaN NaN NaN NaN NaN NaN NaN NaN 30.5 30.6 NaN NaN NaN 5.95 5.95 NaN NaN NaN NaN 6.45 7.75 30.15 30.3 6.6 30.5 30.1 6.6 6.7 30.4 30.1 30.3 30.5 8.1 30.5 7.8 5.4 20.4 18 30.5 30.4 15 7.3 8 9.7 7.1 7.1 7.3 7 12.3 7.3 6.9 7 6.7 6.9 12 6.9 7.1 7.2 30.5 30.4 12 30.8 1.4 6.8 26.7 21.7 6.7 6.3 6.6 6.2 6.85 30.4 30.7 30.5 30.2 10.45 30.6 30.6 30.2 14.2 30.3 7.6 7.4 29.6 20.1 6.9 30.1
NaN NaN NaN NaN NaN NaN NaN NaN NaN 31.1 7.35 31.2 30.6 6.55 NaN NaN NaN NaN NaN NaN 6.55 30.5 24.9 4.3 6.5 19.6 29.3 1.3 14.5 30.8 4.3 30.4 6.55 30.4 6.65 12.45 30.5 20.4 30.5 30.6 9.7 7.7 7.7 7.4 7.1 20 7.2 7.2 7.3 7.3 7 7.2 7.1 7.3 7.2 24.4 7 6.5 24.1 30.6 30.3 7.4 30.7 6.5 9.3 6.6 6.8 6.6 6.8 6.6 7 7.2 30.2 30.9 30.4 31 25.95 7.85 31.2 17.9 30.2 30.5 28.7 7.8 7.7 30.6 7.1 7.1 7.7
NaN NaN NaN NaN NaN NaN NaN NaN 19.7 30.8 6.95 6.6 15 6.45 30.6 6.35 NaN NaN NaN NaN 6.25 6.05 4.3 5.15 30.5 9 4.4 30.5 22.9 30.3 7.15 7.35 5.15 5.25 5.25 5.45 9.4 13 30.8 25.5 19.4 30.5 30.2 7 22.8 7.4 30.35 7.35 7.75 17.35 6.8 17.3 6.9 5.4 7.1 30.5 6.8 6.6 1.3 6.8 16.7 30.8 9.2 30.2 7 6.6 7.4 6.7 6.9 9.8 24.2 6.9 30.1 7.2 7 31 30.4 25.9 7.7 30.6 30.3 30.9 7.9 30.1 7.6 9.9 9.9 12.1 30.9
NaN NaN NaN NaN NaN NaN NaN 30.4 6.85 9 30.9 30.4 5.75 5.6 6.55 12.4 5.85 NaN NaN 6.15 19.4 6.25 5.05 5.15 5.05 4.95 5.05 5.25 5.85 7.2 5.85 5.95 5.15 30.4 4.35 4.55 8 22 6.6 6.25 6.35 6.9 7.2 6.9 11.9 20.15 12.35 10.05 7.35 9.95 6.6 6.7 7.3 6.9 9.4 1 6.9 1 3.6 6.9 3.8 14.4 30.8 6.6 NaN 13.9 7 9.8 6.9 22.6 5.3 6.8 31.2 6.9 22.7 31.5 7.5 30.5 31.3 30.8 15.7 30.8 7.2 7.5 30.6 30.9 23.1 12.7 30.5
NaN NaN NaN NaN NaN 1.2 6.55 6.95 30.8 6.35 6.65 6.65 6.05 6.15 5.95 30.5 NaN NaN 6.05 30.4 5.55 14.2 5.15 5.05 5.05 30.6 22.5 5.15 6.35 5.65 5.85 5.85 16.7 6.15 24.2 30.5 17.5 30.5 3.9 30.6 6.45 6.25 7.45 7.45 7.35 12.55 9.95 7.45 9.95 14.55 6.85 6.9 6.5 7.4 7 6.4 1.2 1 3.7 11.9 3.7 7 7.2 7 9.7 30.2 6.6 30.5 7.3 6.8 7.8 7.5 18.3 30.1 30.4 7.1 6.8 6.2 30.2 30.7 6.2 7.1 7.4 7.1 30.8 20.8 10.8 30.6 28
NaN NaN 6.45 13.9 9.2 7.7 6.75 6.85 6.65 13.1 30.6 15.5 30.7 5.75 7.8 NaN 6.25 6.55 17.3 5.85 3.7 5.65 5.75 6.15 5.85 5.95 5.85 6.35 6.35 5.75 9.7 5.85 5.75 5.95 13.2 15.4 30.4 7 1.3 5 5.3 7.8 9.85 7.55 7.05 9.55 7.15 22.8 7.45 7.15 7.05 6.85 5.3 6.6 24.5 19.2 3.6 3.9 9.1 11.8 30.5 25.4 6.9 14.3 31.2 7.1 7 7.9 6.9 7.1 20.5 28 23.4 31.1 8 12.5 1.5 6.3 30.2 30.5 16.9 30.6 12.7 30.9 30.9 16 8.1 30.3 26
30.1 16.7 5.75 30.7 6.65 5.65 30.4 6.65 7 5.3 6.25 9.4 9.3 5.25 5.05 6.15 6.15 5.85 5.75 5.65 5.75 6.05 6.8 6.05 5.85 5.95 5.95 6.05 6.25 6.15 30.5 5.85 5.85 30.6 22.5 30.5 20.6 10.4 6.85 5.1 5 5.3 30.25 30.6 30.25 7.05 7.05 7.15 30.5 7.45 6.95 7.35 7.35 7.45 30.5 30.5 30.6 4 1.1 4.2 14.6 23.2 13.4 16 30.4 30.4 16.7 30.5 7.1 10.2 7.7 30.6 30.5 18.5 20.4 7.1 31 30.6 30.3 6.4 30.5 29.7 31.1 7 30.5 13.7 30.9 30.8 31
5.7 5.7 20.1 6.25 22.4 30.2 30.3 5.1 6.35 9.4 20.2 25.4 5.25 16.5 30.6 5.65 3.7 5.75 5.85 30.3 6.25 12.9 11.8 30.2 6.05 6.25 6.35 6.55 25.8 6.55 6.25 30.4 30.5 30.4 22 16.7 5.3 18.9 4.3 30.4 5.1 7.9 30.7 28.2 18.1 30.45 12.35 7.45 30.35 7.25 10.05 1.2 30.6 7.15 12.95 7 30.6 30.5 16.5 21.4 30.2 7.2 7.3 7.4 19.7 30.6 6.9 6.6 7.1 30.7 7.9 30.4 30.5 30.7 7.6 30.8 30.4 30.4 12.5 30.5 23.3 31.3 30.9 15.2 15.8 31.1 30.6 25.8 30.7
5.7 18.3 5.75 6.05 30.3 5.85 30.5 6.05 30.7 17.7 12.7 7.1 26.7 5.65 14.6 3.9 13.8 3.7 30.5 3.9 5.95 5.95 20.4 7.7 11.4 6.05 6.35 30.1 6.25 6.05 9.9 6.15 9.9 5 14.4 30.6 5.1 7.8 30.5 7.9 10.5 8.1 30.7 10.6 30.1 7.45 7.75 30.35 12.35 7.55 7 30.6 7.85 30.5 30.5 30.75 6.8 1.2 3.8 7.1 30.8 7.3 31.1 30.4 7.7 29.2 6.6 9.9 10.6 9.6 7.7 30.5 30.5 20.3 30.9 18.2 30.8 30.4 30.3 30.1 8.1 30.9 31.2 7 30.2 15.4 12.5 8.2 18.6
15.4 30.8 5.75 30.3 5.75 6.15 30.6 6.35 22.9 12.6 3.7 19.3 3.9 30.6 14.3 1 9 1.3 21.6 6.15 6.95 6.35 6.15 19.3 24 6.15 6.35 22 6.7 6.25 4.3 1.1 30.7 30.4 30.4 6.05 29.2 5.4 30.3 6.8 10.3 30.8 30.5 30.2 30.5 7.25 10 7.75 15.6 7.75 5.3 10.15 10.25 7.55 10.05 5.5 30.4 6.5 4.5 7.5 31.2 7.5 30.9 9.7 7 6 9.7 7.5 7.5 30.4 30.1 28 30.6 8.1 30.9 31 30.9 25.7 10.7 13.1 30.4 31.2 30.5 30.3 30.8 7.9 7.9 14.5 30.9
6.6 5.7 5.65 6.45 5.75 30.5 6.75 30.5 18 3.8 7.7 30.1 30.4 4 30.5 8.9 6.25 5.75 5.75 5.95 5.65 5.75 5.95 30.4 30.5 30.7 30.8 6.65 6.45 6.55 5.4 5.95 7.8 6.05 30.5 6.95 30.3 7.8 7.7 30.5 5.8 30.8 29.6 10.7 5.4 30.3 7.55 30.45 30.55 30.3 15.55 30.65 10 7.95 8.05 18.45 7.5 12.5 31 30.1 30.5 7.3 7.3 12.4 3.3 6.8 7.1 7.5 30.1 31.1 8.2 30.5 10.5 30.5 7.9 30.6 30.4 12.8 30.6 30.5 31.1 7.3 30.5 30.5 7.5 10.6 30.3 30.4 31
23.1 6 6.45 21.9 6.65 14.3 30.7 31.2 6.7 30.5 30.3 11.8 30.2 4.5 11.5 29.1 7.1 4 5.55 6.05 6.15 15.2 6.65 6.05 6.25 30.6 21.7 30 11.9 6.7 6.9 5.75 5.65 21.8 30.6 30.5 30.5 15.2 15.2 24.8 6.8 30.2 20.8 7.8 6.45 30.2 6.55 7.45 1.7 7.65 7.55 30.4 1.4 7.95 12.75 10.55 7.2 30.6 30.6 7.4 7.1 7 7.4 6.9 6.9 7 30.4 12.5 7.4 18.2 12.9 7.7 8 7.8 13.3 10.2 30.4 30.8 13.2 31.3 13.2 30.8 22.8 31 8 8.2 15 13.2 30.7
