Outfile_2.asc
NCOLS 201
NROWS 151
XLLCORNER 733748.947016
YLLCORNER 2561541.418206
CELLSIZE 137.483444
NODATA_VALUE NaN
[rows 80 to 119 of 151, columns 90 to 179 of 201]
6.5 8 15 6.4 6.6 6.3 5.4 5.6 5.1 5.2 5.4 5.2 5.6 3.3 10.1 5.4 5.1 10.9 5.2 30.3 30.3 5.4 1.2 6.4 11.3 7.7 5.1 5.9 5.6 5.9 3.1 6.6 8.9 5.9 23.4 1.3 6.3 6 3.2 3.2 7.4 13.4 30.4 6.55 6.55 6.35 6.65 6.55 7.25 30.5 12.35 6.95 7.15 7.15 30.3 24.95 7.15 6.95 14.2 20.5 29.2 30.1 30.6 7.2 6.85 7.45 25.45 10.65 30.7 10.45 7.85 6.95 6.85 6.75 7.45 30.15 7.85 7.45 10.05 7.65 7.85 25.5 7.45 7.65 17.55 7.75 28.6 7.35 7.35 6.75
6.7 31.1 30.8 6.5 6.9 6.7 6.6 6.6 6.3 6.2 5.5 14.8 5.3 5 4.8 5.2 5.8 20.8 13.3 3.4 8.6 10.5 30.4 3.8 6.5 7.2 3.8 30.3 7.7 6.3 6.3 3.3 5.8 5.9 6 11.7 7.1 5.9 1.2 7.5 30.5 12.55 5.7 12.35 7.45 7.45 7.45 7.15 7.35 7.45 17.85 7.45 7.25 7.25 10.3 10.4 9.75 7.15 7.15 12.15 30.5 30.7 30.6 30.7 6.95 15.6 30.5 30.4 16.9 30.3 15.45 30.7 15.25 8.05 30.6 15.75 18.05 7.75 30.3 7.95 18.15 7.85 7.65 7.65 7.55 7.85 10.7 10.05 10.05 6.45
6.6 6.5 6.9 3.8 1.2 6.1 6.3 6.2 3.7 6 1 1.2 5.8 6 30.5 4 30.5 5.7 5.7 6.6 8.8 5.9 6.1 4 15.7 7.7 8.3 30.3 11.7 3.3 3.7 6.1 1.2 3.2 30.1 30.4 3.6 7.1 5.7 6.95 9.75 7.25 7.25 7.15 7.25 3.1 30.35 7.25 7.15 7.25 7.25 7.35 7.05 7.45 14.95 1.2 3.8 7.35 7.55 10.15 15 30.4 30.9 30.5 6.75 30.5 30.1 7.35 6.55 6.55 6.75 6.75 6.55 1.3 30.5 3.2 30.4 7.75 7.55 25.45 7.45 7.45 7.45 14.95 14.95 7.35 14.95 7.45 30.45 6.55
6.3 6.7 6.5 16.5 6 6.3 6.4 6.2 6.1 6.1 6.2 6.2 6.2 3.9 30.5 6.3 5.4 9 5.7 6.1 24.7 15.8 30.3 3.1 5.9 30.4 5.05 5.95 5.75 3.1 6.15 3 1.2 7.7 1.1 15.9 5.8 7.1 6.95 6.95 6.75 29.95 9.95 7.35 5.8 30.2 1.2 7.05 6.95 7.85 9.75 30.65 7.35 9.85 6.95 1.2 3.7 9.75 12.35 7.35 30.6 30.3 30.7 9.2 20 30.6 6.75 6.45 6.25 6.65 6.45 6.75 6.85 7.65 7.45 30.5 7.85 7.45 7.45 7.55 7.35 7.85 13 7.45 7.25 7.15 7.45 3 9.85 6.45
30.5 3.3 11.5 11.6 7.7 30.4 8.9 6.2 6.3 30.4 16.3 6.5 6.2 3.7 6.6 10.4 5.2 18.6 1.3 5.1 5.7 29.8 5.4 5.3 12.2 5.55 5.95 25.8 19.3 11.2 6.1 1.2 3.8 3.2 1.2 6.35 8.4 3.9 6.95 6.75 7 6.85 8.4 7.05 1.2 7.05 7.15 10.4 7.05 9.65 7.75 6.95 7.35 7.05 7.05 7.05 7.35 7.25 7.05 7.15 12.45 30.5 30.5 30.4 9.9 19.85 30.7 30.4 6.15 6.35 6.75 10.15 7.65 7.55 30.4 7.55 7.75 12.45 30.4 7.35 7.65 9.95 30.5 7.25 7.35 7.45 7.35 7.25 9.85 6.45
29.4 6 6.2 6.7 6 1.2 6.3 6.2 6.1 3.3 3.7 6.3 30.2 6.3 6.3 6.3 30.5 6.1 6.4 6.5 6.3 30.5 6.8 6.4 5.5 6.4 15.7 3.8 1.1 1.2 16.5 16.4 5.8 15.8 5.85 8.3 7.15 3.5 5.7 1 30.5 13.3 30.3 13.3 1.3 14.1 7.15 6.75 6.75 7.05 7.05 22.95 18.05 7.65 6.85 30.2 7.3 7.15 7.45 12.45 19.3 30.2 30.4 6.55 7.25 9.55 7.45 11.8 30.3 6.85 6.75 6.95 12.45 7.35 10.25 7.45 7.85 9.1 7.15 10.15 20.05 29.8 7.45 27.25 7.25 3.1 5.6 7.35 5.55 5.55
7.2 6.45 30.3 30.5 20.5 6.1 9.1 24.2 1 5.65 5.75 5.55 5.95 27.9 6.45 6.75 6.55 30.2 13.4 15.4 23 6.55 5.9 5.9 16.5 3.2 1.2 11.3 1.1 3.7 3.7 3.9 6.15 30.5 3.8 19.1 3.6 7.15 7.15 3.4 12.25 8.4 6.95 11.7 6.4 8.7 24 7.05 7.15 7.15 7.25 4.1 7.95 9.95 30.3 30.3 5.2 15 7.2 30.4 30.7 6.95 1.3 30.5 30.4 6.75 31.1 9.75 22.4 9.75 6.6 6.75 6.65 7.45 30.25 7.85 11.8 7.75 7.45 30.3 7.55 7.55 7.65 7.35 7.45 5.45 5.65 5.55 4.75 4.85
6.15 5.4 13.4 3.9 7.9 10.2 9.6 6.2 5.55 5.65 6.15 5.85 30.2 30.5 30.4 7.8 5.5 6.65 6.55 12.9 6.2 21.3 4.1 1.1 28.2 5.6 3.2 3.2 8.2 30.1 6.2 6.15 6.45 6.35 3.3 5.85 6.85 6.65 7.05 7.05 6.95 25.9 6.95 10.9 30.2 1.3 7.15 5.3 6.2 5.1 7.15 7.25 10.55 7.25 6.95 9.95 30.4 28.3 11.7 6.65 19.4 14.2 7.05 30.2 5.8 14.3 30.7 30.7 7.05 7.15 7.05 9.1 6.65 7.45 10.35 7.75 19.4 22.65 3.7 7.35 7.45 30.45 5.75 5.85 5.45 5.55 9.1 4.75 4.85 4.85
30.6 5 30.5 16 1.2 5.1 16.6 9.7 6.25 5.55 5.95 13.5 6.35 6.35 3.3 6.35 15.7 10.4 6.85 11.2 8.8 3.1 5.4 3.3 1.2 3.1 4 5.7 1 6.25 6.25 6.25 1.1 6.25 5.2 1.2 14 6.95 12.35 7.15 6.85 6.75 6.55 7.8 3.2 6.75 6.55 6.65 5.4 1.1 6.4 3.8 10.4 7.45 7.05 7.05 14.2 24.3 14.1 30.4 14.85 19.8 14.75 6.65 7.15 7.15 9.75 6.95 7.15 6.75 30.6 7.05 6.85 10.25 7.55 22.45 30.5 7.45 7.35 7.55 12.35 5.85 5.55 5.65 5.45 4.55 4.55 4.55 4.75 4.65
7.8 19.8 6.15 6.25 5.2 5.2 5.1 10.3 7.4 6.45 6.25 11.4 6.35 5.95 5.85 6.25 6.55 6.75 11.2 6.6 6.35 30.4 1.2 1.2 3.8 9.2 1.1 3.6 6.05 5.85 3.1 5.85 5.95 3.3 3.9 6.15 11.5 5.7 20.4 30.4 6.75 6.45 5.3 6.55 6.45 6.75 6.55 1.2 6.65 3.8 13.4 6.3 6.85 30.1 23.9 9 11.4 18.6 30.2 29.3 30.3 30.5 30.6 6.55 6.45 12.05 7.15 6.75 6.85 6.55 6.95 30.4 6.95 6.75 7.35 12.55 7.35 7.65 7.55 7.45 5.85 5.65 4.85 4.95 4.85 4.65 NaN NaN NaN NaN
7.7 5.1 11.9 17.9 13.4 5.5 14.7 5.85 5.85 5.65 6.15 6.65 16 30.1 5 5.3 7.4 6.25 9.7 30 7.6 14.9 1.1 30.2 7.9 30.7 18.8 11.4 5.85 5.85 15.1 5.85 6.3 3.9 5.75 1.2 5.1 8.2 5.1 8.7 7.8 6.4 6.65 5.1 6.55 3.7 6.65 30.3 3.1 3.2 26.4 30.3 6.75 6.65 6.75 7.55 6.25 6.35 6.85 7.05 9.75 12 30.5 6.55 6.55 24.15 6.85 6.35 6.85 6.95 14.3 6.55 6.65 6.95 7.15 11.4 20.7 7.55 17.55 6.05 5.95 5.05 4.95 4.85 4.75 NaN NaN NaN NaN NaN
6.05 30.3 5.9 6.15 5.75 6.25 6.35 6.15 6.1 1.1 5.95 6.55 7.8 6.45 20.9 30.6 30.4 3.2 8.8 6.55 6.25 29.8 5.8 6.3 3.7 14 9.1 6.4 6.35 6.35 1.1 3.7 1.4 3.6 3.6 6.3 10.4 3.8 1.1 4 5.1 7.8 7.9 30.3 6.45 6.85 7.15 6.85 6.85 9.65 7.35 5.7 6.95 17.3 6.65 7.65 12.35 6.95 7.25 8.25 30.4 7.65 6.65 6.45 6.55 10.35 7.25 6.45 6.15 6.85 6.65 30.2 6.95 6.45 7.55 14.95 30.1 5.95 4.75 4.95 5.05 4.65 NaN NaN NaN NaN NaN NaN NaN NaN
6.65 6.5 6.45 14.2 5.75 6.15 6.65 3.3 30.7 6.15 6.4 6.25 24.1 3.3 5.9 30.1 20.5 5.9 1.4 4 19.5 30.4 6.2 1.5 18.8 30.3 5.8 19.3 9 6.35 1.2 1.1 11.3 3.6 6.1 6.05 6.35 3.1 3.1 3.1 3.1 17.7 3.6 9.7 6.45 4 7.35 3.3 1.2 28.9 1.5 5.8 14.55 7 6.55 7.35 7.35 14.75 3.4 6.85 7.15 7.25 7.05 6.85 30.15 7.15 7.05 9.6 5.95 30.4 30.6 31.1 6.75 6.55 4.55 6.05 5.05 5.05 5.15 4.95 4.95 NaN NaN NaN NaN NaN NaN NaN NaN NaN
6.85 6.35 5.2 16.8 5.35 6.55 8.6 1 30.6 3.2 13.5 6.25 6.05 3.7 3.7 5 6.1 8.4 30.5 5.8 30.8 30.3 3.3 1 17.9 30.5 30.4 6.2 3 4.7 1.1 3 16 23.2 3.2 23.3 5.85 17.7 1 3 7.2 3 30.4 7.8 6.55 7.05 30.3 8.9 30 3.8 3.8 6.2 30.5 6.75 6.65 7.55 7.5 7.45 6.95 6.3 7.05 6.35 6.35 8.45 19.85 6.85 7.05 7 6.05 16.9 31 29.8 7.7 30.5 4.75 5 4.9 30.6 NaN NaN NaN NaN NaN NaN NaN NaN NaN NaN NaN NaN
13.8 9.1 30.5 5.45 6.05 5.55 3.2 6.65 6.55 5.95 8.3 5.95 5.95 3.9 12.7 3.1 7.3 1 3.2 5.95 4 30.6 13.8 30.5 7.8 6.45 30.3 3.6 3.7 3.2 3 5.8 5.85 5.75 5 30.1 30.1 3.2 5 5 7.7 7.7 30.3 30.6 30.7 7.05 6.85 30.2 18.9 7.95 7.85 5.8 30.5 6.95 7.05 6.75 6.55 7.25 9.75 30.05 17.95 6.45 6.55 7.95 10.35 6.85 30.3 6.85 6.05 6.45 6.65 11.7 6.85 6.65 5.3 5.3 5.2 NaN NaN NaN NaN NaN NaN NaN NaN NaN NaN NaN NaN NaN
6.85 30.7 9.2 1 5.45 6.25 6.65 3.4 6.25 6.35 5.1 5.85 5.65 6.45 8.3 6.4 3.2 6.35 5.2 5.9 13.3 7.9 7.2 10.2 15.3 30.4 3.8 8.2 5.6 5.7 5.75 5.75 5.75 1.1 3.3 3.1 3 3.1 5.8 30.3 10.3 5.1 6.55 11.9 7.15 7.05 6.95 1.2 1.1 30.3 30.4 6.4 30.5 30.4 27.9 6.75 6.45 7.35 9.85 7.85 7.75 8.35 10.45 7.75 7.85 7.55 7.05 7.8 6.85 6.45 7.45 6.65 30.5 5.05 5.4 5.3 4.8 NaN NaN NaN NaN NaN NaN NaN NaN NaN NaN NaN NaN NaN
20.4 6.45 6.35 6.05 6.35 6.55 6.45 6.45 6.45 6.15 5.1 5.75 5.75 1 3.2 1.1 20.6 26.4 11.6 6.3 18.7 6.15 6.45 5.2 1.2 6.55 3.8 6.25 6.05 6.05 1.2 3.6 8.4 3.3 3.2 5.7 5.6 18.1 5.6 3.1 5.8 5.3 6.85 6.85 8.05 6.85 7.05 23.7 1 22.65 7.55 7.75 7.35 30.1 7.2 6.55 7.1 6.55 7.45 22.75 7.8 7.85 8.05 10.45 7.65 7.65 7.95 6.95 7.05 30.5 7.15 5.05 5.05 5.2 5.1 5 NaN NaN NaN NaN NaN NaN NaN NaN NaN NaN NaN NaN NaN NaN
6.35 6.45 6.15 6.65 6.25 1.3 6.65 11.7 5.45 3.2 3.2 5.65 NaN 6.2 3 23.4 13.3 6.2 3.2 6.3 3.9 3.6 6.3 5 13.2 9.7 30.6 14.7 14.3 1.1 9 1.2 8.4 10.8 5.6 18.2 3 3.1 10.7 3 3.1 5.8 7.05 4.1 8.35 30.3 10.15 3.7 16.2 7.65 7.45 7.35 26 30.2 30.5 6.45 6.55 6.45 8.35 10.15 7.65 7.65 7.65 8.35 7.75 7.85 7.85 7.65 7.15 5.65 5.55 4.85 5.15 5.2 5 4.8 NaN NaN NaN NaN NaN NaN NaN NaN NaN NaN NaN NaN NaN NaN
6.35 6.55 6.35 30.6 31 14.2 6.65 6.15 30.7 22.8 6.05 NaN 5.75 5.7 3.3 15.3 3 3.2 1.1 3.6 3.7 5.7 6.55 16.3 20.2 3.6 30.6 9 6.45 9 6.45 6.35 1.3 3.1 3.1 10.9 10.3 5.6 7.6 9 5.6 8.45 29.9 6.85 30 10.85 7.85 3.7 1 15.85 8.25 7.45 28.5 10.15 8.35 1.1 1.2 8.25 8.15 8.15 19.1 8.05 7.95 30.7 7.65 7.85 27.75 17.95 5.45 5.1 4.65 4.85 5.1 5.2 5.1 NaN NaN NaN NaN NaN NaN NaN NaN NaN NaN NaN NaN NaN NaN NaN
6.65 6.75 6.65 30.5 30.7 30.2 6.35 30.5 5.8 12.2 1 NaN NaN NaN 5.7 2.6 3.3 5.6 3.9 5.7 3.6 12.2 10.1 8.2 6.05 30.6 4.1 6.45 6.2 23.7 6.05 6.25 3.2 1 3.2 8.1 3.1 5.9 9.7 6.85 11.5 13.65 8.35 6.3 10.85 8.25 7.55 7.65 8.15 15.95 8.25 10.85 8.35 21.05 10.65 8.05 18.45 8.35 8.35 7.95 26.8 7.95 7.85 8.25 13.15 7.85 10.25 6.25 5.55 5.45 4.65 4.85 5.1 5.2 5.1 NaN NaN NaN NaN NaN NaN NaN NaN NaN NaN NaN NaN NaN NaN NaN
6.45 6.75 6.85 16.6 6.15 5.75 30.6 5.65 30.2 5.9 NaN NaN NaN NaN 5.75 3.1 3.1 6.35 6.4 8.8 30.1 5.7 3.1 7.9 7.1 10.8 1.4 6.4 6.45 21.2 1.1 6.15 8.4 8.3 3.1 9.6 3 3 7.8 7.05 11.9 17 8.65 8.35 10.85 7.85 7.75 7.65 7.75 13.25 13.25 16.25 30.65 20.75 8.15 8.45 8.45 8.35 8.05 7.85 5.2 13.05 7.7 8.15 8.05 7.85 5.85 31.1 5.75 4.55 4.65 4.9 5 5.2 5.3 NaN NaN NaN NaN NaN NaN NaN NaN NaN NaN NaN NaN NaN NaN NaN
6.35 6.45 7.45 6.55 6.05 6.35 5.9 30.5 17.1 6.05 NaN NaN NaN NaN NaN 5.75 6.25 6.55 3.9 6.3 18.4 7.7 5.2 10.2 7.6 1.2 3.9 30.5 10.5 5.3 5.8 6.25 5.65 5.95 1.2 6.85 6.65 6.75 6.65 6.95 30.1 13.4 9.2 7.45 15.85 30.1 10.55 7.65 7.75 9.2 8.15 28.95 8.35 25.85 13.45 15.95 8.65 10.65 10.85 7.75 27.7 15.65 15.5 7.95 8.15 7.75 21.7 30.7 4.85 4.75 4.65 4.9 5.1 5.5 NaN NaN NaN NaN NaN NaN NaN NaN NaN NaN NaN NaN NaN NaN NaN NaN
5.75 5.95 30.4 6.35 5.75 6.45 9.9 9.7 5.7 NaN NaN NaN NaN NaN NaN 1.1 1.2 8.9 30.5 3.2 5.7 5.6 27.7 30.2 12.5 5.7 6.4 8.2 8.3 6.25 8.8 9 6.45 7.2 6.75 1.1 6.85 6.75 7.05 7.05 6.95 8.55 7.85 7.85 7.75 9.55 12.35 12.35 6.95 9.55 30.5 30.6 30.4 8.15 20.85 11.05 8.35 10.95 10.85 7.85 16.9 14.4 8.15 7.85 8.05 5.85 4.55 5.05 4.85 4.65 5.2 5.2 5.1 5.3 NaN NaN NaN NaN NaN NaN NaN NaN NaN NaN NaN NaN NaN NaN NaN NaN
NaN 6.35 5.45 6.15 6.25 30.3 30.5 30.6 6.65 5.95 NaN NaN NaN NaN NaN 5.95 8.8 1.1 10.2 14.2 6.3 3.1 5.1 5.2 6.1 30.5 6 30.5 8.3 6.25 3.7 6.25 6.45 5.75 6.45 12.2 7.05 6.95 30.3 6.35 5.75 11.7 30.1 6.15 6.55 7.15 7.35 10.75 7.15 6.75 7.35 7.05 6.95 13.85 9.1 13.45 15.85 11.05 8.25 7.85 21.9 10.55 30.5 10.55 5.45 3.85 5.15 4.95 5.25 4.75 5.2 5.3 5.2 4.9 NaN NaN NaN NaN NaN NaN NaN NaN NaN NaN NaN NaN NaN NaN NaN NaN
NaN NaN 5.55 5.95 5.75 6.15 30.4 30.6 30.6 30.8 6.35 NaN NaN NaN NaN 6.05 5.85 30.4 30.6 7.4 20.2 3.2 15.2 10.7 3.2 15.9 30.2 5.5 5.1 5.7 7.1 3.2 6.05 6.25 5.95 5.75 30.5 6.25 6.15 5.95 30.3 6.15 11.7 21.7 5.95 30.5 30.5 12.35 7.05 30.3 7.05 7.15 7.25 9.75 7.55 20.75 14.4 8.35 8.05 30.4 10.35 8.05 30.25 6.05 3.75 4.75 4.85 4.85 4.85 4.9 4.9 5 4.9 4.9 NaN NaN NaN NaN NaN NaN NaN NaN NaN NaN NaN NaN NaN NaN NaN NaN
NaN NaN NaN 6.25 6.85 12.4 30.9 30.2 30.7 6.65 6.35 6.4 NaN 3.8 5.1 7.6 20 5.7 3.4 30.4 8.1 5.3 3.3 3.1 6.2 3.3 6.1 17.8 6.55 30.4 3.7 9.7 28.9 6.15 6.05 5.45 5.55 5.95 6.25 5.95 30.4 14.2 14.4 30.3 5.95 7.55 12.35 30.05 7.65 30.6 7.05 30.7 6.75 6.75 16.8 7.15 7.35 7.15 14.25 7.85 7.75 10.95 7.75 3.95 4.75 5.05 4.55 4.75 4.95 4.8 5 5 4.8 4.8 NaN NaN NaN NaN NaN NaN NaN NaN NaN NaN NaN NaN NaN NaN NaN NaN
NaN NaN NaN 6.25 6.75 6.45 22.4 7.1 30.3 5.95 6.15 11.1 3.1 5.7 5.75 3.3 30.4 5.7 3.3 1.2 17.9 30.2 3.3 3.1 30.2 30.2 6.65 3.3 6.75 6.45 6 30.5 6.25 6.15 6.35 6.25 5.55 6.15 7.1 6.25 7.9 7.6 7.6 5.75 5.75 7.85 7.25 7.65 13.05 7.45 7.05 5.45 6.75 6.85 6.85 6.95 6.85 7.25 7.35 7.35 7.85 30.55 7.15 4.35 5.35 5.05 6.45 6.55 4.85 5.1 5 4.9 4.9 NaN NaN NaN NaN NaN NaN NaN NaN NaN NaN NaN NaN NaN NaN NaN NaN NaN
NaN NaN NaN 6.75 6.65 6.45 27 30.3 30.4 30.9 30.2 12.6 30.3 3.2 5.85 10.2 5.8 3.2 3.4 13.3 5.85 3 3.1 8.4 17.9 6.55 6.7 6.55 6.45 6.15 6.35 1 30.6 30.5 5.75 5.95 5.75 5.55 5.25 5.65 14.2 11.7 5.95 30.4 30.5 5.65 5.55 30.6 6.55 12.5 30.5 5.55 6.85 6.55 6.45 5.2 6.65 6.65 6.65 6.75 6.75 7.15 6.15 6.55 4.95 NaN NaN NaN NaN NaN NaN NaN NaN NaN NaN NaN NaN NaN NaN NaN NaN NaN NaN NaN NaN NaN NaN NaN NaN NaN
NaN NaN NaN 6.15 6.15 9 6.65 30.3 6.45 6.25 30.4 13.2 18.4 30.2 5.85 30.7 30.4 30.4 30.5 30.3 5.95 5.7 3.1 5 7.8 12.4 6.95 6.35 5.75 5.95 5.95 6.15 30.4 6.05 5.85 5.65 11 5.35 5.35 5.85 30.4 7.3 5.75 12.8 6.25 5.75 30.4 5.55 6.25 5.65 27.2 5.55 5.65 8 5.35 6.85 6.25 6.85 6.75 6.55 6.75 5.45 5.55 5.55 NaN NaN NaN NaN NaN NaN NaN NaN NaN NaN NaN NaN NaN NaN NaN NaN NaN NaN NaN NaN NaN NaN NaN NaN NaN NaN
NaN NaN NaN 6.05 6.25 6.75 5.95 15.5 6.45 6.45 6.55 7.05 5 30.4 5.85 6.55 6.55 6.45 6.15 5.7 5.6 3.1 5 10.1 5.2 14.5 6.35 6.45 5.95 5.85 6.05 6.25 5.85 6.05 5.95 6.05 30.6 5.75 5.35 30.3 7.7 10.1 29.7 17.9 30.4 9.1 12.5 5.95 30.2 5.65 17.4 6.15 5.45 5.05 5.35 5.35 21.6 5.25 5.45 5.25 6.05 30.3 5.15 NaN NaN NaN NaN NaN NaN NaN NaN NaN NaN NaN NaN NaN NaN NaN NaN NaN NaN NaN NaN NaN NaN NaN NaN NaN NaN NaN
NaN NaN NaN NaN NaN NaN 6.45 30.7 6.55 6.45 6.05 6.35 21.9 6.25 5.95 6.65 3.1 6.35 6.35 6.35 5.6 5.7 3.1 30.1 5.1 4 6.35 5.95 5.85 6.25 3.4 6.45 30.4 14.3 6.15 6.25 6.05 5.85 5.25 5.45 14.1 5.35 5.95 30.7 30.3 30.2 6.05 19.5 6.25 30.8 5.85 6.05 5.75 6.15 6.25 5.55 30.8 15 27.9 30.4 5.65 5.25 NaN NaN NaN NaN NaN NaN NaN NaN NaN NaN NaN NaN NaN NaN NaN NaN NaN NaN NaN NaN NaN NaN NaN NaN NaN NaN NaN NaN
NaN NaN NaN NaN NaN NaN NaN 6.75 9.55 6.55 6.15 30.4 6.95 9.8 5.85 6.35 6.25 6.15 6.05 5.7 30.6 30.6 5.3 3.2 30.4 30.6 3.3 6.25 6.15 5.95 14.5 6.05 30.4 30.4 5.95 5.65 19.3 1.2 5.65 5.75 5.15 5.35 30.6 17.1 6.45 6.45 6.25 6.45 6.45 30.4 5.95 6.15 24.2 10.3 5.95 6.65 5.65 17.5 30.3 5 5.55 30.8 NaN NaN NaN NaN NaN NaN NaN NaN NaN NaN NaN NaN NaN NaN NaN NaN NaN NaN NaN NaN NaN NaN NaN NaN NaN NaN NaN NaN
NaN NaN NaN NaN NaN NaN 6.05 6.95 6.95 6.95 6.65 6.35 30.4 6.35 3.3 6.05 6.25 6.05 7.9 29.1 30.5 27.8 30.3 30.1 27.9 30.5 15.8 6.15 6.15 6.5 6.25 6.15 6.65 12.3 30.5 5.95 6.05 5.8 6.15 30.3 6.15 6.55 30.5 6.15 30.6 6.25 6.25 6.25 6.25 6.45 30.5 30.5 6.45 6.15 6.25 15.35 12.65 30.2 7.3 5.75 6.55 NaN NaN NaN NaN NaN NaN NaN NaN NaN NaN NaN NaN NaN NaN NaN NaN NaN NaN NaN NaN NaN NaN NaN NaN NaN NaN NaN NaN NaN
NaN NaN NaN NaN NaN NaN 6.05 6.15 6.95 6.45 6.75 6.75 6.55 6.35 6.35 13.3 6.45 6.65 7.1 30.1 7 30.6 5.4 30.5 6.1 8.4 27.4 30.4 6.05 6.15 29.4 5.95 6.25 6.55 27 22.8 29.8 22.6 30.7 6.05 5.65 6.35 5.75 16.8 30.3 30.4 30 6.05 6.15 6.35 6.35 6.35 6.35 6.25 30.4 12.75 7.45 19.05 12.85 30.7 5.75 NaN NaN NaN NaN NaN NaN NaN NaN NaN NaN NaN NaN NaN NaN NaN NaN NaN NaN NaN NaN NaN NaN NaN NaN NaN NaN NaN NaN NaN
NaN NaN NaN NaN NaN NaN NaN NaN NaN 6.45 6.15 NaN 6.35 6.55 6.55 30.3 9.1 30.1 14.2 30.4 30.3 30.1 6.35 12.7 30.6 6.25 19.8 6.15 6.15 5.95 3.7 5.85 5.95 6.35 8.9 30.4 5.85 30.3 5.85 6.05 6.15 5.65 5.85 30.7 9.8 27 22 21.6 30.2 6.75 6.65 6.55 6.15 6.15 6.35 6.25 22.45 12.95 7.75 30.5 NaN NaN NaN NaN NaN NaN NaN NaN NaN NaN NaN NaN NaN NaN NaN NaN NaN NaN NaN NaN NaN NaN NaN NaN NaN NaN NaN NaN NaN NaN
NaN NaN NaN NaN NaN NaN NaN NaN NaN NaN NaN NaN NaN 6.95 9.65 14.2 5.3 6.75 30.5 6.75 6.35 9.3 20.2 30.4 6.15 5.95 5.85 9.1 30.3 25.35 5.95 5.95 30.4 6.15 6.05 6.15 5.85 30.7 18.4 30.5 30.3 19.4 5.95 9 5.55 5.85 30.6 6.05 5.65 6.35 6.55 5.95 9 5.85 6.05 30.3 5.85 17.25 9.85 30.7 NaN NaN NaN NaN NaN NaN NaN NaN NaN NaN NaN NaN NaN NaN NaN NaN NaN NaN NaN NaN NaN NaN NaN NaN NaN NaN NaN NaN NaN NaN
NaN NaN NaN NaN NaN NaN NaN NaN NaN NaN NaN NaN 6.85 30.3 7.25 7.9 6.95 6.85 5.2 30.5 6.45 6.05 30.5 6.55 6.65 9.1 7.55 30.6 30.1 7.95 7.85 6.25 30.8 6.15 6.15 9.2 5.95 14.3 30.5 6.15 5.95 7.6 5.95 5.75 5.85 5.85 5.55 5.95 5.75 30.3 6.15 6.05 15.3 6.05 5.95 30.4 5.85 7.25 7.25 12.15 NaN NaN NaN NaN NaN NaN NaN NaN NaN NaN NaN NaN NaN NaN NaN NaN NaN NaN NaN NaN NaN NaN NaN NaN NaN NaN NaN NaN NaN NaN
NaN NaN NaN NaN NaN NaN NaN NaN NaN NaN NaN NaN NaN 7.05 6.75 7.8 6.75 6.55 10.3 6.65 6.25 21.7 30.2 30.2 31 6.55 10.45 12.85 30.4 9.5 7.65 6.35 30.4 6.05 30.3 6.15 30.5 10 7.8 30.4 5.95 6.15 30.4 5.95 5.75 30.9 7.2 5.95 14.3 5.75 6.15 5.55 5.75 6.45 6.15 5.95 5.45 7.25 7.25 NaN NaN NaN NaN NaN NaN NaN NaN NaN NaN NaN NaN NaN NaN NaN NaN NaN NaN NaN NaN NaN NaN NaN NaN NaN NaN NaN NaN NaN NaN NaN
NaN NaN NaN NaN NaN NaN NaN NaN NaN NaN NaN NaN NaN 6.65 7.05 6.85 6.85 7.05 6.75 7.15 6.95 30.4 11.9 30.6 30.4 5.85 6.05 10.55 21.1 3.4 30.1 6.15 30.5 5.2 6.05 6.25 12.3 6.05 5.75 11.6 30.4 6.15 30.3 6.05 13.15 29.3 14.8 6.25 5.75 5.45 6.05 5.75 5.75 5.75 6.15 6.05 5.55 NaN NaN NaN NaN NaN NaN NaN NaN NaN NaN NaN NaN NaN NaN NaN NaN NaN NaN NaN NaN NaN NaN NaN NaN NaN NaN NaN NaN NaN NaN NaN NaN NaN
NaN NaN NaN NaN NaN NaN NaN NaN NaN NaN NaN NaN NaN NaN NaN 6.85 6.75 28.3 6.85 6.75 12.15 30.5 16.7 12.2 30.3 30.3 5.95 7.65 15.25 7.95 30.3 7.75 5.95 24.3 5.95 6.35 6.05 30.7 14.4 5.65 6.05 5.65 9.9 30.5 7.75 7.65 7.75 30.3 30.6 30.4 5.95 27.1 5.75 30.5 30.3 NaN NaN NaN NaN NaN NaN NaN NaN NaN NaN NaN NaN NaN NaN NaN NaN NaN NaN NaN NaN NaN NaN NaN NaN NaN NaN NaN NaN NaN NaN NaN NaN NaN NaN NaN
