Outfile_5.asc
NCOLS 201
NROWS 151
XLLCORNER 733748.947016
YLLCORNER 2561541.418206
CELLSIZE 137.483444
NODATA_VALUE NaN
[rows 39 to 77 of 151, columns 0 to 87 of 201]
NaN NaN NaN NaN NaN NaN NaN NaN NaN NaN NaN NaN NaN NaN NaN NaN NaN NaN 6.58 25.74 10.74 6.58 6.48 30.6 30.4 30.5 30.6 6.98 6.38 8.34 8.64 30.7 30.7 30.14 30.94 30.44 11.24 30.8 6.48 6.68 30.5 30.3 6.94 6.84 30.5 6.74 6.04 30.2 31 6.74 6.54 7.04 11.6 3.6 7.32 7.42 7.52 5.74 29.9 12.6 6.14 6.94 6.84 6.14 6.04 6.54 7.54 6.6 7.14 7.82 30.4 6.94 6.74 30.9 7.04 7.24 9.84 7.24 30.56 30.66 15.66 30.56 28.36 21.3 7.44 30.5 10.2 5.4
NaN NaN NaN NaN NaN NaN NaN NaN NaN NaN NaN NaN NaN NaN NaN NaN NaN NaN 30.44 23.14 10.74 6.98 6.38 6.28 6.58 7.3 6.68 6.68 8.14 30.44 10.84 10.84 6.78 8.24 30.44 30.7 16.24 30 8.14 10.74 30.5 7.94 31.1 9.64 6.64 6.64 6.04 6.64 30.6 6.84 6.54 6.84 6.74 6.74 11.5 22.1 7.32 6.04 5.94 6.34 5.94 5.94 6.14 6.04 6.54 9.64 7.44 30.9 6.5 19.4 30.4 6.94 9.84 9.64 7.04 7.14 3.8 30.9 30.5 27.06 14.36 30.36 31 30.9 30.7 16 8.7 18.1
NaN NaN NaN NaN NaN NaN NaN NaN NaN NaN NaN NaN NaN NaN NaN NaN NaN 8.24 8.14 25.94 21.44 8.34 20.84 29.1 7.94 8.04 30.5 13.64 30.54 13.34 6.3 8.64 8.24 8.44 13.34 8.14 8.34 18.94 16.04 30.4 30.6 18.14 31 30.9 6.74 6.64 5.94 6.54 30 30.96 6.94 6.74 6.44 3.9 30.3 11.4 9.72 5.74 5.84 5.64 6.14 30.7 6.14 6.04 30.1 30.1 30.4 24.3 6.2 13 6.54 6.64 6.74 7.04 6.64 26.9 8 5.84 6.34 30.56 30.16 21.86 11.56 31.1 18.2 30.6 5.6 10.8
NaN NaN NaN NaN NaN NaN NaN NaN NaN NaN NaN NaN NaN NaN NaN NaN NaN 23.54 10.84 13.64 8.84 8.64 16.34 8.24 8.14 25.84 8.34 30.4 8.24 18.44 8.54 23.24 20.74 18.34 7.1 30.4 26.04 30.24 30.8 30.6 6.28 10.7 6.18 6.78 6.44 6.64 6.04 6.34 30.3 10.16 9.84 9.64 9 3.7 30.4 8.9 6.84 30.4 30.7 30.5 10.2 30.5 6.94 6.44 1.2 29.8 5.9 30.3 30.8 6.74 6.94 6.74 6.74 19.9 5.54 5.94 30.4 5.64 5.84 30.06 12.06 30.3 8.86 30.5 30.8 20.4 10.4 12.8
NaN NaN NaN NaN NaN NaN NaN NaN NaN NaN NaN NaN NaN NaN NaN NaN NaN 18.64 8.74 13.84 30.74 30.24 30.64 23.74 30.44 30.64 11.34 31 8.64 30.54 30.34 18.44 8.54 30.8 29.1 7.7 10.94 8.14 11.6 7.08 6.48 6.98 8.8 30.4 30.2 30.7 6.64 27.46 10.16 30.36 7.04 11.8 6.2 1.1 3.7 9.3 1.3 1.1 17.3 7.1 17.4 22.1 6.44 1.5 8 30.4 10.7 20.7 30.3 6.84 7.14 6.94 6.84 5.84 5.64 30.3 5.74 5.84 28 26.66 30.16 30.7 5.34 5.2 30.5 7.8 30.4 12.8
NaN NaN NaN NaN NaN NaN NaN NaN NaN NaN NaN NaN NaN NaN NaN NaN NaN 13.74 30.14 8.74 18.54 13.64 28.84 30.14 13.74 8.64 10.74 30.44 30.8 30.84 30.14 20.94 13.74 30.6 10.84 31.4 6.68 6.38 6.48 30.7 31.2 31.3 30.7 30.6 8.5 6.38 29.2 4.2 30.56 30.26 30.9 6.3 6.94 30.6 30.4 9 22.6 16.4 9.6 6.44 17.2 19.8 20.9 29 6.5 6.84 30.4 19.2 7.04 6.84 6.84 6.74 6.04 5.54 6.24 28.2 5.4 30.9 5.69 11.41 5.39 6.5 30.3 7.9 30.7 31 3.3 7.8
NaN NaN NaN NaN NaN NaN NaN NaN NaN NaN NaN NaN NaN NaN NaN NaN NaN 8.54 11.34 8.34 8.44 23.44 8.64 6.3 8.24 11.44 28.44 30.1 9.3 8.64 8.24 1.4 8.14 23.64 30.54 8.34 30.5 6.28 6.78 30.3 30.1 31 31.1 6.78 6.58 18.5 31 12.26 30.8 12.96 30.56 7.14 6.84 6.94 6.54 6.64 6.44 6.74 30.3 3.1 5.8 6.44 18.4 3.8 30.6 30.4 30.26 5.74 6.04 6.64 6.44 6.84 5.84 5.04 28.5 7 30.7 5.8 30.5 30.8 5.59 30.4 30.3 28.1 30.5 30.3 10.3 7.3
NaN NaN NaN NaN NaN NaN NaN NaN NaN NaN NaN NaN NaN NaN NaN NaN 8.34 30.74 30.04 30.04 10.84 8.24 8.84 13.54 8.24 30.6 8.64 1.4 9 31.04 10.84 13.44 30.3 16.44 23.44 30.6 6.28 6.68 6.58 30.7 30.6 3.5 6.58 6.78 6.58 30.8 30.6 30.76 17.66 30.5 30.46 9.76 6.84 6.54 6.84 30.1 30.1 6 9.1 7.7 7.1 3.1 7.3 23.5 30.1 15.16 30.2 30.8 25.5 30.6 5.84 5.84 5.04 4.74 6 30.5 24 5.29 NaN 30.5 20.4 30.5 30.5 30.6 30.7 30.9 30.7 30.7
NaN NaN NaN NaN NaN NaN NaN NaN NaN NaN NaN NaN NaN NaN NaN 30.74 31 30.74 30.04 11.04 8.14 8.54 28.74 30.64 16.14 30.34 30.54 11.24 30.3 11.24 20.94 30.2 10.84 30.64 30.5 6.58 6.68 30.7 30.9 31.2 6.64 6.34 6.3 30.5 6.18 30.2 20.2 30.9 17.36 30.26 12.46 30.46 15 30.1 9 6.74 30.4 30.6 7.7 6.3 30.5 13.9 6.64 30.4 3.3 9 30.5 7.5 28.9 30.3 12.9 5.74 15.8 30.6 21.1 6.6 6 4.99 5.59 30.6 30.3 30.3 31.2 7.4 30.6 30.6 30.3 30.1
NaN NaN NaN NaN NaN NaN NaN NaN NaN NaN NaN NaN NaN NaN 23.64 19.04 30.94 8.74 30.54 13.64 30.44 13.34 8.74 18.74 8.84 10.74 11.24 10.84 7.5 18.74 30.54 30.34 16.24 6.38 6.38 30.7 30.7 30.3 30.9 31.2 30.5 30.6 31 31 9.54 30.2 18.4 30.3 30.5 NaN NaN 14.86 30.06 30.06 7.04 30.36 7.14 6.84 28.06 10.06 3.1 15.16 1.1 15.06 9.86 1.3 21.5 5.94 30.5 30.5 6.44 5.24 30.5 4.64 30.2 30.9 30.5 30.7 5.59 8.5 30.6 30.7 31 18.9 30.1 30.1 30.4 30.6
NaN NaN NaN NaN NaN NaN NaN NaN NaN NaN NaN NaN NaN NaN 13.74 11.04 30.3 30.54 8.54 8.64 30.34 18.74 13.94 10.94 30.34 8.64 30.44 11.14 8.84 31.1 11.14 30.3 30.44 30.8 3.1 30.4 30.2 30.2 31 30.6 30.4 5.9 30.1 6.74 6.44 30.46 30.5 30.3 31.1 NaN NaN NaN NaN 17.36 30.6 12.86 30.26 7.04 30.5 30.36 30.06 10.26 27.56 1.3 10.26 10.06 12.56 3.8 7.3 11.4 6.1 7.8 5.64 30.3 5.1 16.6 30.2 30.4 5.39 30.4 30.6 30.5 30.8 31 30.7 30.7 30.4 30.7
NaN NaN NaN NaN NaN NaN NaN NaN NaN NaN NaN NaN NaN NaN 21.14 23.94 30.24 11.14 30.34 13.34 30.5 8.74 13.54 30.34 30.7 30.8 30.7 31.1 30.5 30.9 17.5 6.5 12.8 16.1 8.5 30.7 30.7 31.2 30.9 30.8 21.9 8.4 7.8 6.24 10.16 30.56 30.46 30.7 30.1 NaN NaN NaN NaN 30.5 30.4 30.06 10.36 30.26 23.5 30.26 10.06 9.86 7.7 17.26 3.2 22.66 30.4 30.3 1.1 30.5 3.9 12.9 30.6 30.3 7.7 15.6 30.5 30.6 30.1 16.7 14.3 30.6 31.1 12.8 6.09 5.79 30.1 30.7
NaN NaN NaN NaN NaN NaN NaN NaN NaN NaN NaN NaN NaN NaN NaN 11.5 26.5 26.6 8.54 13.74 28.64 30.8 13.94 30.84 8.9 30.24 31.2 31 30.6 30.8 20.3 10.4 13.1 30.4 30.9 30.8 30.6 30.6 30.6 30.5 30.7 9.2 30.6 6.64 30.66 30.2 30.56 30.3 15.4 NaN NaN NaN NaN NaN NaN NaN 30.26 20.56 30.26 30.8 30.7 8.4 9.86 6.64 6.44 6.84 20.5 3.5 10.3 5.44 30.7 10.7 30.8 27.6 30.7 30.3 5.89 31.1 5.89 30.7 30.6 30.3 30.5 30.8 30.7 5.69 30.4 30.9
NaN NaN NaN NaN NaN NaN NaN NaN NaN NaN NaN NaN NaN NaN NaN NaN 13.8 30.2 8.9 30.4 21.1 30.7 8.9 26.04 19.2 30.14 12.6 11.04 11.34 30.8 NaN NaN NaN 19.1 6.78 30.8 31.1 30.5 30.7 30.7 30.9 30.6 10.8 30.6 30.36 30.36 12.76 30.7 17.8 NaN NaN NaN NaN NaN NaN NaN 17.96 18.06 30.8 31 16.2 30.46 6.84 5.2 6.94 7.24 30.5 25.6 10.7 3.1 10.3 5.84 5.5 22.8 30.6 30.9 30.4 25.5 30.8 30.8 30.6 30.8 9 30.6 5.39 30.9 30.3 12.2
NaN NaN NaN NaN NaN NaN NaN NaN NaN NaN NaN NaN NaN NaN NaN NaN NaN 15.1 30.3 6.3 13.54 10.94 9.9 31 30.5 21.04 18.94 11.14 8.54 15.4 NaN NaN NaN NaN 6.38 5.8 30.6 30.8 31.3 30.9 30.7 30.6 7.8 8.8 26.1 18.4 30.26 12.96 NaN NaN NaN NaN NaN NaN NaN 12.96 10.56 30.66 30.26 30.36 13.06 30.46 30.16 7.14 15.66 6.74 30.3 5.5 10.2 13.1 6 5.54 8.9 30.4 30.3 30.6 3.9 31.3 5.79 30.3 14.3 NaN 6.1 7.9 5.04 4.94 30.7 30.2
NaN NaN NaN NaN NaN NaN NaN NaN NaN NaN NaN NaN NaN NaN NaN NaN NaN NaN 10.1 30.4 30.14 30.34 30.24 30.44 11.34 30.44 30.44 30.44 30.74 30.5 NaN NaN NaN NaN NaN 6.48 30.7 30.7 7.3 30.7 30.8 6.94 7.14 31 6.74 7.64 30.36 10.36 NaN NaN NaN NaN NaN NaN NaN 9.7 10.36 10.16 12.86 13.16 13.16 30.56 10.36 10.26 18.46 3.3 30.3 30.5 10.1 30.5 30.3 6.34 5.74 28.1 8 7.8 6.99 5.79 30.6 30.6 NaN NaN 30.2 30.4 16.9 30.4 30.6 30.8
NaN NaN NaN NaN NaN NaN NaN NaN NaN NaN NaN NaN NaN NaN NaN NaN NaN NaN NaN 12.6 30.4 30.2 30.6 30.6 28.64 23.94 8.84 30.34 18.54 17.8 NaN NaN NaN NaN NaN 6.68 6.84 7.04 13.1 30.2 30.4 30.3 6.84 6.74 6.74 9.64 12.86 17.86 NaN NaN NaN NaN NaN NaN NaN NaN 17.96 27.86 17.86 10.36 18.16 30.46 15.76 12.96 30.56 6.34 6.64 15.4 30.5 30.3 13.1 8.7 6.34 6.44 13 6.34 12.4 30.3 12.44 18 8.1 30.1 30.7 30.4 16.8 26.9 30.9 30.8
NaN NaN NaN NaN NaN NaN NaN NaN NaN NaN NaN NaN NaN NaN NaN NaN NaN NaN NaN NaN 12.6 25.3 NaN NaN 31.1 30.24 30.64 8.74 30.5 NaN NaN NaN NaN NaN NaN 6.48 NaN 7.34 25.7 30.9 8.4 7.44 NaN 6.64 6.64 6.84 10.26 30.26 NaN NaN NaN NaN NaN NaN NaN NaN NaN 10.26 10.16 10.26 10.36 30.26 30.66 12.3 31.2 6.34 6.44 30.2 30.6 3.7 15.5 6.44 5.94 6.24 30.6 5.6 30.7 30.4 30.9 30.6 17.6 30.8 30.6 21.9 30.5 30.3 31.4 30.4
NaN NaN NaN NaN NaN NaN NaN NaN NaN NaN NaN NaN NaN NaN NaN NaN NaN NaN NaN NaN NaN NaN NaN NaN NaN 30.5 18.2 30.8 27.8 NaN NaN NaN NaN NaN NaN NaN NaN 6.84 19.84 6.84 25.34 7.14 NaN NaN NaN NaN 6.94 NaN NaN NaN NaN NaN NaN NaN NaN NaN NaN NaN 5 7.1 7 10.36 30.3 23.6 6.94 30.4 6.84 9.1 5.9 5.94 30.4 6.94 5.6 6.14 30.5 30.2 30.5 30.1 30.7 30.5 24.4 30.5 30.7 31.4 30.7 30.4 31 30.4
NaN NaN NaN NaN NaN NaN NaN NaN NaN NaN NaN NaN NaN NaN NaN NaN NaN NaN NaN NaN NaN NaN NaN NaN NaN 12.6 30.3 NaN NaN NaN NaN NaN NaN NaN NaN NaN NaN NaN NaN NaN NaN NaN NaN NaN NaN NaN 6.64 NaN NaN NaN NaN NaN NaN NaN NaN NaN NaN NaN NaN 6.74 6.64 3.9 3.3 7.14 NaN 6.24 6.38 30.7 NaN NaN NaN 30.8 6.5 30.8 18.6 NaN 6.2 6 30.9 31.5 31.2 31.6 31.4 30.4 30.7 30.4 30.9 24.3
NaN NaN NaN NaN NaN NaN NaN NaN NaN NaN NaN NaN NaN NaN NaN NaN NaN NaN NaN NaN NaN NaN NaN NaN NaN NaN NaN NaN NaN NaN NaN NaN NaN NaN NaN NaN NaN NaN NaN NaN NaN NaN NaN NaN NaN NaN 6.54 NaN NaN NaN NaN NaN NaN NaN NaN NaN NaN NaN 6.84 6.84 8.7 11.3 8.3 1.4 NaN NaN NaN NaN NaN NaN NaN NaN 11.2 6.38 NaN NaN NaN NaN 6.64 31 30.5 7.4 30.5 30.4 30.2 30.7 30.4 30.5
NaN NaN NaN NaN NaN NaN NaN NaN NaN NaN NaN NaN NaN NaN NaN NaN NaN NaN NaN NaN NaN NaN NaN NaN NaN NaN NaN NaN NaN NaN NaN NaN NaN NaN NaN NaN NaN NaN NaN NaN NaN NaN NaN NaN NaN NaN NaN NaN NaN NaN NaN NaN NaN NaN NaN NaN NaN NaN 6.94 30.5 3.2 6.84 6.94 6.2 6.84 NaN NaN NaN NaN NaN NaN NaN NaN NaN NaN NaN NaN NaN NaN 5.3 30.8 30.5 30.7 30.6 30.5 30.7 31.3 30.9
NaN NaN NaN NaN NaN NaN NaN NaN NaN NaN NaN NaN NaN NaN NaN NaN NaN NaN NaN NaN NaN NaN NaN NaN NaN NaN NaN NaN NaN NaN NaN NaN NaN NaN NaN NaN NaN NaN NaN NaN NaN NaN NaN NaN NaN NaN NaN NaN NaN NaN NaN NaN NaN NaN NaN NaN NaN NaN NaN NaN NaN NaN NaN NaN NaN NaN NaN NaN NaN NaN NaN NaN NaN NaN NaN NaN NaN NaN NaN NaN NaN 6.38 22.8 31 30.9 30.7 30.6 30.8
NaN NaN NaN NaN NaN NaN NaN NaN NaN NaN NaN NaN NaN NaN NaN NaN NaN NaN NaN NaN NaN NaN NaN NaN NaN NaN NaN NaN NaN NaN NaN NaN NaN NaN NaN NaN NaN NaN NaN NaN NaN NaN NaN NaN NaN NaN NaN NaN NaN NaN NaN NaN NaN NaN NaN NaN NaN NaN NaN NaN NaN NaN NaN NaN NaN NaN NaN NaN NaN NaN NaN NaN NaN NaN NaN NaN NaN NaN NaN NaN NaN NaN NaN NaN 30.7 30.7 31 30.4
NaN NaN NaN NaN NaN NaN NaN NaN NaN NaN NaN NaN NaN NaN NaN NaN NaN NaN NaN NaN NaN NaN NaN NaN NaN NaN NaN NaN NaN NaN NaN NaN NaN NaN NaN NaN NaN NaN NaN NaN NaN NaN NaN NaN NaN NaN NaN NaN NaN NaN NaN NaN NaN NaN NaN NaN NaN NaN NaN NaN NaN NaN NaN NaN NaN NaN NaN NaN NaN NaN NaN NaN NaN NaN NaN NaN NaN NaN NaN NaN NaN NaN NaN NaN 30.4 30.3 30.8 30.9
NaN NaN NaN NaN NaN NaN NaN NaN NaN NaN NaN NaN NaN NaN NaN NaN NaN NaN NaN NaN NaN NaN NaN NaN NaN NaN NaN NaN NaN NaN NaN NaN NaN NaN NaN NaN NaN NaN NaN NaN NaN NaN NaN NaN NaN NaN NaN NaN NaN NaN NaN NaN NaN NaN NaN NaN NaN NaN NaN NaN NaN NaN NaN NaN NaN NaN NaN NaN NaN NaN NaN NaN NaN NaN NaN NaN NaN NaN NaN NaN NaN NaN NaN NaN 30.5 30.8 30.3 31.3
NaN NaN NaN NaN NaN NaN NaN NaN NaN NaN NaN NaN NaN NaN NaN NaN NaN NaN NaN NaN NaN NaN NaN NaN NaN NaN NaN NaN NaN NaN NaN NaN NaN NaN NaN NaN NaN NaN NaN NaN NaN NaN NaN NaN NaN NaN NaN NaN NaN NaN NaN NaN NaN NaN NaN NaN NaN NaN NaN NaN NaN NaN NaN NaN NaN NaN NaN NaN NaN NaN NaN NaN NaN NaN NaN NaN NaN NaN NaN NaN NaN NaN NaN 16.9 NaN 7.2 22.4 30.9
NaN NaN NaN NaN NaN NaN NaN NaN NaN NaN NaN NaN NaN NaN NaN NaN NaN NaN NaN NaN NaN NaN NaN NaN NaN NaN NaN NaN NaN NaN NaN NaN NaN NaN NaN NaN NaN NaN NaN NaN NaN NaN NaN NaN NaN NaN NaN NaN NaN NaN NaN NaN NaN NaN NaN NaN NaN NaN NaN NaN NaN NaN NaN NaN NaN NaN NaN NaN NaN NaN NaN NaN NaN NaN NaN NaN NaN NaN NaN NaN NaN 6.78 5.34 5.54 NaN NaN NaN NaN
NaN NaN NaN NaN NaN NaN NaN NaN NaN NaN NaN NaN NaN NaN NaN NaN NaN NaN NaN NaN NaN NaN NaN NaN NaN NaN NaN NaN NaN NaN NaN NaN NaN NaN NaN NaN NaN NaN NaN NaN NaN NaN NaN NaN NaN NaN NaN NaN NaN NaN NaN NaN NaN NaN NaN NaN NaN NaN NaN NaN NaN NaN NaN NaN NaN NaN NaN NaN NaN NaN NaN NaN NaN NaN NaN NaN NaN NaN NaN NaN NaN 30.4 30.2 5.04 5.6 30.6 NaN NaN
NaN NaN NaN NaN NaN NaN NaN NaN NaN NaN NaN NaN NaN NaN NaN NaN NaN NaN NaN NaN NaN NaN NaN NaN NaN NaN NaN NaN NaN NaN NaN NaN NaN NaN NaN NaN NaN NaN NaN NaN NaN NaN NaN NaN NaN NaN NaN NaN NaN NaN NaN NaN NaN NaN NaN NaN NaN NaN NaN NaN NaN NaN NaN NaN NaN NaN NaN NaN NaN NaN NaN NaN NaN NaN NaN NaN NaN NaN NaN 9.8 31 7 30.1 30.1 30.9 5.44 5.44 4.94
NaN NaN NaN NaN NaN NaN NaN NaN NaN NaN NaN NaN NaN NaN NaN NaN NaN NaN NaN NaN NaN NaN NaN NaN NaN NaN NaN NaN NaN NaN NaN NaN NaN NaN NaN NaN NaN NaN NaN NaN NaN NaN NaN NaN NaN NaN NaN NaN NaN NaN NaN NaN NaN NaN NaN NaN NaN NaN NaN NaN NaN NaN NaN NaN NaN NaN NaN NaN NaN NaN NaN NaN NaN NaN NaN NaN NaN NaN 30.4 30.9 30.5 30 30.8 30.7 5.14 30.2 13.2 6.1
NaN NaN NaN NaN NaN NaN NaN NaN NaN NaN NaN NaN NaN NaN NaN NaN NaN 10.8 30.3 10.7 30.5 10.9 10.8 10.7 10.7 NaN NaN NaN NaN NaN NaN NaN NaN NaN NaN NaN NaN NaN NaN NaN NaN NaN NaN NaN NaN NaN NaN NaN NaN NaN NaN NaN NaN NaN NaN NaN NaN NaN NaN NaN NaN NaN NaN NaN NaN NaN NaN NaN NaN NaN NaN NaN NaN NaN NaN NaN 6.18 7.04 25.2 30.8 6.64 30.4 11.3 11.1 5.04 5.44 4.94 1.4
NaN NaN NaN NaN NaN NaN NaN NaN NaN NaN NaN NaN NaN NaN NaN NaN 10.8 10.8 15.9 10.8 26.2 13.3 10.8 10.7 10.8 10.9 NaN NaN NaN NaN 10.7 10.8 10.8 NaN NaN NaN NaN NaN NaN NaN NaN NaN NaN NaN NaN NaN NaN NaN NaN NaN NaN NaN NaN NaN NaN NaN NaN NaN NaN NaN NaN NaN NaN NaN NaN NaN NaN NaN NaN NaN NaN NaN NaN NaN 6.68 5.68 5.84 19.3 6.54 6.94 30.9 30.3 6.34 4.74 5.34 5.34 5.1 NaN
NaN NaN NaN NaN NaN NaN NaN NaN NaN NaN NaN NaN NaN NaN NaN NaN 10.12 27.72 9.92 10.7 30.7 15.8 10.7 30.42 10.02 10.7 10.7 10.8 30.3 10.7 1.1 11.1 10.8 NaN NaN NaN NaN NaN NaN NaN NaN NaN NaN NaN NaN NaN NaN NaN NaN NaN NaN NaN NaN NaN NaN NaN NaN NaN NaN NaN NaN NaN NaN NaN 6.13 NaN NaN NaN NaN NaN NaN 14.2 30.6 30.7 28.8 31.2 5.94 6.54 6.54 6.44 30.5 18.9 25.6 4.74 5.14 4.94 4.84 5.14
NaN NaN NaN NaN NaN NaN NaN NaN NaN NaN NaN NaN NaN NaN NaN 30.6 26.2 30.32 10.02 12.52 22.82 10.02 15.02 30.12 10.02 9.92 12.42 10.7 9.92 9.92 10.12 12.42 10.7 NaN NaN NaN NaN NaN NaN NaN NaN NaN NaN NaN NaN NaN NaN NaN NaN NaN NaN NaN NaN NaN NaN NaN NaN NaN NaN NaN 6.43 6.74 6.14 6.24 6.3 6.4 6.54 6.54 6.64 NaN 6.78 6.79 5.59 5.94 5.94 6.34 5.64 15.7 30.3 30.4 6.14 30.9 30.5 30.9 23.6 30.9 31 5.24
NaN NaN NaN NaN NaN NaN NaN NaN NaN NaN NaN NaN NaN NaN NaN 10.9 18.6 10.02 30.32 15.22 20.02 12.42 9.92 9.92 9.92 9.82 9.82 1.1 10.02 10.02 10.02 9.92 NaN NaN NaN NaN NaN NaN NaN NaN NaN NaN NaN NaN NaN NaN NaN NaN NaN NaN NaN NaN NaN NaN NaN NaN NaN 6.73 6.63 6.44 6.5 6.4 6 6.3 6.3 6.4 6.3 6.8 5.89 6.19 5.89 30.3 6.09 6.04 5.94 30.2 6.34 15.3 13.3 12.5 30.1 30.5 30.6 30.9 31.5 31.1 30.4 30.4
NaN NaN NaN NaN NaN NaN NaN NaN NaN NaN NaN NaN NaN NaN NaN 30.12 22.52 12.82 30.42 10.32 12.52 25.22 9.92 30.12 1 9.82 9.92 10.02 15.02 10.02 NaN NaN NaN NaN NaN NaN NaN NaN NaN NaN NaN NaN NaN NaN NaN NaN NaN NaN NaN NaN NaN NaN NaN NaN NaN NaN 6.63 6.84 31 5.8 5.5 5.7 6.7 6.7 6.6 6.3 6.7 6.19 6.69 5.89 6.49 6.99 30.3 30.6 5.74 6.34 5.84 6.54 6.44 10.4 5.4 20.6 30.6 5.64 31.2 5.04 30.3 30.6
NaN NaN NaN NaN NaN NaN NaN NaN NaN NaN NaN NaN NaN NaN NaN 9.92 30.5 9.82 30.22 6.6 30.32 15.02 14.92 15.12 3.9 15.22 30.12 20.22 25.12 NaN NaN NaN NaN NaN NaN NaN NaN NaN NaN NaN NaN NaN NaN 10.31 17.81 NaN NaN NaN NaN NaN NaN NaN NaN NaN 6.23 6.44 6.64 5.7 5.7 5.8 5.6 6.6 6.5 6 6.5 6.4 6.3 6.29 6.39 6.19 5.79 6.19 5.79 5.84 30.2 5.84 6.54 6.24 8 5.2 30.7 3.4 30.9 6.64 5.24 31 30.8 30.4
NaN NaN NaN NaN NaN NaN NaN NaN NaN NaN NaN NaN NaN NaN NaN 14.92 30.5 1.1 11.6 15.32 10.12 30.02 22.52 10.12 30.02 9.82 9.82 30.5 NaN NaN NaN NaN NaN NaN NaN NaN NaN NaN NaN NaN NaN NaN 12.96 10.31 10.41 10.31 NaN NaN NaN NaN NaN NaN NaN 30.7 6.94 6.6 5.7 5.7 5.4 5.5 6.6 6.2 6.7 6.8 5.9 6.2 6.4 6.69 6.99 5.99 30 12.8 1.2 6.19 6.04 5.24 6.04 30.7 25.3 30.6 16.1 30.8 6.24 7.14 30.6 10.1 30.7 30.8
