Outfile_2.asc
NCOLS 201
NROWS 151
XLLCORNER 733748.947016
YLLCORNER 2561541.418206
CELLSIZE 137.483444
NODATA_VALUE NaN
[rows 0 to 39 of 151, columns 0 to 89 of 201]
NaN NaN NaN NaN NaN NaN NaN NaN NaN NaN NaN NaN NaN NaN NaN NaN NaN NaN NaN NaN NaN NaN NaN NaN NaN NaN NaN NaN NaN NaN NaN NaN NaN NaN NaN NaN NaN NaN NaN NaN 9.7 NaN NaN NaN 10.6 15.6 NaN NaN NaN NaN NaN NaN NaN NaN NaN NaN NaN NaN NaN NaN NaN NaN NaN NaN NaN NaN NaN NaN NaN NaN NaN NaN NaN NaN NaN NaN NaN NaN NaN NaN NaN NaN NaN NaN NaN NaN NaN NaN NaN NaN
NaN NaN NaN NaN NaN NaN NaN NaN NaN NaN NaN NaN NaN NaN NaN NaN NaN NaN NaN NaN NaN NaN NaN NaN NaN NaN NaN NaN NaN NaN NaN NaN NaN NaN NaN NaN NaN NaN NaN 10.6 10.6 13.4 30.1 20.8 30.4 13.3 10.5 NaN NaN NaN NaN NaN NaN NaN NaN NaN NaN NaN NaN NaN NaN NaN NaN NaN NaN NaN NaN NaN NaN NaN NaN NaN NaN NaN NaN NaN NaN NaN NaN NaN NaN NaN NaN NaN NaN NaN NaN NaN NaN NaN
NaN NaN NaN NaN NaN NaN NaN NaN NaN NaN NaN NaN NaN NaN NaN NaN NaN NaN NaN NaN NaN NaN NaN NaN NaN NaN NaN NaN NaN NaN NaN NaN NaN NaN NaN NaN NaN NaN NaN 30.6 13.3 18.2 10.6 20.8 10.8 18.1 10.5 7.9 7.9 8 9.6 8 8 7.9 7.8 NaN NaN NaN NaN NaN NaN NaN NaN NaN NaN NaN NaN NaN NaN NaN NaN NaN NaN NaN NaN NaN NaN NaN NaN NaN NaN NaN NaN NaN NaN NaN NaN NaN NaN NaN
NaN NaN NaN NaN NaN NaN NaN NaN NaN NaN NaN NaN NaN NaN NaN NaN NaN NaN NaN NaN NaN NaN NaN NaN NaN NaN NaN NaN NaN NaN NaN NaN NaN NaN NaN NaN NaN NaN NaN 8.2 8.1 8 8.1 8.2 11.1 7.9 8.1 7.8 10.6 7.9 7.8 7.9 8 8.1 7.9 7.8 NaN NaN NaN NaN NaN NaN NaN NaN NaN NaN NaN NaN NaN NaN NaN NaN NaN 7.9 7.9 7.8 NaN NaN NaN NaN NaN NaN NaN NaN NaN NaN NaN NaN NaN NaN
NaN NaN NaN NaN NaN NaN NaN NaN NaN NaN NaN NaN NaN NaN NaN NaN NaN NaN NaN NaN NaN NaN NaN NaN NaN NaN NaN NaN NaN NaN NaN NaN NaN NaN NaN NaN NaN 8.1 8 8 30.3 8 8.1 8.2 10.8 21 8.2 25.5 20.7 8 7.8 10.4 7.9 7.9 7.8 30.2 NaN NaN NaN NaN NaN NaN NaN NaN NaN NaN NaN NaN NaN NaN NaN NaN 8.1 8 7.9 8 NaN NaN NaN NaN NaN NaN NaN NaN NaN NaN NaN NaN NaN NaN
NaN NaN NaN NaN NaN NaN NaN NaN NaN NaN NaN NaN NaN NaN NaN NaN NaN NaN NaN NaN NaN NaN NaN NaN NaN NaN NaN NaN NaN NaN NaN NaN NaN NaN NaN NaN NaN 10.5 8.2 8.1 13.2 10.6 8 8.1 8 13.1 13.2 11 8.1 7 7.1 7.2 7.9 8 7.2 8 NaN NaN NaN NaN NaN NaN NaN NaN NaN NaN NaN NaN NaN 10.5 8 8.1 8 7.9 7.8 7.9 7.9 NaN NaN NaN NaN NaN NaN NaN NaN NaN NaN NaN NaN NaN
NaN NaN NaN NaN NaN NaN NaN NaN NaN NaN NaN NaN NaN NaN NaN NaN NaN NaN NaN NaN NaN NaN NaN NaN NaN NaN NaN NaN NaN NaN NaN NaN NaN NaN NaN NaN NaN 7.9 10.6 7.9 10.6 15.8 8.2 8.2 8.1 8 7.9 30.3 9.7 7.1 15 7.1 7 8.1 8 10.5 NaN NaN NaN NaN NaN NaN NaN NaN NaN NaN NaN 8.1 8.5 7.9 14.7 8.4 8 7.8 7.8 8 8 NaN NaN NaN NaN NaN NaN NaN NaN NaN NaN NaN NaN NaN
NaN NaN NaN NaN NaN NaN NaN NaN NaN NaN NaN NaN NaN NaN NaN NaN NaN NaN NaN NaN NaN NaN NaN NaN NaN NaN NaN NaN NaN NaN NaN NaN NaN NaN NaN NaN NaN 8 8.1 10.5 8 8 11 10.7 15.9 13.2 15 7.3 27.6 9.7 12.2 7.3 6.3 6.3 8 7.9 NaN NaN NaN NaN NaN NaN NaN NaN NaN NaN 8.1 8 10.9 8.3 8 30.9 20.7 8.1 8.1 21.6 7.9 NaN NaN NaN NaN NaN NaN NaN NaN NaN NaN NaN NaN NaN
NaN NaN NaN NaN NaN NaN NaN NaN NaN NaN NaN NaN NaN NaN NaN NaN NaN NaN NaN NaN NaN NaN NaN NaN NaN NaN NaN NaN NaN NaN NaN NaN NaN NaN NaN NaN NaN 10.7 8.1 7.9 7.9 7.9 8.2 8.1 25.7 7.3 7.2 7.3 7.5 30.6 7.1 7 30.4 6.4 7.2 NaN NaN NaN NaN NaN NaN NaN NaN NaN NaN 7.9 20.7 8.2 13.3 10.8 30.3 10.6 10.4 8 7.9 8 7.8 3.1 NaN NaN NaN NaN NaN NaN NaN NaN NaN NaN NaN NaN
NaN NaN NaN NaN NaN NaN NaN NaN NaN NaN NaN NaN NaN NaN NaN NaN NaN NaN NaN NaN NaN NaN NaN NaN NaN NaN NaN NaN NaN NaN NaN NaN NaN NaN NaN NaN 13.1 8.1 8.2 7.9 7.9 7.9 8.2 7.1 7.2 7.2 9.8 9.9 7.5 7.3 9.8 7.1 6.4 6.6 6.3 7.3 NaN NaN NaN NaN NaN NaN NaN NaN NaN 10.7 8 30.4 7.9 7.9 18.4 30.5 8 7.9 20.6 8 7.8 8 NaN NaN NaN NaN NaN NaN NaN NaN NaN NaN NaN NaN
NaN NaN NaN NaN NaN NaN NaN NaN NaN NaN NaN NaN NaN NaN NaN NaN NaN NaN NaN NaN NaN NaN NaN NaN NaN NaN NaN NaN NaN NaN NaN NaN NaN NaN NaN 7.8 8 30.7 8 7.9 7.9 7.9 9.8 7 7.4 7.2 7.1 10.3 14.7 7.5 9.6 7.1 7.1 6.4 6.5 6.7 NaN NaN NaN NaN NaN NaN NaN NaN 7.8 20.9 23.4 5.6 10.5 10.4 7.9 30.5 10.5 3 8 7.9 8.3 8 7.8 NaN NaN NaN NaN NaN NaN NaN NaN NaN NaN NaN
NaN NaN NaN NaN NaN NaN NaN NaN NaN NaN NaN NaN NaN NaN NaN NaN NaN NaN NaN NaN NaN NaN NaN NaN NaN NaN NaN NaN NaN NaN NaN NaN NaN NaN NaN 7.8 10.5 7.7 25.9 10.6 7.9 6.9 7.3 7.1 12.3 11.9 14.7 7.2 7.1 23.5 7.2 7.4 7.1 6.3 6.4 6.4 NaN NaN NaN 7.3 7.6 13.6 7.8 7.8 8 30.5 7.7 7.9 7.7 12.6 7.7 7.6 8 15.6 5.7 7.8 7.8 13.1 13.1 NaN NaN NaN NaN NaN NaN NaN 3.1 7.9 NaN NaN
NaN NaN NaN NaN NaN NaN NaN NaN NaN NaN NaN NaN NaN NaN NaN NaN NaN NaN NaN NaN NaN NaN NaN NaN NaN NaN NaN NaN NaN NaN NaN NaN NaN NaN NaN 7.9 7.9 7.6 18.1 10.7 6.8 7.1 7 6.8 7.3 6.6 6.6 6.2 7.2 7 30.6 9.8 14.9 7.2 5.9 6.3 6.4 NaN NaN 7 7.7 8.3 8.2 13.2 30.2 10.6 20.8 7.6 10.2 7.7 7.8 12.9 7.8 28 7.6 7.6 7.7 10.4 8.1 8.3 NaN NaN NaN NaN NaN NaN 8.1 7.9 NaN NaN
NaN NaN NaN NaN NaN NaN NaN NaN NaN NaN NaN NaN NaN NaN NaN NaN NaN NaN NaN NaN NaN NaN NaN NaN NaN NaN NaN NaN NaN NaN NaN NaN NaN NaN 10.2 15.3 10.3 6.6 6.8 6.8 7.3 7.1 6.8 6.7 6.9 6 6.6 6.5 10.2 9.6 7.1 7.2 30.4 7.3 6.4 6.3 6.3 7 NaN 9.9 7.5 18.6 30.3 10.7 8.4 30.3 30.6 30.4 10.4 30.4 8 8.1 7.9 25.6 8.4 7.9 10.2 10.6 8.3 10.7 18.3 NaN NaN NaN NaN 8.3 26.3 5.8 3.6 7.8
NaN NaN NaN NaN NaN NaN NaN NaN NaN NaN NaN NaN NaN NaN NaN NaN NaN NaN NaN NaN NaN NaN NaN NaN NaN NaN NaN NaN NaN NaN NaN NaN NaN 8 6.9 6.9 6.7 6.6 6.6 6.9 6.9 6.8 7 3.1 9.8 6.9 7.1 9 9 30.2 6.9 7.5 7.3 3.4 6.6 6.4 3.1 30.1 30.2 6.9 7.4 7.3 30.4 8.2 23.1 8 10.5 30.2 7.7 7.7 7.6 7.8 10.4 7.9 8 13.2 18.3 7.8 8 13.1 15.7 30.3 8.3 10.5 30.6 30.5 30.4 10.9 13.1 10.7
NaN NaN NaN NaN NaN NaN NaN NaN NaN NaN NaN NaN NaN NaN NaN NaN NaN NaN NaN NaN NaN NaN NaN NaN NaN NaN NaN NaN NaN NaN NaN NaN NaN 9.6 6.9 6.9 6.9 6.8 3.2 6.7 6.8 6.7 3.2 30.5 6.6 6.8 6.8 30.4 18.2 8.2 30.4 7.2 7.4 7.2 13.4 6.5 30.1 6.5 7.3 12.4 7.4 7.9 8.1 8 7.8 8.1 7.9 7.7 20.4 22.9 10.4 7.9 8 7.8 7.8 20.5 12.8 8 7.7 7.6 15.2 8.1 10.6 8.2 8.3 30.7 8.3 8.3 8.2 7.9
NaN NaN NaN NaN NaN NaN NaN NaN NaN NaN NaN NaN NaN NaN NaN NaN NaN NaN NaN NaN NaN NaN NaN NaN NaN NaN NaN NaN NaN NaN NaN NaN NaN 9.9 7.3 7 6.9 6.8 6.7 18.4 30.7 3.4 5.5 10.9 7.1 30.5 7.2 6.1 7.7 5.4 30.4 30.3 7.3 9.8 11.8 8.3 3.2 30.6 6.1 7.1 30.6 7.8 18 13.3 30.7 8 8.2 7.8 7.8 8 7.8 30.5 7.8 5.2 7.7 7.7 28.1 7.8 7.8 7.9 7.9 7.9 8 30.2 8.3 7.7 3.7 8.2 7.3 7.2
NaN NaN NaN NaN NaN NaN NaN NaN NaN NaN NaN NaN NaN NaN NaN NaN NaN NaN NaN NaN NaN NaN NaN NaN NaN NaN NaN NaN NaN NaN NaN NaN 7 7.2 6.9 7 7 7 6.9 6.9 7 7.1 7.1 6.7 6.5 7.4 14.6 6.7 9.1 5.2 23 21.7 20 5.9 6.8 18.4 6.4 6.2 6 7.2 14.8 23.2 7.2 10.6 10.4 30.2 10.2 15.4 7.7 7.7 7.7 7.7 8.1 7.8 10.3 13 15 12.8 7.7 8.7 9.6 7.7 7.8 6.9 24.3 17.3 7.7 1.1 6.7 10.6
NaN NaN NaN NaN NaN NaN NaN NaN NaN NaN NaN NaN NaN NaN NaN NaN NaN NaN NaN NaN NaN NaN NaN NaN NaN NaN NaN NaN NaN NaN NaN 9.6 12.5 6.8 6.9 6.9 6.6 7.2 9.1 6.9 6.6 6.9 7 6.8 1.3 30.5 11.2 6.7 3.2 5.9 5.7 5.6 6.7 12.4 6.7 6.4 7 6.2 6.1 5 5.8 9.7 6.8 7.1 30.3 17.8 7.7 10.2 7.8 7.9 10.2 15.4 13.2 11.7 5.8 30.2 30.5 7.7 27.9 7.6 12.3 6.9 6.8 6.5 5.8 6 30.4 6.9 1.4 7.1
NaN NaN NaN NaN NaN NaN NaN NaN NaN NaN NaN NaN NaN NaN NaN NaN NaN NaN NaN NaN NaN NaN NaN NaN NaN NaN NaN NaN NaN NaN NaN 12.4 6.8 6.8 7 6.9 6.6 6.9 6.8 6.6 6.4 30.4 6.7 1.2 6.6 19.2 8.7 6.9 19.8 5.9 6.1 5.8 5.9 6.7 13.6 7 7.2 5.9 6.2 5.9 5.9 6.4 7.1 9.8 7.9 26.8 7.9 10.2 7.7 7.6 12.8 13.1 30.2 7.7 24.2 13.5 9.8 7.4 7.5 7.4 7.1 7.1 6.9 7 11.6 7.1 7 6.9 6.9 7
NaN NaN NaN NaN NaN NaN NaN NaN NaN NaN NaN NaN NaN NaN NaN NaN NaN NaN NaN NaN NaN NaN NaN NaN NaN NaN NaN NaN NaN NaN 6.9 7.3 7.2 6.8 6.9 6.8 6.8 6.8 6.9 7.3 30.1 6.8 25.3 21 30.6 7.1 10.2 3.1 6.8 9.1 30.4 6.3 6.5 6.6 30.6 5.8 5.7 5.8 6.2 5.7 5.5 5.9 6.8 30.4 8 9.3 11.5 7.7 7.7 8.7 10.8 18 7.9 7.6 7.2 7.5 7.3 7.2 10 22.7 13.4 9.9 30.2 5.7 9.2 7 7 9.6 6.8 7
NaN NaN NaN NaN NaN NaN NaN NaN NaN NaN NaN NaN NaN NaN NaN NaN NaN NaN NaN NaN NaN NaN NaN NaN NaN NaN NaN NaN NaN NaN 6.9 6.9 3.3 6.5 30.3 6.8 6.9 6.9 7.2 6.1 6.6 6.7 30.6 18 1.2 13.5 5.8 5.7 5.7 6.2 5.9 8.5 6.7 NaN 5.1 5.9 5.6 1 6.2 6 4.7 NaN 6.9 7.1 7.1 7.6 30.4 30.4 7.7 7.6 7.7 11.7 7.6 7.4 14.9 7.4 7.1 7.3 7.4 25.1 19.8 7.2 30.2 16 5.1 7.4 12.7 30.2 6.9 1
NaN NaN NaN NaN NaN NaN NaN NaN NaN NaN NaN NaN NaN NaN NaN NaN NaN NaN NaN NaN NaN NaN NaN NaN NaN NaN NaN NaN NaN 6.8 7.2 9.1 6.7 6.8 16.6 6.6 7.7 30.2 30.1 30.2 6.4 6.9 6.7 6.7 10.4 30.5 30.7 6.2 30.6 6.4 6.2 6.3 6.7 30.4 6.5 6.4 5.7 5.9 5.9 5.4 6 NaN 6.2 6.2 5.2 6.8 26.6 10.2 7.7 14.1 12.8 7.7 7.2 10.1 29.8 7.3 7.3 7.6 10 10.3 8.6 26.8 3.2 1.1 7.9 30.3 8.3 8.2 7.2 3.6
NaN NaN NaN NaN NaN NaN NaN NaN NaN NaN NaN NaN NaN NaN NaN NaN NaN NaN NaN NaN NaN NaN NaN NaN NaN NaN NaN NaN 6.8 6.8 6.9 7.2 6.7 6.7 6.9 6.8 6.6 6.9 6.4 6.4 9.4 6 6.2 6.4 6 3.2 18.8 6.3 6.5 6.5 6.7 6.2 6.4 6.2 3 6.4 6.5 5.8 5.5 6 6 9.1 6.2 6.1 NaN 7 9 7.8 15.8 9.1 7.7 7.8 12.9 7.3 7.5 7.3 9.9 3.8 30.1 7.3 5.8 30.6 30.5 7.1 30.3 30.4 19.3 30.5 10.3 7.7
NaN NaN NaN NaN NaN NaN NaN NaN NaN NaN NaN NaN NaN NaN NaN NaN NaN NaN NaN NaN NaN NaN NaN NaN NaN NaN NaN 6.9 7 9.7 7 9.6 5.9 27.2 7 13 30.4 6.8 6.2 6.1 6.5 3.3 6.3 8.5 6.3 5.2 7.8 6.5 6.5 30.6 6.7 6.5 6.6 6.6 1.2 1.2 6.6 6.3 22.8 5.9 9.1 9.6 6.1 6 7.1 6 7.9 15.3 17.9 16.3 23.7 7.9 1.1 7.6 22.6 30.1 12.7 7.3 5.9 3.2 3.1 8.3 30.5 10.7 14.7 10.3 22.8 10.1 13 17.9
NaN NaN NaN NaN NaN NaN NaN NaN NaN NaN NaN NaN NaN NaN NaN NaN NaN NaN NaN NaN NaN NaN NaN NaN NaN NaN 6 7.1 6.4 6.2 7 6.7 6 5.9 7 6.9 6.9 7 6 5.8 7.5 6 5.1 5.3 25.5 30.3 5.9 6.6 6.4 6.3 3.2 6.5 6.8 6.4 16.7 6.2 1.4 6.5 6.2 5.8 6.1 29.6 6.5 30.6 12.2 30.3 7.1 7.2 30.5 25.9 14.8 7.7 7.6 7.8 7.8 7.6 13 17.3 30.3 7.1 30.3 3.4 7.7 3.4 12.2 30.4 8 8.8 30.4 7
NaN NaN NaN NaN NaN NaN NaN NaN NaN NaN NaN NaN NaN NaN NaN NaN NaN NaN NaN NaN NaN NaN NaN NaN NaN 6.2 6.8 6.2 6.6 6.2 7.1 6.9 6 6.1 6.1 7 6.8 6.1 5.9 6.4 6 6.2 30.5 10.1 3.4 30.2 31 6.3 6.5 6.5 6.3 6.3 6.4 6.3 11.1 30.4 5.4 5.8 5.2 5.1 5.2 5.7 30.4 30.7 6.1 6.2 5.9 30.4 5.7 3.5 9.1 7.3 9.2 7.7 7.5 7.5 11.5 9.9 7.4 6.7 17.2 3.5 5.2 15.9 3.7 30.6 7.4 7.1 20.5 27.4
NaN NaN NaN NaN NaN NaN NaN NaN NaN NaN NaN NaN NaN NaN NaN NaN NaN NaN NaN NaN NaN NaN NaN NaN NaN 6.1 6.5 6.3 6.1 6.3 6.3 6.1 5.8 5.9 6.3 30.5 7 6.7 5.8 1.2 6.1 30.3 6.1 5.5 30.4 8.2 30.5 6.5 27.9 25 6.4 5.3 6.4 30.3 25.3 5.7 5.6 5.6 5.7 5.4 5.4 5.2 12.3 5.9 6 6 6 6.1 6.4 24.2 6.8 7.3 7.3 7.2 3 3 30.3 7.4 30.5 6.9 3.3 8.2 20.5 15.4 11 21 17.6 30.7 30.5 30.5
NaN NaN NaN NaN NaN NaN NaN NaN NaN NaN NaN NaN NaN NaN NaN NaN NaN NaN NaN NaN NaN NaN NaN NaN 6 6.3 6.2 6.1 6 6.3 6.1 6 5.9 6.1 6.1 7.1 6.9 6.9 6.7 6 6.3 6.3 5.3 3.8 30.2 30.6 19.4 5.9 5.7 6.4 14.6 1.3 30 5.8 27.7 5.7 5.7 6.1 5.6 5.4 5.2 5.6 5.3 6.3 9.1 5.7 6.2 6.4 6.2 7.1 6.9 7 21.9 5.8 7.4 7.5 3.2 7.6 8.3 7.2 5.8 3.1 5.2 17.9 26 30.6 10.4 7.3 10.1 30.5
NaN NaN NaN NaN NaN NaN NaN NaN NaN NaN NaN NaN NaN NaN NaN NaN NaN NaN NaN NaN NaN NaN NaN 5.9 6 6.4 6.4 6 5.9 6.2 6.2 5.9 5.8 6.1 6.7 6.7 7.1 7.1 11.7 6 6.3 5.2 30.7 30.6 30.5 6.3 30.7 30.3 6.6 6.3 6.4 3.3 10.7 5.9 10.3 6 8.3 5.6 5.8 5.6 5.2 5.6 5.2 30.2 5.4 5.2 5.9 6.1 6.3 6.2 6.2 11.8 9.8 7.2 7.8 7.3 3.1 7.4 3.1 14.1 8.4 30.5 22.9 30.3 8.1 18 5.2 12.8 3.1 30.5
NaN NaN NaN NaN NaN NaN NaN NaN NaN NaN NaN NaN NaN NaN NaN NaN NaN NaN NaN NaN NaN NaN NaN 6.4 30.4 6.7 7 6 5.7 5.9 6.2 5.9 5.5 6.3 6.7 7 7.3 7.2 6.8 6.1 7.9 30.9 30.4 11.8 1.3 30.5 6.2 8 6.3 6.3 6.4 5.9 5.7 5.8 5.1 5.6 5.5 5.5 5.8 5.4 30.5 10.8 5.4 5.2 5.9 5.7 5.2 6.1 6.1 6.1 5.9 9.2 7.1 7.1 7.2 7.3 7.2 30.4 3.2 11 30.3 8 8.4 30.4 27.4 30.4 5.8 7 30.6 22.1
NaN NaN NaN NaN NaN NaN NaN NaN NaN NaN NaN NaN NaN NaN NaN NaN NaN NaN NaN NaN NaN NaN 6.1 8.2 30.3 5.7 3.4 1.1 6 3.2 5.8 5.9 5.6 6.1 6.6 6.9 6.7 30.6 30.7 6.2 6.1 6 6.1 6.1 5.9 6.7 6.7 23.4 6.5 6.2 1 6.1 20.3 5.7 3 6.2 5.4 6 6.2 5.5 5.7 6 1.5 5.8 5.7 5.8 5.2 6.1 5.8 6 5.9 26.9 6.3 7.1 8.4 8.3 30.8 7.5 7.2 30.3 5.7 23.4 3.4 18.1 10.2 15.8 9 30.1 12.1 30.8
NaN NaN NaN NaN NaN NaN NaN NaN NaN NaN NaN NaN NaN NaN NaN NaN NaN NaN NaN NaN NaN NaN 6.1 5.1 6.7 8.2 3.4 3.6 3.8 6.3 6.5 6.3 6 6 5.7 6.8 6.6 30.3 30.9 25.8 20.7 6 5.9 6 15.3 6.4 6.4 30.3 18.4 6.5 6.9 6.8 5.9 6 5.8 6.4 5.5 5.7 6 5.5 5.5 22.3 30.4 5.6 5.9 4.8 4.8 5.7 5.7 5.8 5.6 7.4 7.2 12.5 30.1 23.5 28.8 7 6.9 5.2 6.7 7.6 3.2 3.2 1 17.8 9.1 6.9 11.7 30
NaN NaN NaN NaN NaN NaN NaN NaN NaN NaN NaN NaN NaN NaN NaN NaN NaN NaN NaN NaN NaN NaN NaN 6.3 6.8 6.1 5.4 1.1 1.1 3.5 6.6 6.5 5.9 6.1 5.4 9.1 6.8 11.7 6.4 30.5 6.1 5.9 3.2 30.2 6.1 9.7 5.8 6.6 6.6 6.2 6.6 6.7 6.8 6.7 7 6 6.6 5.5 5.4 5.4 5.7 5.9 19.3 5.7 5.5 5 4.7 5.5 5.5 5.8 30.6 7.6 7.7 7.3 7.2 15.6 8.4 30.7 3.1 28.3 3.2 6.5 3 8.2 5.1 7.8 30.4 12.3 30.7 30.2
NaN NaN NaN NaN NaN NaN NaN NaN NaN NaN NaN NaN NaN NaN NaN NaN NaN NaN NaN NaN NaN NaN NaN 10.6 6.3 1 1.1 6 6 15.2 6.2 6.5 6.5 6.8 6.2 8.1 30.7 14.8 26.1 15.4 3.2 13.2 6.3 3.3 13.9 5.8 6 6.7 3.2 6.9 6.1 7.1 6.5 6.3 6.4 6.7 6.7 6.6 5.5 6.2 5.7 6 5.8 5.7 5.9 5.3 5.1 6 6 5.8 6.2 10.1 7.5 7.5 7.6 7.6 13.8 8.3 3.3 10.8 5.2 5.1 30.2 5.6 8.3 7 6.9 6.9 30.3 6.5
NaN NaN NaN NaN NaN NaN NaN NaN NaN NaN NaN NaN NaN NaN NaN NaN NaN NaN NaN NaN NaN 5.3 5.5 5.8 5.5 6.1 6.1 6 6.3 5.9 6.2 6.1 6.1 6.5 6.6 1.3 30.5 30.6 30.5 5.7 6.6 6.6 3.4 1.1 5.9 6.5 6.4 6.4 6.1 6 6.3 6.2 5.9 30.3 6 6.5 9.2 6.3 5.5 6.1 5.9 6.1 5.7 5.8 6.1 5.4 5.4 5.9 6.1 7.6 3.1 10.1 7.3 7.4 7.8 8.1 7.4 8.4 6 5.1 7.1 5.1 13.2 5.6 6.9 30.5 7.9 6.8 6.7 7.8
NaN NaN NaN NaN NaN NaN NaN NaN NaN NaN NaN NaN NaN NaN NaN NaN NaN NaN NaN 7 1 5.3 5.6 30.3 5.8 6.2 7.1 6.3 6 3 6.1 6.1 6 6.4 6.3 10.9 6.5 8.8 6.4 6.6 30.4 30.3 5.9 3.2 30.4 5.9 6 5.6 5.9 5.4 5.8 5.8 5.7 5.7 30.3 6.4 6.4 5.7 5.4 6 6.4 5.9 6 5.5 5 5.4 5.4 7.8 7.1 7.6 7.6 15.2 7.4 20.2 7.8 15.1 7.7 7.7 26.9 19.9 3.1 3.1 7.6 5.2 6.8 6.6 6.5 30.2 12.8 29.6
NaN NaN NaN NaN NaN NaN NaN NaN NaN NaN NaN NaN NaN NaN NaN NaN NaN NaN NaN 3 3 1 5.8 5.6 3 5.5 3.9 5.6 6.2 5.9 6.1 6.8 7.2 7.3 3.4 6.2 30.4 6.1 6.4 20.7 30.5 30.4 5.5 5.1 5.7 5.7 5.6 5.5 5.6 5.5 5.5 30.4 6.3 6.3 6 6 5.9 5.4 5.7 6.2 6.1 5.6 5.6 5.7 5.1 5.1 5.6 6 6 7.5 7.8 7.7 17.6 12.7 7.3 10.3 7.6 30.4 7.6 11 30.4 21.5 5.1 25.2 6.7 6.5 6.6 7.9 30.4 3.3
NaN NaN NaN NaN NaN NaN NaN NaN NaN NaN NaN NaN NaN NaN NaN NaN NaN NaN 6.3 5.5 5.3 5.5 5.4 5.4 3 5.6 5 5.4 5.3 5.4 6.3 6.2 30.3 7 6.9 7.2 7 6.1 1.1 11.5 5.5 5.9 30.7 5.1 5.6 5.3 5.2 5.3 5.6 5.5 5.2 5.9 5.9 15.3 30.2 6.1 6 5 17.7 5.7 5.5 6 5.5 5.6 5.1 4.9 5.6 5.7 6.1 7.6 6.2 15.1 7.8 6.2 5.9 6.2 7.6 5.8 7.5 7.2 7.4 30.3 10.9 5.3 5.2 6.8 6.5 6.6 30.3 5.1
NaN NaN NaN NaN NaN NaN NaN NaN NaN NaN NaN NaN NaN NaN NaN NaN NaN NaN 6.2 7 6.2 5.8 5.3 9.7 3.2 3.3 3.7 5.4 5.5 6.3 6.6 7 12.4 6.6 7.1 7.1 6.8 3.2 5.6 5.2 8.1 7.8 5.7 5.7 17.3 5.1 5 5.6 3.3 5.6 5.4 6 30.3 27.5 5.9 5.7 5.9 4.8 10.8 5.8 5.1 5.6 5.5 5 5.1 5.5 5.9 30.2 6.1 6.4 25.6 5.9 6.1 3.7 6.5 6.3 6.3 6.4 7.9 12.4 7.5 8 8.4 30.4 6.5 12.9 5.1 5.4 30.5 10.2
