Outfile_1.asc
NCOLS 201
NROWS 151
XLLCORNER 730592.938286
YLLCORNER 2561222.529137
CELLSIZE 145.176046
NODATA_VALUE NaN
[rows 33 to 65 of 151, columns 0 to 74 of 201]
NaN NaN NaN NaN NaN NaN NaN NaN NaN NaN NaN NaN NaN NaN NaN NaN NaN NaN NaN NaN NaN NaN NaN NaN NaN NaN NaN NaN NaN NaN NaN NaN NaN NaN NaN NaN NaN NaN NaN NaN NaN NaN NaN NaN 7.1 7.3 6.95 7.5 10.55 8.45 7.2 7.45 6.95 6.8 7.3 7.15 7.05 7.65 29.6618913743 30.3615508071 22.1205792798 16.278511354 7.9 6.4 6.75 6.5 6.5 7.1 7.55 7.05 7.0661994504 8.7663880718 6.7 6.0660289775 6.15
NaN NaN NaN NaN NaN NaN NaN NaN NaN NaN NaN NaN NaN NaN NaN NaN NaN NaN NaN NaN NaN NaN NaN NaN NaN NaN NaN NaN NaN NaN NaN NaN NaN NaN NaN NaN NaN NaN NaN NaN NaN NaN NaN 7.3 8.45 7.45 10 7.45 7.1 6.95 6.95 6.9 6.45 6.9 8.8 8.65 7.1 8.4 7.35 7.75 6.85 11.9270461645 10.128511354 3.95 21.1833333333 23.6833333333 20.1017072729 7 7.6 7 6.75 6.65 6.75 9.2722222222 6.5
NaN NaN NaN NaN NaN NaN NaN NaN NaN NaN NaN NaN NaN NaN NaN NaN NaN NaN NaN NaN NaN NaN NaN NaN NaN NaN NaN NaN NaN NaN NaN NaN NaN NaN NaN NaN NaN NaN NaN NaN NaN NaN NaN 7.8 7.7 9.5 5.45 6.7 4.9 4.5 6.85 7.25 6.35 7.1 7.25 7.55 7.3 30.15 6.95 30.164274771 6.85 6.65 18.2705792798 26.4540925512 7.55 6.95 6.85 7.2 6.95 6.85 13.4827842464 6.397996552 15.1017858479 12.4717300308 6.35
NaN NaN NaN NaN NaN NaN NaN NaN NaN NaN NaN NaN NaN NaN NaN NaN NaN NaN NaN NaN NaN NaN NaN NaN NaN NaN NaN NaN NaN NaN NaN NaN NaN NaN NaN NaN NaN NaN NaN NaN NaN NaN NaN 19.5 14.35 13.9 7 6.15 4.1 7.25 7.6 7.35 7.3 6.75 7.65 8.85 7.75 30.15 30.25 19.3 7.6 6.65 7.05 7.3134491708 6.5 7 6.8384487607 6.1726779369 6.9 7.8333333333 8.9 7.05 16.2160289775 7.95 7.75
NaN NaN NaN NaN NaN NaN NaN NaN NaN NaN NaN NaN NaN NaN NaN NaN NaN NaN NaN NaN NaN NaN NaN NaN NaN NaN NaN NaN NaN NaN NaN NaN NaN NaN NaN NaN NaN NaN NaN NaN NaN NaN NaN 6.5 8.85 5.75 8.15 3.45 7.25 6.15 11.4 7.1 8.35 7.3 6.75 30.3 8.35 30.1 8.7 14.2 6.85 6.95 5.5328101159 6.75 7.3556550252 6.8 7 6.95 7.05 9.95 13.3 7.4 8.55 9 4.95
NaN NaN NaN NaN NaN NaN NaN NaN NaN NaN NaN NaN NaN NaN NaN NaN NaN NaN NaN NaN NaN NaN NaN NaN NaN NaN NaN NaN NaN NaN NaN NaN NaN NaN NaN NaN NaN NaN NaN NaN NaN NaN NaN NaN 11.9 18.05 6.8 8.3 7.25 7.75 8.4 8.9 9.6 7.4 7.45 7.45 29.15 30.25 5.9 9.85 6.95 6.85 7.7 12.85 5.6 6.6 6.9 13.4953558739 11.15 4.9584518793 15.3134491708 8.2 7.75 7.15 8.25
NaN NaN NaN NaN NaN NaN NaN NaN NaN NaN NaN NaN NaN NaN NaN NaN NaN NaN NaN NaN NaN NaN NaN NaN NaN NaN NaN NaN NaN NaN NaN NaN NaN NaN NaN NaN NaN NaN NaN NaN NaN NaN 6.55 6.75 6.7 6.7 5.8 13.25 11.7 8.05 8.3 7.75 7.3 16.3 20.65 8.75 7.65 22 12.75 6.9 6.9 1.3 5.4 2.95 7.3 6.7 6.75 6.45 6.25 6.55 6.75 7.75 22.9618913743 7.2 8
NaN NaN NaN NaN NaN NaN NaN NaN NaN NaN NaN NaN NaN NaN NaN NaN NaN NaN NaN NaN NaN NaN NaN NaN NaN NaN NaN NaN NaN NaN NaN NaN NaN NaN NaN NaN NaN NaN NaN NaN 2.2 11 5 6.8 5 6.9 10.55 8.05 7.3 18.95 7.55 9.1 7.9 7.4 7.15 10.5 4.55 6.85 6.9 8.85 3.4 6.75 9.4 17.9 5.95 6.35 6.45 6.05 6.25 5.8 6.7 6.9 7 24.9268182948 7.514274771
NaN NaN NaN NaN NaN NaN NaN NaN NaN NaN NaN NaN NaN NaN NaN NaN NaN NaN NaN NaN NaN NaN NaN NaN NaN NaN NaN NaN NaN NaN NaN NaN NaN NaN NaN NaN NaN NaN NaN 9.4 11 6.35 6.45 5.95 29.7 6.85 5 6.65 24.25 7.3 8 9.15 9.95 18.25 8.1 7.55 7.85 7.45 1.85 1.95 7.95 8.3 5.95 5.9 5.9 5.85 5.95 6.15 5.85 30.1856743286 6.95 6.8 19.1705792798 7.15 6.5
NaN NaN NaN NaN NaN NaN NaN NaN NaN NaN NaN NaN NaN NaN NaN NaN NaN NaN NaN NaN NaN NaN NaN NaN NaN NaN NaN NaN NaN NaN NaN NaN NaN NaN NaN NaN NaN NaN NaN 6.65 6.65 5.9 6.5 6.3 7.35 21.1 6.5 6.5 6.85 7.05 6.7 8.3 14.8 7.55 10.5 9.15 8.05 4.9 5.4 6.1 7.05 5.05 5.95 5.9 17.4 25.3 6.15 6.05 6.2 5.85 6.7 6.8 8.178511354 8.6892557464 6.6
NaN NaN NaN NaN NaN NaN NaN NaN NaN NaN NaN NaN NaN NaN NaN NaN NaN NaN NaN NaN NaN NaN NaN NaN NaN NaN NaN NaN NaN NaN NaN NaN NaN NaN NaN NaN NaN NaN NaN 6.95 10.9 6.7 6.45 6.5 6.6 14.6 8.65 6.25 6.9 7.2 7 10.15 6.75 7.25 8.65 4.75 30.15 6.9 6.25 21.9 8.6 5.25 5.9 6.1 6.4 5.4 6.15 4.9 5.75 6 9.2767895821 10.7356743286 18.6333333333 6.85 15.1392557464
NaN NaN NaN NaN NaN NaN NaN NaN NaN NaN NaN NaN NaN NaN NaN NaN NaN NaN NaN NaN NaN NaN NaN NaN NaN NaN NaN NaN NaN NaN NaN NaN NaN NaN NaN NaN NaN NaN 7.3 7.4 7.45 7.35 7 6.45 6.4 6.9 6.95 7 7.15 7.1 7 7.6 6.4 6.75 7.1 9.55 6.85 6.85 6.9 6.5 8.75 6.75 6.65 7.35 5.8 11.1 6.4 6.1 5.95 6 12.6446277864 22.3767895821 30.0856743286 6.6 6.65
NaN NaN NaN NaN NaN NaN NaN NaN NaN NaN NaN NaN NaN NaN NaN NaN NaN NaN NaN NaN NaN NaN NaN NaN NaN NaN NaN NaN NaN NaN NaN NaN NaN NaN NaN NaN NaN NaN 8.35 10 7.35 8.4 8.35 6.85 6.75 9 7.05 7.6 10.4 6.95 6.9 7.15 6.85 6.7 7.05 6.95 7.05 9.55 6.15 13.5 6.35 30.05 5.25 5.95 5.55 6.1 19.65 5.9 9.5 6.75 6.8 6.55 6.3 5.9166666667 19.2570224301
NaN NaN NaN NaN NaN NaN NaN NaN NaN NaN NaN NaN NaN NaN NaN NaN NaN NaN NaN NaN NaN NaN NaN NaN NaN NaN NaN NaN NaN NaN NaN NaN NaN NaN NaN NaN NaN NaN 7.4 7.7 7.65 9.3 7.3 8.7 7.3 7.5 6.8 7.05 7.8 6.75 6.9 8.2 6.6 6.15 7 9.1 5.1 6.95 6.15 12.85 30.1 11.4 30.2 9.9 17.55 6.1 5.85 6.05 6.75 6.5 6.65 16.7742242458 28.0946277864 16.3928371643 26.96898463
NaN NaN NaN NaN NaN NaN NaN NaN NaN NaN NaN NaN NaN NaN NaN NaN NaN NaN NaN NaN NaN NaN NaN NaN NaN NaN NaN NaN NaN NaN NaN NaN NaN NaN NaN NaN NaN NaN 8.65 7.1 7.5 8.4 7.95 8.65 10.65 6.95 7 7.7 7.1 6.8 7.3 7.1 6.8 12.75 7 5.3 6.1 6.55 22.25 30 4.55 18.1 6.15 7.85 10.55 30 6.6 6.95 6.55 7.85 17.6083333333 18.5083333333 30.085702243 10.6423526966 30.0928371643
NaN NaN NaN NaN NaN NaN NaN NaN NaN NaN NaN NaN NaN NaN NaN NaN NaN NaN NaN NaN NaN NaN NaN NaN NaN NaN NaN NaN NaN NaN NaN NaN NaN NaN NaN NaN NaN NaN 7.9 8 9.8 9.6 7.6 7.5 30.4 13.25 7.15 7.1 8.25 9.7 7.6 30.15 7.6 6.95 7 6.95 13.55 6.45 9.85 14.1 7.1 6.95 11.8521130107 6.45 6.4 6.45 6.55 6.5777777778 7 7.25 13.603030303 16.753030303 12.103030303 6.25 6.65
NaN NaN NaN NaN NaN NaN NaN NaN NaN NaN NaN NaN NaN NaN NaN NaN NaN NaN NaN NaN NaN NaN NaN NaN NaN NaN NaN NaN NaN NaN NaN NaN NaN NaN NaN NaN NaN 8.5 8.65 9.2 8.25 8.2 7.45 9.15 7.8 8 7.05 7 30.15 30.1 29.2 7.25 6.9 6.9 7.05 5.95 14.5 6.4 6.2 18.8188440482 7.885702243 17.5064102564 13.1847858837 6 6.5 6.4666666667 7.25 9.4261904762 7.3 7.1 8.65 7 7 7.05 18.9761904762
NaN NaN NaN NaN NaN NaN NaN NaN NaN NaN NaN NaN NaN NaN NaN NaN NaN NaN NaN NaN NaN NaN NaN NaN NaN NaN NaN NaN NaN NaN NaN NaN NaN NaN NaN NaN 10 8.65 7.75 8.85 9.95 10.1 7.95 7.6 8.3 7.3 14.2 7.4 26.35 7.2 7.4 30.3 7.15 6.75 4.5647188482 6.6 6.05 5.85 4.2847858837 5.9692754236 5.7 5.9 5.7 5.95 17.7584518793 8.2 7.25 7.8 10.5 7.45 7.7 16.6333333333 24.9333333333 12.7070224301 8.7
NaN NaN NaN NaN NaN NaN NaN NaN NaN NaN NaN NaN NaN NaN NaN NaN NaN NaN NaN NaN NaN NaN NaN NaN NaN NaN NaN NaN NaN NaN NaN NaN NaN NaN NaN 8 10.15 7.2 8 11.4 8.55 10 8.35 7.75 8.55 9.1 7.45 8.45 8.4 8.8 7.25 6.95 6.35 5.7 13.0094922192 4.7884487607 5.1226779369 4.0166666667 3.3261904762 10.6216618094 7.6453558739 6.9040925512 17.6666666667 30.0833333333 22.7 11.2 9.5 18.59071197 NaN NaN 7.15 7.3 30.4333333333 7.6 7.85
NaN NaN NaN NaN NaN NaN NaN NaN NaN NaN NaN NaN NaN NaN NaN NaN NaN NaN NaN NaN NaN NaN NaN NaN NaN NaN NaN NaN NaN NaN NaN NaN NaN NaN NaN 7.45 9.8 7.35 7.95 11.4 9.1 11.1 10.05 10.6579276146 8.5 9.2 8.6 10.2 11.7 17.6768601941 8.7 8.1901371761 7.6 6.9761904762 8.2555555556 6.6166666667 10.1833333333 7.0111111111 8.3666666667 6.1833333333 21.55 22.2833333333 24.34071197 6.2 7.65 7.1 7.25 7.1 NaN NaN NaN NaN 8.85 9.9666666667 10.15
NaN NaN NaN NaN NaN NaN NaN NaN NaN NaN NaN NaN NaN NaN NaN NaN NaN NaN NaN NaN NaN NaN NaN NaN NaN NaN NaN NaN NaN NaN NaN NaN NaN NaN NaN 9.15 7.75 8.75 10.9 15.05 10.5608185325 28.1399385949 16.95 11.0517858479 30.1816790289 15.5681050248 20.5634491708 6.7078685395 10.55 6.36898463 13.1166666667 29.2833333333 10.25 26.6666666667 21.4333333333 3.55 13.4833333333 5.1666666667 6.34071197 4.8745006541 5.6453558739 14.5555555556 21.3214045971 6.1 7.7 6.9 6.95 7.2 NaN NaN NaN NaN 3.3950715499 10.3064102564 8.5
NaN NaN NaN NaN NaN NaN NaN NaN NaN NaN NaN NaN NaN NaN NaN NaN NaN NaN NaN NaN NaN NaN NaN NaN NaN NaN NaN NaN NaN NaN NaN NaN NaN NaN NaN NaN 30.15 30.4 11.45 30.6450715499 17.0258686137 8.15 13.1542261031 7.75 8.4 8.05 8.0584518793 24.1745006541 30.478511354 9.4 15.85 7.6 8.75 15.6166666667 3.428511354 6.8245006541 4.4953558739 5.51898463 3.347996552 2.9578685395 3.8542261031 8.2884487607 17.5017858479 8.65 6.89984391 7.75 7.8 10.8 NaN NaN NaN NaN NaN NaN NaN
NaN NaN NaN NaN NaN NaN NaN NaN NaN NaN NaN NaN NaN NaN NaN NaN NaN NaN NaN NaN NaN NaN NaN NaN NaN NaN NaN NaN NaN NaN NaN NaN NaN NaN NaN NaN NaN 30.1635231517 30.8594922192 30.0726779369 30.4376880965 30.3716618094 30.1245006541 9.15 7.45 30.3333333333 9.8 8.85 14.15 8.75 8 NaN NaN 8.9 6.8 18.9042261031 9.3615508071 14.4268601941 10.4017858479 10.123998276 4.153428636 3.7789342698 21.8108185325 18 9.15 8.3 9.3 9.25 7.9 NaN NaN NaN NaN NaN NaN
NaN NaN NaN NaN NaN NaN NaN NaN NaN NaN NaN NaN NaN NaN NaN NaN NaN NaN NaN NaN NaN NaN NaN NaN NaN NaN NaN NaN NaN NaN NaN NaN NaN NaN NaN NaN NaN NaN 12.15 30.2453558739 20.2 9.3 9.85 10.95 8.6611111111 8.3 10.2 30.5555555556 15.15 12.35 NaN NaN NaN NaN 6.85 30.303428636 6.435702243 6.9702728564 9.2079276146 3.3 17 5.8 9.75 12.4 19.55 12 7.65 8.2 NaN NaN NaN NaN NaN NaN 9.9
NaN NaN NaN NaN NaN NaN NaN NaN NaN NaN NaN NaN NaN NaN NaN NaN NaN NaN NaN NaN NaN NaN NaN NaN NaN NaN NaN NaN NaN NaN NaN NaN NaN NaN NaN NaN NaN NaN NaN 8.85 10.95 8.35 14.45 8.1 8 17.25 10.5 30.3594922192 10.55 11 NaN NaN NaN NaN NaN 7 7.05 8.75 8 6.85 7.05 18.05 9.3 8.9 6.95 7.9 7.6 7.35 NaN NaN NaN NaN NaN NaN 8.5
NaN NaN NaN NaN NaN NaN NaN NaN NaN NaN NaN NaN NaN NaN NaN NaN NaN NaN NaN NaN NaN NaN NaN NaN NaN NaN NaN NaN NaN NaN NaN NaN NaN NaN NaN NaN NaN NaN NaN NaN 8.9 9.6 9.35 9.4 17.1 15 12.6 10.05 20.8 9.65 NaN NaN NaN NaN NaN 6.75 7.05 10.6 17.1 25.05 14.3 7.05 6.95 6.85 7.55 8.95 8.2 NaN NaN NaN NaN NaN NaN NaN NaN
NaN NaN NaN NaN NaN NaN NaN NaN NaN NaN NaN NaN NaN NaN NaN NaN NaN NaN NaN NaN NaN NaN NaN NaN NaN NaN NaN NaN NaN NaN NaN NaN NaN NaN NaN NaN NaN NaN NaN NaN NaN 9.35 9.55 NaN NaN 10.55 15.9 9.55 30.1 NaN NaN NaN NaN NaN NaN 6.7 NaN 7.05 11.6 7.15 8.7 7 NaN 6.75 6.75 7.05 8.2 NaN NaN NaN NaN NaN NaN NaN NaN
NaN NaN NaN NaN NaN NaN NaN NaN NaN NaN NaN NaN NaN NaN NaN NaN NaN NaN NaN NaN NaN NaN NaN NaN NaN NaN NaN NaN NaN NaN NaN NaN NaN NaN NaN NaN NaN NaN NaN NaN NaN NaN NaN NaN NaN 12 8.9 7.8 9.5 NaN NaN NaN NaN NaN NaN NaN NaN 6.75 7 7.25 6.95 NaN NaN NaN NaN 6.9 7.6 NaN NaN NaN NaN NaN NaN NaN NaN
NaN NaN NaN NaN NaN NaN NaN NaN NaN NaN NaN NaN NaN NaN NaN NaN NaN NaN NaN NaN NaN NaN NaN NaN NaN NaN NaN NaN NaN NaN NaN NaN NaN NaN NaN NaN NaN NaN NaN NaN NaN NaN NaN NaN NaN NaN 8.4 NaN NaN NaN NaN NaN NaN NaN NaN NaN NaN NaN NaN NaN NaN NaN NaN NaN NaN 6.85 NaN NaN NaN NaN NaN NaN NaN NaN NaN
NaN NaN NaN NaN NaN NaN NaN NaN NaN NaN NaN NaN NaN NaN NaN NaN NaN NaN NaN NaN NaN NaN NaN NaN NaN NaN NaN NaN NaN NaN NaN NaN NaN NaN NaN NaN NaN NaN NaN NaN NaN NaN NaN NaN NaN NaN NaN NaN NaN NaN NaN NaN NaN NaN NaN NaN NaN NaN NaN NaN NaN NaN NaN NaN NaN 6.75 NaN NaN NaN NaN NaN NaN NaN NaN NaN
NaN NaN NaN NaN NaN NaN NaN NaN NaN NaN NaN NaN NaN NaN NaN NaN NaN NaN NaN NaN NaN NaN NaN NaN NaN NaN NaN NaN NaN NaN NaN NaN NaN NaN NaN NaN NaN NaN NaN NaN NaN NaN NaN NaN NaN NaN NaN NaN NaN NaN NaN NaN NaN NaN NaN NaN NaN NaN NaN NaN NaN NaN NaN NaN NaN NaN NaN NaN NaN NaN NaN NaN NaN NaN NaN
NaN NaN NaN NaN NaN NaN NaN NaN NaN NaN NaN NaN NaN NaN NaN NaN NaN NaN NaN NaN NaN NaN NaN NaN NaN NaN NaN NaN NaN NaN NaN NaN NaN NaN NaN NaN NaN NaN NaN NaN NaN NaN NaN NaN NaN NaN NaN NaN NaN NaN NaN NaN NaN NaN NaN NaN NaN NaN NaN NaN NaN NaN NaN NaN NaN NaN NaN NaN NaN NaN NaN NaN NaN NaN NaN
NaN NaN NaN NaN NaN NaN NaN NaN NaN NaN NaN NaN NaN NaN NaN NaN NaN NaN NaN NaN NaN NaN NaN NaN NaN NaN NaN NaN NaN NaN NaN NaN NaN NaN NaN NaN NaN NaN NaN NaN NaN NaN NaN NaN NaN NaN NaN NaN NaN NaN NaN NaN NaN NaN NaN NaN NaN NaN NaN NaN NaN NaN NaN NaN NaN NaN NaN NaN NaN NaN NaN NaN NaN NaN NaN
