Outfile_4.asc
NCOLS 201
NROWS 151
XLLCORNER 730592.938286
YLLCORNER 2561222.529137
CELLSIZE 145.176046
NODATA_VALUE NaN
[rows 33 to 65 of 151, columns 0 to 73 of 201]
NaN NaN NaN NaN NaN NaN NaN NaN NaN NaN NaN NaN NaN NaN NaN NaN NaN NaN NaN NaN NaN NaN NaN NaN NaN NaN NaN NaN NaN NaN NaN NaN NaN NaN NaN NaN NaN NaN NaN NaN NaN NaN NaN NaN 7.7 9.2 17.7 19.97 16.2 10.75 14.2 20.074 7.55 8.55 8.45 9.9 9.4 11.2 19.9828913743 20.0295508071 7.0705792798 9.028511354 6.55 9.75 10.2 9 8.8 13 13.3 9.9 7.0161994504 6.0163880718 9.95 6.7160289775
NaN NaN NaN NaN NaN NaN NaN NaN NaN NaN NaN NaN NaN NaN NaN NaN NaN NaN NaN NaN NaN NaN NaN NaN NaN NaN NaN NaN NaN NaN NaN NaN NaN NaN NaN NaN NaN NaN NaN NaN NaN NaN NaN 8.7 10.65 10.45 12.7 10.45 10.5 12.2 14.9 8.75 7.6 7.4 10.95 14.95 13.5 20.097 9.3 16.75 8.8 6.5770461645 9.828511354 2.7 20.3463333333 20.3723333333 20.0217072729 11.8 19.3 10.2 8.65 11.6 7.2 6.3222222222
NaN NaN NaN NaN NaN NaN NaN NaN NaN NaN NaN NaN NaN NaN NaN NaN NaN NaN NaN NaN NaN NaN NaN NaN NaN NaN NaN NaN NaN NaN NaN NaN NaN NaN NaN NaN NaN NaN NaN NaN NaN NaN NaN 10.4 5.1 11.6 5.7 2.45 2.05 2.65 19.991 7.55 7.75 7.7 17.4 8.2 16.1 19.951 9.6 6.664274771 9.9 8.7 19.9835792798 19.9620925512 14.05 11.4 9.65 19.955 10.15 10.3 20.0417842464 6.047996552 20.0687858479 19.9957300308
NaN NaN NaN NaN NaN NaN NaN NaN NaN NaN NaN NaN NaN NaN NaN NaN NaN NaN NaN NaN NaN NaN NaN NaN NaN NaN NaN NaN NaN NaN NaN NaN NaN NaN NaN NaN NaN NaN NaN NaN NaN NaN NaN 5.9 6.15 5.1 5.9 2.65 1.95 20.018 11.7 11.55 13.1 9.1 11 10.65 10.85 19.967 20.028 6.35 8 7.95 8.5 6.7134491708 7.5 9.65 6.1384487607 6.1226779369 8.95 6.0333333333 19.971 9.05 6.7660289775 19.7
NaN NaN NaN NaN NaN NaN NaN NaN NaN NaN NaN NaN NaN NaN NaN NaN NaN NaN NaN NaN NaN NaN NaN NaN NaN NaN NaN NaN NaN NaN NaN NaN NaN NaN NaN NaN NaN NaN NaN NaN NaN NaN NaN 4.95 10.1 2.6 16.05 2.4 2.8 2.95 20.044 11.9 20.063 15 8 20.134 9.6 5.65 9.5 6.6 10.25 5.45 5.5328101159 14.35 6.9056550252 8.7 12.45 15.55 19.15 11.1 11.7 10.6 11.75 19.945
NaN NaN NaN NaN NaN NaN NaN NaN NaN NaN NaN NaN NaN NaN NaN NaN NaN NaN NaN NaN NaN NaN NaN NaN NaN NaN NaN NaN NaN NaN NaN NaN NaN NaN NaN NaN NaN NaN NaN NaN NaN NaN NaN NaN 5.7 5.3 2.4 13.6 9.55 18.45 9.85 20.097 17.35 15.05 8.95 5.85 20.182 20.174 5.95 6 6.25 5.7 6.5 2.75 2.65 8.4 13.8 6.5453558739 13.1 3.5084518793 11.2134491708 12.6 10.55 9.2
NaN NaN NaN NaN NaN NaN NaN NaN NaN NaN NaN NaN NaN NaN NaN NaN NaN NaN NaN NaN NaN NaN NaN NaN NaN NaN NaN NaN NaN NaN NaN NaN NaN NaN NaN NaN NaN NaN NaN NaN NaN NaN 8.2 10.75 8.45 10.95 2.55 19.934 2.7 16.7 18.05 9.25 11.65 20.171 19.994 12.2 5.65 20.066 18.8 14.5 9.1 2.65 2.6 2.6 5.6 9 12.8 7.75 9.6 19.907 9.3 9.8 19.9758913743 10.4
NaN NaN NaN NaN NaN NaN NaN NaN NaN NaN NaN NaN NaN NaN NaN NaN NaN NaN NaN NaN NaN NaN NaN NaN NaN NaN NaN NaN NaN NaN NaN NaN NaN NaN NaN NaN NaN NaN NaN NaN 1.65 5 5.75 2.8 5.7 9.35 19.955 9.05 10.3 2.9 20.005 15.25 19.926 19.913 5.4 12.9 2.7 8.05 8.45 2.2 2.55 8.4 5.95 19.976 8.55 7.65 7.45 6.75 8.3 8 10.15 9.95 10.95 19.9768182948
NaN NaN NaN NaN NaN NaN NaN NaN NaN NaN NaN NaN NaN NaN NaN NaN NaN NaN NaN NaN NaN NaN NaN NaN NaN NaN NaN NaN NaN NaN NaN NaN NaN NaN NaN NaN NaN NaN NaN 15.55 5.65 7.05 5.45 5.65 6.9 10 3 9.35 20.074 15.7 19.953 6.2 19.951 6.55 13.75 12.15 14.6 5.8 2.45 2.15 5.7 6.25 8.45 7.9 6.85 6.8 7.15 7.2 7.2 20.0846743286 7.45 9.7 20.0105792798 11.45
NaN NaN NaN NaN NaN NaN NaN NaN NaN NaN NaN NaN NaN NaN NaN NaN NaN NaN NaN NaN NaN NaN NaN NaN NaN NaN NaN NaN NaN NaN NaN NaN NaN NaN NaN NaN NaN NaN NaN 9.05 9.2 5.55 8.95 7.6 5.85 6 7.2 8.2 11.35 11.8 11.15 14.05 5.5 12 19.988 19.95 20.02 3.05 5.5 7.1 5.45 5.8 7.85 7.55 19.75 20.014 6.9 7.1 7.15 7.7 13.05 18.05 6.928511354 6.2892557464
NaN NaN NaN NaN NaN NaN NaN NaN NaN NaN NaN NaN NaN NaN NaN NaN NaN NaN NaN NaN NaN NaN NaN NaN NaN NaN NaN NaN NaN NaN NaN NaN NaN NaN NaN NaN NaN NaN NaN 19.978 20.074 8.65 7.65 12.3 9.3 6.45 5.1 10.8 8.55 10.7 19.15 7.55 7.95 11.25 19.93 5.5 20.044 5.85 6.8 4.85 6.25 6.25 7.15 7 7.85 5.65 7.2 5.5 6.65 8.15 20.0747895821 20.0996743286 20.0903333333 7.7
NaN NaN NaN NaN NaN NaN NaN NaN NaN NaN NaN NaN NaN NaN NaN NaN NaN NaN NaN NaN NaN NaN NaN NaN NaN NaN NaN NaN NaN NaN NaN NaN NaN NaN NaN NaN NaN NaN 13.65 19.85 17.2 12.35 19.907 8.25 11 16.35 17.15 9.1 10.3 20.009 13.1 10.05 5.5 8.5 9.55 5.75 8.2 13.6 8.6 6.95 4.9 7.25 5.85 5.2 7 6.9 7.2 8.2 8.75 6.85 20.0556277864 20.0727895821 20.1086743286 7.3
NaN NaN NaN NaN NaN NaN NaN NaN NaN NaN NaN NaN NaN NaN NaN NaN NaN NaN NaN NaN NaN NaN NaN NaN NaN NaN NaN NaN NaN NaN NaN NaN NaN NaN NaN NaN NaN NaN 10.25 18.8 15.4 19.913 14.2 8.55 9.35 20.045 8.45 20.021 11.15 8.95 11.15 17 12.7 8.45 11.4 14.7 8.55 5.8 5.35 6.45 7.9 20.054 6.85 7.75 6.8 7.75 20.121 6.5 5.4 8.55 10.4 7.35 7.05 5.6166666667
NaN NaN NaN NaN NaN NaN NaN NaN NaN NaN NaN NaN NaN NaN NaN NaN NaN NaN NaN NaN NaN NaN NaN NaN NaN NaN NaN NaN NaN NaN NaN NaN NaN NaN NaN NaN NaN NaN 20.004 20.086 19.966 13.55 13 19.982 20.08 8.3 11 6.65 8.45 11.6 12.4 10.95 19.953 5.55 5.4 5.8 5.65 20.064 7.1 20.024 20.033 13.9 19.928 19.4 13.45 6.35 6.4 6.85 11.45 9.35 10.45 19.9942242458 18.6446277864 20.0778371643
NaN NaN NaN NaN NaN NaN NaN NaN NaN NaN NaN NaN NaN NaN NaN NaN NaN NaN NaN NaN NaN NaN NaN NaN NaN NaN NaN NaN NaN NaN NaN NaN NaN NaN NaN NaN NaN NaN 19.96 19.917 18.3 17.9 12.65 17.05 19.963 10.95 8.95 11.85 20.02 9.05 8.45 9.45 19.97 5.6 9.85 5.75 7.55 7.35 20.05 19.993 2.7 20.097 6.8 5.45 5.55 19.965 7.45 12.45 7.8 10.15 16.4083333333 19.9423333333 20.040702243 20.1323526966
NaN NaN NaN NaN NaN NaN NaN NaN NaN NaN NaN NaN NaN NaN NaN NaN NaN NaN NaN NaN NaN NaN NaN NaN NaN NaN NaN NaN NaN NaN NaN NaN NaN NaN NaN NaN NaN NaN 14.5 20.05 18.9 20.162 20.094 17.45 20.015 5.45 14.7 12.15 11.55 9.75 11.9 20.043 7.85 9.05 10.9 8.95 5.5 6.75 5.65 6.25 6.6 5.75 5.0521130107 6.85 8.8 11.65 8.95 5.8777777778 16.5 11.65 20.001030303 20.040030303 11.853030303 9.55
NaN NaN NaN NaN NaN NaN NaN NaN NaN NaN NaN NaN NaN NaN NaN NaN NaN NaN NaN NaN NaN NaN NaN NaN NaN NaN NaN NaN NaN NaN NaN NaN NaN NaN NaN NaN NaN 9.75 20.071 9.1 19.952 19.919 19.914 12.35 10.75 12.8 6.5 11.85 20.134 20.257 20.154 9.2 9.2 7.65 11.55 2.75 14.15 7.8 7.45 6.6188440482 5.935702243 5.3064102564 5.4847858837 7.15 7.25 5.7666666667 8.85 6.0761904762 14.1 12.65 15.8 11.2 9.7 10.2
NaN NaN NaN NaN NaN NaN NaN NaN NaN NaN NaN NaN NaN NaN NaN NaN NaN NaN NaN NaN NaN NaN NaN NaN NaN NaN NaN NaN NaN NaN NaN NaN NaN NaN NaN NaN 8.95 5.55 20.051 15.1 20.129 14.15 20.09 20.039 11.35 10.75 20.122 19.903 5.9 18.15 8.65 20.203 8.75 7.35 5.8647188482 8.45 7.15 6.5 3.0847858837 2.9192754236 6.95 6.95 6.95 6.7 19.9694518793 10.5 13.95 20.017 12.4 10 7.9 11.5833333333 9.8333333333 13.2570224301
NaN NaN NaN NaN NaN NaN NaN NaN NaN NaN NaN NaN NaN NaN NaN NaN NaN NaN NaN NaN NaN NaN NaN NaN NaN NaN NaN NaN NaN NaN NaN NaN NaN NaN NaN 8.8 17.75 14.7 19 11 13.65 19.997 19.1 19.964 19.45 18.7 14.65 19.903 15.2 9.05 20.014 14.25 7.3 6.35 5.8594922192 2.8884487607 3.2226779369 3.0166666667 3.5761904762 3.4716618094 6.9453558739 7.6040925512 9.0166666667 20.2143333333 11.6 14.3 20.146 7.44071197 NaN NaN 8.9 9.75 19.9953333333 10.9
NaN NaN NaN NaN NaN NaN NaN NaN NaN NaN NaN NaN NaN NaN NaN NaN NaN NaN NaN NaN NaN NaN NaN NaN NaN NaN NaN NaN NaN NaN NaN NaN NaN NaN NaN 17.25 12 5.25 15.5 17.5 20.003 14.55 20.06 6.4079276146 20.02 20.039 13.75 11.55 20.002 6.0768601941 16.7 3.8901371761 11.25 5.7261904762 8.9555555556 7.9666666667 6.7333333333 6.7111111111 3.9166666667 5.6833333333 11.8 20.0423333333 8.84071197 7.25 7.6 15.1 9.35 9.05 NaN NaN NaN NaN 12.9 6.6166666667
NaN NaN NaN NaN NaN NaN NaN NaN NaN NaN NaN NaN NaN NaN NaN NaN NaN NaN NaN NaN NaN NaN NaN NaN NaN NaN NaN NaN NaN NaN NaN NaN NaN NaN NaN 11.15 13.4 9.55 19.943 13.15 6.0108185325 20.0419385949 19.919 6.4517858479 20.1416790289 6.3181050248 6.6634491708 2.8578685395 19.991 3.46898463 6.5166666667 20.3323333333 12.75 20.0496666667 20.1313333333 3.05 6.2333333333 4.7166666667 4.24071197 4.2245006541 3.3953558739 8.8555555556 16.5214045971 6.9 8.6 15.4 20.105 9.5 NaN NaN NaN NaN 1.6450715499 5.3564102564
NaN NaN NaN NaN NaN NaN NaN NaN NaN NaN NaN NaN NaN NaN NaN NaN NaN NaN NaN NaN NaN NaN NaN NaN NaN NaN NaN NaN NaN NaN NaN NaN NaN NaN NaN NaN 20.167 20.041 20.073 20.2240715499 6.0758686137 20.091 20.0582261031 19.978 11.15 18.7 3.6084518793 6.8245006541 20.324511354 20.182 20.169 12.75 20.037 9.3166666667 4.178511354 6.2245006541 2.9453558739 3.06898463 3.147996552 3.5578685395 2.8042261031 6.9384487607 9.0517858479 10.65 5.44984391 17.85 20.038 20.016 NaN NaN NaN NaN NaN NaN
NaN NaN NaN NaN NaN NaN NaN NaN NaN NaN NaN NaN NaN NaN NaN NaN NaN NaN NaN NaN NaN NaN NaN NaN NaN NaN NaN NaN NaN NaN NaN NaN NaN NaN NaN NaN NaN 19.9685231517 20.1004922192 17.7726779369 20.0916880965 20.2086618094 10.7745006541 18.1 10.2 20.1703333333 19.947 12 18.65 19.974 12.65 NaN NaN 9.25 14.45 19.9652261031 2.9615508071 5.9268601941 2.8517858479 8.673998276 2.753428636 3.1289342698 13.6608185325 15.65 15.25 16.35 20.131 19.978 8.7 NaN NaN NaN NaN NaN
NaN NaN NaN NaN NaN NaN NaN NaN NaN NaN NaN NaN NaN NaN NaN NaN NaN NaN NaN NaN NaN NaN NaN NaN NaN NaN NaN NaN NaN NaN NaN NaN NaN NaN NaN NaN NaN NaN 20.006 18.2453558739 20.129 20.02 19.999 20.328 7.8111111111 13.4 20.016 20.4095555556 20.12 19.964 NaN NaN NaN NaN 10.5 19.971428636 6.135702243 6.0702728564 7.0579276146 3.15 20.002 6.65 14.1 19.933 20.012 20.072 10.25 16.05 NaN NaN NaN NaN NaN NaN
NaN NaN NaN NaN NaN NaN NaN NaN NaN NaN NaN NaN NaN NaN NaN NaN NaN NaN NaN NaN NaN NaN NaN NaN NaN NaN NaN NaN NaN NaN NaN NaN NaN NaN NaN NaN NaN NaN NaN 20.32 20.261 11.2 20.083 20.021 10.6 12.25 19.928 20.4204922192 20.127 19.91 NaN NaN NaN NaN NaN 19.92 16.5 17.75 5.3 6 19.972 19.928 6.9 5.55 9.75 15.65 13.95 9.3 NaN NaN NaN NaN NaN NaN
NaN NaN NaN NaN NaN NaN NaN NaN NaN NaN NaN NaN NaN NaN NaN NaN NaN NaN NaN NaN NaN NaN NaN NaN NaN NaN NaN NaN NaN NaN NaN NaN NaN NaN NaN NaN NaN NaN NaN NaN 19.992 20.101 20.224 19.935 15.65 13.75 20.019 19.995 12.2 11.45 NaN NaN NaN NaN NaN 8.7 10.3 13.7 6.85 20.082 5.5 20.035 10.85 12.75 14.95 8.95 14.9 NaN NaN NaN NaN NaN NaN NaN
NaN NaN NaN NaN NaN NaN NaN NaN NaN NaN NaN NaN NaN NaN NaN NaN NaN NaN NaN NaN NaN NaN NaN NaN NaN NaN NaN NaN NaN NaN NaN NaN NaN NaN NaN NaN NaN NaN NaN NaN NaN 17.75 20.08 NaN NaN 19.958 12.55 20.112 20.283 NaN NaN NaN NaN NaN NaN 7.7 NaN 8.75 6.25 9.35 18.75 13.7 NaN 7.2 8.25 11.3 9.6 NaN NaN NaN NaN NaN NaN NaN
NaN NaN NaN NaN NaN NaN NaN NaN NaN NaN NaN NaN NaN NaN NaN NaN NaN NaN NaN NaN NaN NaN NaN NaN NaN NaN NaN NaN NaN NaN NaN NaN NaN NaN NaN NaN NaN NaN NaN NaN NaN NaN NaN NaN NaN 18.1 12.05 20.204 20.044 NaN NaN NaN NaN NaN NaN NaN NaN 7.4 8.3 10.05 8.05 NaN NaN NaN NaN 8.35 8.65 NaN NaN NaN NaN NaN NaN NaN
NaN NaN NaN NaN NaN NaN NaN NaN NaN NaN NaN NaN NaN NaN NaN NaN NaN NaN NaN NaN NaN NaN NaN NaN NaN NaN NaN NaN NaN NaN NaN NaN NaN NaN NaN NaN NaN NaN NaN NaN NaN NaN NaN NaN NaN NaN 14.85 NaN NaN NaN NaN NaN NaN NaN NaN NaN NaN NaN NaN NaN NaN NaN NaN NaN NaN 6.9 NaN NaN NaN NaN NaN NaN NaN NaN
NaN NaN NaN NaN NaN NaN NaN NaN NaN NaN NaN NaN NaN NaN NaN NaN NaN NaN NaN NaN NaN NaN NaN NaN NaN NaN NaN NaN NaN NaN NaN NaN NaN NaN NaN NaN NaN NaN NaN NaN NaN NaN NaN NaN NaN NaN NaN NaN NaN NaN NaN NaN NaN NaN NaN NaN NaN NaN NaN NaN NaN NaN NaN NaN NaN 6.7 NaN NaN NaN NaN NaN NaN NaN NaN
NaN NaN NaN NaN NaN NaN NaN NaN NaN NaN NaN NaN NaN NaN NaN NaN NaN NaN NaN NaN NaN NaN NaN NaN NaN NaN NaN NaN NaN NaN NaN NaN NaN NaN NaN NaN NaN NaN NaN NaN NaN NaN NaN NaN NaN NaN NaN NaN NaN NaN NaN NaN NaN NaN NaN NaN NaN NaN NaN NaN NaN NaN NaN NaN NaN NaN NaN NaN NaN NaN NaN NaN NaN NaN
NaN NaN NaN NaN NaN NaN NaN NaN NaN NaN NaN NaN NaN NaN NaN NaN NaN NaN NaN NaN NaN NaN NaN NaN NaN NaN NaN NaN NaN NaN NaN NaN NaN NaN NaN NaN NaN NaN NaN NaN NaN NaN NaN NaN NaN NaN NaN NaN NaN NaN NaN NaN NaN NaN NaN NaN NaN NaN NaN NaN NaN NaN NaN NaN NaN NaN NaN NaN NaN NaN NaN NaN NaN NaN
NaN NaN NaN NaN NaN NaN NaN NaN NaN NaN NaN NaN NaN NaN NaN NaN NaN NaN NaN NaN NaN NaN NaN NaN NaN NaN NaN NaN NaN NaN NaN NaN NaN NaN NaN NaN NaN NaN NaN NaN NaN NaN NaN NaN NaN NaN NaN NaN NaN NaN NaN NaN NaN NaN NaN NaN NaN NaN NaN NaN NaN NaN NaN NaN NaN NaN NaN NaN NaN NaN NaN NaN NaN NaN
