Outfile_3.asc
NCOLS 201
NROWS 151
XLLCORNER 730592.938286
YLLCORNER 2561222.529137
CELLSIZE 145.176046
NODATA_VALUE NaN
[rows 66 to 98 of 151, columns 74 to 147 of 201]
NaN NaN NaN NaN NaN NaN NaN NaN NaN NaN NaN NaN NaN NaN NaN NaN NaN NaN NaN NaN NaN NaN NaN NaN NaN NaN NaN 6.55 3.649076262 2.9506636589 3.0553296488 5.6346975047 3.5400621611 2.3002212362 NaN NaN NaN NaN NaN 6.4374258846 2.2134491708 4.0223216919 2.9111111111 6.9584518793 2.6666666667 2.4555555556 2.5214045971 5.4542261031 6.7115508071 7.3953558739 29.9983333333 6.95 7.9540925512 6.5666666667 10.0166666667 6.4666666667 29.9446666667 12.95 9.6 6.8166666667 8.9 6.8861506991 11.4 7.85 10.3 8.65 8.8 8.85 17.4333333333 6.8166666667 19.9586666667 7.0888888889 6.7149362158 7.0348730697
NaN NaN NaN NaN NaN NaN NaN NaN NaN NaN NaN NaN NaN NaN NaN NaN NaN NaN NaN NaN NaN NaN NaN NaN NaN NaN 2.2205792798 6 6.6990906338 3.9261588859 5.2289342698 6.7 6.25 NaN NaN NaN 7.95 8.65 22.3340685946 4.0376160094 3.3374258846 3.6994767825 2 4.9833333333 5.2833333333 3.4666666667 5.8540925512 2.6953558739 6.6205792798 6.9727786529 8.1 30.0019346658 19.7727786529 6.2401371761 6.2703703704 6.3203703704 6.3203703704 6.5203703704 8.65 11.25 9.55 8.6 8 9.95 9.55 8.85 10.8 9.85 11.4 10.25 8.85 12.4 21.9214285714 8.4
NaN NaN NaN NaN NaN NaN NaN NaN NaN NaN NaN NaN NaN NaN NaN NaN NaN NaN NaN NaN NaN NaN NaN NaN NaN 3.8269562388 3.8440446391 NaN NaN NaN 6.3 6.3 NaN NaN NaN NaN 6.7 11.9 17.2 5.9859420902 3.2737387429 2.5302830782 2.2166666667 2.6833333333 2.7540925512 3.4666666667 15.5333333333 2.15 29.9964770164 6.8223216919 6.95460281 6.9648090607 6.2783329622 6.1405960329 6.4880952381 6.2880952381 2.2380952381 8.45 10.6 6.2380952381 9.55 8.05 10.75 10.2 9.15 8.1 12.45 18.05 9.45 9.7 9.2 5.5261904762 8.9 6.0421691488
NaN NaN NaN NaN NaN NaN NaN NaN NaN NaN NaN NaN NaN NaN NaN NaN NaN NaN NaN NaN NaN NaN NaN NaN 5.1078685395 7.75 20.3096526899 2.8730769231 6.45 NaN NaN NaN NaN NaN NaN 6.55 25.202 16.235446344 6.3813839675 2.55559494 5.3358309864 2.398142394 2.2833333333 5.1703703704 1.9134491708 5.2261904762 6.8716618094 7.45 30.0004744498 6.95 10.3 10.7381572756 6.9782174738 6.5252416018 13.2635735976 11.3 10.25 7.45 7.85 7.05 7.5 8.05 13.55 14.3 7.95 8.7 10.05 8.85 7.25 13.65 5.4694840324 7.7 3.1533108961 2.9952247076
NaN NaN NaN NaN NaN NaN NaN NaN NaN NaN NaN NaN NaN NaN NaN NaN NaN NaN NaN NaN NaN NaN NaN 5.2899385949 20.0118255781 7 6.0351191813 10.738878435 6.6 2.223998276 6.75 NaN NaN NaN NaN 6.55 7 18.4181192171 5.7 5.9615508071 1.9393193566 5.1108185325 6.2242242458 6.1393193566 6.3564102564 10.05 15.35 6 6.25 6.4 5.9 16.2740453033 16.1047379305 10.5513189489 6.4705792798 6.2615508071 6.2768182948 6.1845325216 14.55 6.05 8.5 8.8 10.2 11.55 10.65 7.55 9.25 7.95 5.9 13.6 9.3 5.6 2.4722222222 2.7336139264
NaN NaN NaN NaN NaN NaN NaN NaN NaN NaN NaN NaN NaN NaN NaN NaN NaN NaN NaN NaN NaN NaN 5.35 8.1 2.7353044011 5.9897412037 7.3646632187 6.45 6.2795713869 6.45 19.45 6.3 NaN NaN 6.65 6.1038357466 7.6 5.95 5.8 5.4 5.75 5.95 5.55 6.15 8.29984391 6.7 6.85 6.05 6.396856485 4.85 5.2 17.202378304 6.8541611408 2.1135231517 6.75 6.6 8.05 7.85 8.2 5.0547650464 8.7 10.55 9.35 8.55 14.7 8.25 7.05 7.35 9 5.2 2.15 5.2 2.6147188482 2.6594922192
NaN NaN NaN NaN NaN NaN NaN NaN NaN NaN NaN NaN NaN NaN NaN NaN NaN NaN NaN NaN 1.95 8.7 8.95 9.7168015807 6.9 6.65 6.8 6 6.6 6.35 15.85 NaN NaN 6.75 17.8587251934 6.25 25.0523333333 5.6 5.55 5.55 6.5270461645 17.4666666667 5.95 6.45 7.6 6.8 6.6 10.85 6.3 29.9578449158 23.656919727 17.5282174738 3.3830646666 2.9806741015 14.7570224301 6.55 6.7 8.5 22.95 9.6 8.35 9 9.1 10.05 11.35 9.15 7.75 7 11.8 4.95 2 2 2.05 2.3777777778
NaN NaN NaN NaN NaN NaN NaN NaN NaN NaN NaN NaN NaN NaN NaN NaN NaN 6.9 2 2.45 6.65 7.15 7.9 9.6 6.6724739802 14.8955834467 6.5084518793 15.9559224131 6.4 6.3712869664 NaN 6.4 6.5 24.9413806577 6.35 2.4205792798 6.2 6.65 6.1 6.4 7.05 6.8 6.7 6.9 6.6 12.1428371643 6.5 6.4 6.15 6.2514076045 6.6494767825 29.9330355763 5.867051395 2.3122501134 6.8953558739 8.7666666667 10.0833333333 8.35 8.15 8.2 9.45 8.55 6.3203703704 12.9 8.1 10.1 11.9 6.5722222222 9.2 4.85 2.1 2.2 2.35 1.9777777778
NaN NaN NaN NaN NaN NaN NaN NaN 7.05 4.65 NaN NaN NaN NaN NaN 2 2 6.45 6.2 7.9 7.65 16.9242242458 7.05 5.4928371643 6.7617382165 6.9 7.2301158374 20.0020112703 6.2 5.95 6.95 6.35 6.65 6.45 6.5 6.3 6.05 2.920674489 6.35 6.75 6.8 6.35 6.7 6.9 6.25 6.1166666667 6.4 6.55 5.853428636 6.2042261031 7.0745006541 6.3 6.7953558739 8.8 6.2874920661 6.7216618094 6.9111111111 8.7 6.66898463 17.15 9.25 9.9 7.45 6.9333333333 7.5 7.7 9.65 7.4 9.15 4.9 1.6 2.3 2.1 2.7277777778
NaN NaN NaN NaN 7.05 5.25 4.95 4.7 5.25 5 4.75 4.85 5.15 7.15 7.45 6.8 6.75 8.2 6.35 12.65 6.6242242458 6.8446277864 6.3767895821 7.05 7.1070224301 14.9661434492 7.7413293538 6.3 3.3391639897 2.6660740412 5.9 2.8167993852 6.5 7 23.9485927876 6 6.419983854 6.3045637691 6.5621827039 6.85 6.7 6.5 7.1 6.9666666667 7.05 6.35 6.7453558739 9.9767895821 9.3446277864 16.8214045971 3.34071197 12.1333333333 3.1216618094 4.8692754236 6.1102895721 6.7226779369 6.7333333333 5.7 7.0584518793 6.4181050248 14.25 12 7.95 7.45 8.05 7.75 2.0833333333 9.0222222222 10.45 8.5 5.1 2.15 2 2.3777777778
NaN NaN 6.9 4.95 5 4.3 4.4 4.2 5 5.4 5 6.4 7.2 6.9 5.3 7 6.15 6.5 6.2 5.4242242458 6.3 6.9267895821 6.75 20.0143333333 7.69071197 6.9166666667 19.9727895821 3.1223216919 6.45 6.5999159511 3.5661994504 2.1635735976 3.9664737863 5.5892557464 2.6428371643 6.35 6.95 6.4147188482 6.4828101159 2.1694840324 6.95 7.05 14.959030303 7.3 8.2 15.02271197 6.55 8.7356743286 6.7267895821 5.6555555556 17.9333333333 8.34071197 6.5714045971 10.4768182948 6.2242242458 6.5333333333 6.3666666667 10.5333333333 6.8540925512 6.4634491708 10.9 17.75 7.55 8.45 8.55 5.7953558739 5.1115508071 10.35 8.85 6.2 13.55 2.1 2.3 2.4277777778
6.85 5.3 4.8 4.8 4.45 3.95 5.05 4.7 5.05 4.85 5.1 7.95 7.15 6.65 6.7 6.2 18.45 6.05 16.363394791 6 6.25 6.5856743286 6.85 10.49071197 6.8892557464 2.8928371643 25.1175555291 2.4749319761 7.7627204931 14.1740453033 6.0578339874 3.0287267571 2.7740079158 14.9505508071 6.7 6.75 6.8 7.6 5.45 2.2 9.2 6.95 5.064274771 2.1768182948 6.95 5.6392557464 3.69071197 25.2833333333 6.7859549217 18.4956009364 6.15 5.8487248999 6.0542261031 5.153428636 5.4608185325 6.203030303 6.6555555556 6.4666666667 7.5666666667 6.5761904762 13.35 13.1289342698 7.7 6.6166666667 9.05 6.6833333333 10.3 17.6 12.35 11.65 6.05 5.05 2.3 5.9768182948
4.85 5.55 4 4 3.8 4.5 4.65 5.25 4.9 4.75 5 7 7.1 6.5 5.2 9.05 6.35 6.15 8.1 6.15 6.8453558739 6.9 7.878511354 6.7705792798 2.4615508071 6.6446277864 25.0595546285 25.2180193633 4.6539264695 5.2611149814 3.7467854397 6.65 6.3 6.55 6.45 5.95 5.85 6.25 14.9959342698 6.5567245426 6.2 15.038 6.85 7 6.7 6.3615508071 6.65 7.2787919471 6.45 18.9629494148 10.95 14.9864286252 6.2991289 6.0328101159 9.45 2.0268182948 6.1714045971 6.1869026671 18.1889883586 6.5006271054 11.9638488355 10.9 8.8 11.75 25.8050633642 10.25 10.4 5.5880952381 9.7 16.55 18.05 7.85 8.5 5.3064102564
3.9 4.35 4.3 4.45 4.75 4.45 4.6 5 5.15 4.7 4.8 7.9 6.9 6.5 2 6.05 6.75 6.9 20.004142394 7.15 3.8666666667 7.64071197 6.6392557464 2.3384487607 14.4635735976 2.6767895821 3.1856743286 24.9844048832 6.9240453033 3.7801158374 3.5653372142 5.6397640738 3.0073155329 6.15 6.35 6.35 14.0714045971 6.7 7 6.65 13.8961517174 15.0093279424 6.6598388924 5.5892203723 5.4564102564 5.1618913743 6.65 6.35 6.3669601147 6.8892557464 14.9743557635 14.9502996679 6.5128248883 6.4166087768 11.2 5.4056550252 5.6585207206 6.5917852127 6.0634491708 6.9 27.0883691019 6.7 12.25 3.0524976531 10.5 9.25 2.8681350989 2.4203703704 9.05 20.3 13.7 8.6 5.7401371761 2.8644313952
4.15 4.15 4.7 4.75 4.35 4.7 4.7 4.8 5 4.75 4.7 7.6 7.4 6.55 6.95 6.85 7.05 6.7 6.95 7.7 7 19.9873333333 2.4428371643 2.4635735976 7.15 7.2 10.4070224301 8.5205455818 8.6 7.9620225406 8.806466985 3.4745602819 7.35 7 6.8 6.8 8.9 7.1 7.15 6.6 6.6434849615 15.0945013475 5.95 6.4 6.3 5.95 6.35 5.95 6.55 6.45 5.3 6.9707592179 15.0317379305 5.349404584 5.1087567673 5.5040382048 6.6528909085 6.9659705015 27.6917852127 6.85 7.9 6.9 7.7190047263 7.1095038309 30.0003298853 8.7455834467 2.9248334564 15.9 2.5166666667 5.6166666667 13 2.4166666667 2.6774851991 3.5814757273
4.95 4.65 4.6 4.65 4.85 4.6 4.95 5.15 4.95 4.85 4.75 7.3 7.1 6.95 6.65 6.75 6.25 8.15 7.2 7.2 6.1 6.1 7 7.25 7.2 15.0070224301 8.29071197 9.6 7.0975950733 16.8573786367 14.8573786367 15.0660712638 14.9874849615 14.9986666667 14.9646666667 14.9976666667 9.65 7.1 4.2570224301 15.0165829038 6.65 6.8 6.45 6.3 6.5681192171 5.3729948341 6.25 5.9934562487 6.15 6.1372459465 10.1951780206 2.4705792798 3.8282210422 6.3390396954 5.4682213103 5.593952253 6.4351191813 6.8535521076 14.8403557635 5.5584518793 7.1 5.4573786367 18.8286892072 30.0063298853 17.6903557635 6.4417852127 2.2681050248 2.1874901471 4.9 4.95 5.2 8.75 5.0722222222 10.0666666667
5.05 4.85 4.45 4.65 5.2 4.65 4.7 4.95 5.25 5.15 5.15 7.5 6.85 10.3 2.35 8 6.85 6.75 6.55 8.8 12.935446344 20.0066480027 7.15 8.4 4.9 6.44071197 6.6392557464 7.35 6.9282174738 10.6381572756 15.1237128312 8.2 7.65 8.25 7.7 9.15 7.6 7.0084518793 8.7 9.3223216919 8.3 7.3 6.5240453033 5.25 5.3 5.25 6.45 6.15 15.0006666667 6.5 6.35 6.6 14.9806666667 8.0509114294 2.7458674673 9.5 2.3993623108 7 17.7313298853 23.3955834467 8.7302373727 3.2040925512 3.5411673208 8.9955834467 3.9917852127 3.5225890798 6.85 6.1956009364 5.7166666667 2.7166666667 2.6166666667 5.7166666667 10.9 11.75
5 4.85 4.85 5.2 5.05 4.9 5 5.4 5.2 5 5.1 5.05 4.55 7.6 6.55 6.05 6.25 7.95 8.05 20.0688658549 19.9701192171 3.1707704779 6.3405296316 8.05 6.3292657005 9.65 8.1 7.85 2.769104196 7.3022349452 7.15 8.3 7.05 7.95 9.5 8.2 11.5 2.9726779369 9 6.8590005921 7.35 3.4754153933 6.6 6.75 6.4 6.35 6.4 6.4 14.9626666667 7.35 13.6051154274 5.9242996679 4.0944323581 12.8338120122 2.9975304232 6.2737619586 2.441134965 5.693075142 8.1684525146 7.8958969948 13.55 2.6134491708 3.4893446036 3.1785371601 3.0884753952 2.8588191311 6.95 8.3 5.6333333333 5.6833333333 19.2 2.5833333333 6.1833333333 25.25
4.7 5 4.9 4.9 5 5.05 5 5.35 5.35 4.95 4.95 5 5.15 6.85 8.7 6.95 7.7 8.15 7.6 9.05 20.0015834467 19.952507906 2.7428371643 9.176286502 8.6637572938 14.5835203106 8.9 7.3 5.2203703704 6.440057876 7.25 7.9 7.95 2.2268182948 7.4 8 2.6064102564 6.6564102564 8.95 10.95 8.1 7.95 8.1 2.9843572659 6.85 10 7.35 2.661450055 6.3 14.9807843887 2.6098879263 6.3821701562 13.6483456956 11.5191643198 8.3487248999 5.6134491708 5.253030303 5.6261904762 18.7245942812 3.4132241218 6.3661434492 6.0389883586 3.0640561799 5.9457042423 2.6755853852 5.3670295079 2.4877707402 5.2222222222 2.3222222222 5.2222222222 5.3722222222 16.45 11.25 14.65
5.3 4.4 4.5 4.55 5.1 5.25 5.6 5 5.35 5.2 4.95 4.9 4.7 6.6 7 6.9 7 6.5268182948 8.15 7.7 19.9779632333 7.5570224301 8.626507906 10.3064484313 9.4185658488 6.9302373727 8.9 7.35 7.3 9.25 10.7768601941 14.984 15.0817387429 3.3246415108 5.6261904762 2.6761904762 2.4166666667 11.7 5.7666666667 3.0419755892 2.9916625669 7.95 13.1238672278 7.15 9.5 2.835446344 7 6.7327011897 7.2434982679 2.4923526966 2.6223216919 11.0850892186 6.45 8.0893298864 10.25209398 6.8773168347 6.6630813152 6.4 6.95 6.1111111111 3.0833333333 10.6333333333 2.6555555556 6.203030303 2.0722222222 1.75 6.4 4.75 2.1 7.85 7.95 12.3 9.75 15.9
11.8 6 5.8 5.55 5.2 4.75 4.4 4.6 4.55 4.3 4.65 4.85 4.6 6.6 7 5.4547650464 6.8 9 8.3 7.2 7.3 13.05 19.6103794978 20.1300453033 25.0471673208 7.7653372142 7.5618805153 24.97798463 6.5422194537 7.5 21.6770461645 7.4302373727 7.95 15.0979026671 6.9 6.0111111111 7.3 9.8 9.6 8.8 7.7 12.8444444444 15.237 11.45 15.0823636364 5.2083333333 7.95 8.65 15.1522244134 2.9376880965 8.4 8 7.1 7.1 15.0334487607 3.1765569041 6.4138991347 2.6239552048 3.8666666667 3.1611111111 3.6611111111 4.5570224301 2.597996552 6.5 5.2217300308 6.4 4.55 7.25 4.9067245426 5.1984520197 2.1581667897 2.2134491708 5.9906649427 8.05
NaN 5.95 6.25 5 6.2 5.9 13.15 6.4 6.6 6.2 4.75 4.8 5.45 5 7 7.1 6.85 8.05 12.9 6.3268182948 7.197178591 16.0848537679 10.813570706 7.7540925512 9.3141856825 10.0971596063 12.14984391 8.3 20.9684525146 24.9973298853 20.0740453033 10 6.8634491708 14.8389883586 9.55 15.0210224301 15.1223333333 15.0433333333 10.6833333333 14.9989860233 3.9144437802 9.2 7.6 7.2 6.85 8.95 8.3 10.1 7.45 5.3315230842 6.0032244134 6.5694011491 6.8805354371 7.1838046346 8.2799677164 10.375118546 3.1476254443 5.7356826954 6.9313855149 3.5111111111 3.5111111111 8.8166666667 16.95 5.4777777778 7.2 2.2064102564 6.75 5.3064102564 7.35 8.45 5.3714045971 7.45 4.446961025 10.8437398861
NaN NaN 2.4 6.45 6.4 6.55 5.65 6.45 6.2 6.3 6.55 6.05 6.7 14.25 13.05 7.75 7.05 20.09071197 10.15 7.8353191866 18.366476147 12.7098811283 7.5578339874 10.15 7.7591218061 7.25 15.0060406063 6.9766136648 9.3958969948 7.55 12.4120225406 15.0206890968 7.8893446036 7.6 9.2294273899 5.697996552 2.9055555556 6.9 6.2055555556 13.0802830782 7.15 6.85 5.5585392229 5.6339733804 6.95 5.5115508071 6.0829332032 3.5593499059 14.2490013082 10.45 9.9 15.0387344001 6.2103794978 2.2181050248 6.2917852127 4.5070224301 6.3621722674 5.5078695051 6.7383966975 6.2111111111 6.3111111111 3.8666666667 2.5761904762 5.5901371761 7.75 8 6.9 7.3 7.45 7.7 7.9 7.6 6.59071197 5.7089232249
NaN NaN NaN 6.45 5.6 20.007 6.2 6.15 6.05 5.25 17.65 12.6 6.3 14.75 13.95 7.5 9.05 7.5 6.9 6.9622501134 8.35 7.9 7.3 14.9803216919 6.9760343862 8.65 6.9 6.6542261031 14.9081991882 6.45 6.7 6.95 9.7501731634 11.4440446391 10.4934119078 7.0084518793 5.6166666667 2.4469040394 2.2901371761 15.0304922192 5.4194840324 7.05 7.15 5.4766010238 8.7 11.45 5.8471540342 3.2873355562 6.0676752738 9.0117989856 8.6 9.5707592179 3.2302373727 5.9248334564 5.9678056689 7.088708522 4.0434562487 5.9048156164 6.6229948341 3.1611111111 11.2 10.25 8.4 8.8 3.1111111111 3.0611111111 6.0611111111 3.2111111111 8.5 7.1 7.7 7.05 7.95 5.6615508071
NaN NaN NaN 6.75 2.35 6.55 6.1 6.15 6.4 6.5 20.054 19.963 6.2 19.938 7.3 8 8 7.2 8.3 7.85 10.05 9.85 10.2 11.8540925512 6.2134491708 6.1268182948 6.3258686137 6.8533326691 14.9865834467 6.95 9.15 3.7666666667 8.9277777778 14.9623333333 15.0757435897 6.55 6.95 6.8 6.9584518793 8.287864697 14.967208726 15.0271472445 7.1 2.4300971077 5.003030303 5.848142394 14.9828182948 8.8 11.2 8.2 10.5560112703 2.8219010501 10.75 6.5335203106 2.6074638207 3.0471417218 5.3758686137 2.978316797 3.6733912093 13.3158761576 7.7084518793 6.7 8.7833333333 6.7 6.6666666667 3.8166666667 3.4666666667 3.5666666667 6.7166666667 8.1166666667 16.2245006541 7.9 7.5 8.7
8.35 NaN NaN NaN 6.05 6.8 NaN 6.3 5.35 10.65 17 11.75 9.9 13.85 7.0578685395 11.45 11.6 10.7770461645 5.0884487607 9.9 7.8 10.3 7.9 11.25 6.5615508071 6.1446277864 6.5267895821 6.76898463 7.828511354 6.95 15.0081587328 8.65 6.75 15.0245231453 9.9448749122 6.95 15.0803333333 6.5166666667 2.3567245426 12.6934849615 2.9811298163 6.4 6.35 7.2 7.05 7.6 6.6897785367 15.254521847 7 12.35 3.6235829038 8.5 8 10.7289342698 5.4616052299 14.9849737791 13.1117382165 14.94868603 4.0648090607 6.55 6.65 6.8 6.6 2.5055555556 2.3270461645 7.25 6.7 6.6761904762 5.6261904762 6.6761904762 2.7376880965 6.6135735976 6.7811250567 6.6
8 7.6 7.85 NaN NaN 6.45 6.55 6.85 14.2 20.091 5.55 15.05 6.5742242458 13.65 10.45 17 9.9 NaN 2.2847858837 6.85 6.75 6.95 15.0723333333 6.5037203881 6.2816790289 6.3267895821 6.6356743286 13.6833333333 14.9373333333 11.4 12.8 8.1 10.15 7.95 3.0562672167 9.4 6.75 6.25 7.95 6.85 6.85 4.7207592179 6.65 5.6526087569 7.3 7.1850406063 6.6353397564 6.95 7.8 9.3705960277 3.0343272963 2.4874920661 2.4064102564 14.6 5.4064102564 2.7385891958 15.1097852127 15.1072373727 7.0937128312 8 7.55 2.8358404189 2.403030303 2.653030303 2.548142394 5.2277777778 2.2777777778 6.0277777778 5.3277777778 2.6277777778 5.1694840324 6.5311250567 6.2328101159 15.8160289775
9.7 8.35 8.75 7.95 NaN NaN NaN 5.2 19.974 10.5 10.8 NaN 14.2558900823 15.3 9.25 7.85 7.6 8.3 8 12.7268182948 6.3013641714 7.0666666667 6.15 10.26056489 6.8011704976 6.31898463 14.9130224301 8.9666666667 7.7 7.7 7.3 8.85 5.6727487108 5.6175430751 2.3242242458 6.4393193566 7.95 6.4 7.65 7.15 8.1125444306 11.5070224301 12.1591076631 6.6 3.3328411419 7.2117382165 13.9060112703 11.3736890968 5.6453558739 3.3719010501 6.1115754658 2.7002554047 14.9692222222 9.95 2.3757618163 2.7477602346 8.05 9.0911673208 15.0078446873 4.2356117652 2.6708927697 2.3169517877 2.1222222222 2.3722222222 2.2202728564 2.4083333333 5.4083333333 5.1583333333 2.2583333333 5.3683739396 5.3950715499 5.5758686137 17.1692754236 9.1226779369
8.8 9.1 17.7 9.5 8.05 12.3 8.05 NaN NaN NaN NaN NaN 10.2 2.5393446036 7.3 14.960378304 7.7 9 14.9537796773 9.1 8.5 6.3969040394 10.7752444916 13.5418083139 7.1422860495 7.4665805837 10.5312466759 6.7166666667 7.6 10.65 8.05 9.05 7.65 8.05 7.45 8.45 6.55 6.7 6.6 6.7 7.1 15.097708522 8.3095038309 7 6.75 2.8818455014 3.2301158374 4.5326039052 14.9493786367 6.0683086365 7.05 5.8909187831 15.0912543046 6.123998276 2.1347858837 6.6463442264 6.7980057157 7.3101749826 14.9928339874 7.1523409952 5.5870412155 5.1421966066 1.9380952381 5.2380952381 5.1880952381 5.2880952381 5.7450715499 6.9 17.5258686137 11.4 3.8726779369 9.1078685395 5.4716618094 10.7084518793
15.35 9.15 12.55 5.15 13.35 11 20.095 7.85 17.2 9.15 8.6 11.9 NaN NaN 7.9 7.5 NaN NaN 7.25 7.5 13.9634491708 14.0415219852 7.35 6.4622501134 12.0340669095 6.5767895821 7.121505315 13.5697773382 7 8.9 8.65 9.8 14.75 5.25 14.983 12 6.8 7.15 6.5 7.75 2.9074638207 7.75 15.0803623108 6.05 8.1 6.65 2.8595238095 7.263570706 14.9685575185 3.4194193466 5.8588191311 5.8223311278 2.9748334564 14.9654010611 2.5761904762 6.6001096867 8.3314757273 8.5325157082 14.992 5.5047379305 5.6671695589 5.22568603 5.4833292142 6.15 6.2 5.2703703704 5.5726779369 5.6666666667 5.8078685395 5.9716618094 6.7453558739 7.528511354 17.0333333333 21.25
9.05 8.05 9.1 11 9.75 8.95 8.25 11.5 9.25 12.2 10.45 8.8 15.5297141553 8.3 12.1302373727 NaN NaN 6.75 4.9 13.5070224301 9.35 5.9541568138 11.1847716914 15.0299632333 15.0096666667 7.1282210422 6.503083626 6.7698724248 6.6722222222 6.95 8.4 7.1 6.9 11.05 15.104 7.15 6.75 6.85 8.6 9.85 9.35 8.6 8.5 15.0791111111 6.65 2.3923526966 5.5419755892 6.6590193633 6.4592535051 3.2560112703 7.95 15.0319525334 7.8 9.5132972377 7.8687796773 5.6714285714 2.0833333333 15.5236890968 5 12.2240453033 6.4786892072 5.9282174738 6.2 6.6333333333 2.7833333333 5.9333333333 5.7333333333 6.1611111111 6.728511354 11.9333333333 6.2 7.6070224301 6.0540925512 6.9166666667
11.05 10.6 8.7 8.8 20.019 5.55 7.5 7.55 9.7 12 7.75 7.2 7.35 6.3950715499 11.3 NaN NaN 6.85 4.6 4.95 4.65 7.95 6.1884487607 14.9705890798 9.1578339874 6.9174833192 7.0230658168 6.8004210912 7.25 7.05 6.95 7.25 9.1 7.95 7.6 7.8 7.1 7 9.8 8.25 6.4594922192 8.05 15.0073333333 14.9620925512 6.2214045971 NaN 2.847996552 8.0117874766 9.0389883586 5.6467825041 14.9687852127 9.0403557635 8.0146632187 3.9184525146 3.3190387257 7.3487248999 2.8648090607 7.05 14.4411673208 7.75 16.4040925512 5.3134491708 5.5389883586 5.3333333333 10.5333333333 8.5833333333 17.2833333333 6.7166666667 6.8666666667 6.3540925512 6.0953558739 5.947996552 5.3134491708 10
11.15 8.85 12 9.8 8.3 7.65 8.6 8.45 6.7 10.1761904762 8.8761904762 13.797996552 13.3166666667 16.7333333333 8.95 NaN 4.5 4.7 5.05 5.1 4.35 6.8169472598 7.0285580409 7.0574333907 7.5826204837 6.9104794146 6.7428362784 4.75 8.35 NaN 6.95 7.85 8.15 5.2 8.3 7.4 7.05 8.3 15.019 8.95 15.0073641714 5.7166666667 11.15 6.25 NaN 5.9660289775 5.1428371643 2.197996552 5.9383656714 2.6388888889 2.9455834467 1.947996552 2.6095038309 9.9922194537 7.65 15.5542261031 6.7741510037 2.6617159916 6.6268983415 14.2494484251 24.901 2.7893446036 7.8 5.3555555556 5.6055555556 2.3055555556 5.4555555556 6.2770461645 5.6261904762 5.9134491708 5.8615508071 5.1094922192 5.4160289775 15.9828101159
