Outfile_5.asc
ncols         201
nrows         151
xllcorner     733748.947016
yllcorner     2561541.418206
cellsize      137.483444
NODATA_value  -9999
[rows 37 to 73 of 151, columns 84 to 167 of 201]
7.2 7.1 7.2 23.4 5.6 31.1 6.1 30.3 10.9 30.5 3.1 7 30.7 7 6.4 30.8 30.7 6.5 30.8 6.85 30.25 9.65 15.4 6.45 7.35 10.25 30.4 7.45 30.3 7.75 7.45 7.65 7.65 31 30.1 6.4 6.85 6 6.75 6.95 7.25 7.05 30.45 30.05 19.75 10.05 17.25 6.75 30.3 8.1 8.3 27.7 -9999 -9999 -9999 -9999 -9999 -9999 -9999 -9999 -9999 -9999 -9999 -9999 -9999 -9999 -9999 -9999 -9999 -9999 -9999 -9999 -9999 -9999 -9999 -9999 -9999 -9999 -9999 -9999 -9999 -9999 -9999 -9999
30.9 7.1 7 7.1 30.8 30.8 5.7 8.5 16.3 21.1 11.4 30.7 31 30.8 30.6 30.3 30.4 21.5 9.3 7.15 30.5 22.25 9.65 7.65 7.15 10.05 7.85 12.75 7.65 30.4 7.75 15.05 30.35 10.25 30.7 30.95 30.55 30.5 8.25 7.55 30.35 7.45 15.45 30.6 31.2 14.4 30.2 30.5 6.65 6.65 14.1 6.95 30.8 -9999 -9999 -9999 -9999 -9999 -9999 -9999 -9999 -9999 -9999 -9999 -9999 -9999 -9999 -9999 -9999 -9999 -9999 -9999 -9999 -9999 -9999 -9999 -9999 -9999 -9999 -9999 -9999 -9999 -9999 -9999
7.1 30.5 30.6 30.7 30.8 20.6 30.4 1.7 30.6 3.3 10.8 13.1 30.5 6.8 7 13.7 8.4 30.6 11.5 30.25 30.3 22.9 6.8 6.8 7.6 12.7 10.4 8 30.5 8.15 22.95 30.45 9.95 7.75 7.75 30.25 10.05 7.55 30.35 30.25 7.95 13.05 13.7 30.4 21.1 30.5 7.35 7.05 27.6 6.95 30.5 30.8 30.5 -9999 -9999 -9999 -9999 -9999 -9999 -9999 -9999 -9999 -9999 -9999 -9999 -9999 -9999 -9999 -9999 -9999 -9999 -9999 -9999 -9999 -9999 -9999 -9999 -9999 -9999 -9999 -9999 -9999 -9999 -9999
7.5 30.4 30.5 13.2 30.9 6.8 6.5 6.8 30.8 30.3 30.4 21.8 30.5 30.8 6.6 26.3 11.5 3.9 7.45 30.7 30.1 6.8 7 31 20.5 6.9 7.1 15.1 15.2 28.1 30.1 12.95 15.15 9.95 30.2 7.95 14.2 17.5 7.75 7.55 15.25 31.2 7.45 7.35 6.95 30.5 7.25 7.15 15.1 29.3 30.7 12.5 30.8 24.8 -9999 -9999 -9999 -9999 -9999 -9999 -9999 -9999 -9999 -9999 -9999 -9999 -9999 -9999 -9999 -9999 -9999 -9999 -9999 -9999 -9999 -9999 -9999 -9999 -9999 -9999 -9999 -9999 -9999 -9999
30.6 7.8 30.3 30.6 6.9 7.2 6.7 6.5 6.6 6.4 6.9 30.7 1.1 6.7 24.6 30.6 30.6 30.3 30.2 30.7 30.5 3.8 7 30.6 30.1 7 7.4 30.4 15.5 8 25.5 22.85 7.35 30.5 8.6 30.2 7.45 30.7 15.05 6.95 6.75 31 11.9 7.25 30.3 6.55 30.6 30.4 31 6.5 20.5 1.2 30.4 30.9 5.2 -9999 -9999 -9999 -9999 -9999 -9999 -9999 -9999 -9999 -9999 -9999 -9999 -9999 -9999 -9999 -9999 -9999 -9999 -9999 -9999 -9999 -9999 -9999 -9999 -9999 -9999 -9999 -9999 -9999
30.8 13 30.5 30.6 6.9 7.1 6.6 6.4 6.7 6.8 6.8 7.3 14.9 10.4 30.5 6.5 30.5 6.8 30.6 7.4 30.4 6.9 30.8 7 30.6 30.3 30.1 30.7 7.8 17.7 7.7 7.8 6.65 7.05 30.6 30.5 15.25 7.25 6.95 30.8 30.8 6.95 6.95 6.65 6.65 30.6 6.95 22.5 15.6 10.3 30.2 3.9 30.6 18.1 30.7 7.8 -9999 -9999 -9999 -9999 -9999 -9999 -9999 -9999 -9999 -9999 -9999 -9999 -9999 -9999 -9999 -9999 -9999 -9999 -9999 -9999 -9999 -9999 -9999 -9999 -9999 -9999 -9999 -9999
31.1 30.5 8.9 15.7 22.7 5.1 30.6 19.7 6.4 30.3 30.8 29.8 8.1 9.8 1.5 30.5 18.4 4.2 7.9 6.9 7.1 7.2 6.7 30.4 30.9 6.8 10.6 22.8 7.6 7.4 7.6 30.4 7.15 6.65 6.95 30.5 31.2 30.9 30.5 30.9 30.1 30.6 30.5 31.4 30.4 30.1 30.8 30.5 4.3 16.7 9.1 6.55 22.9 30.4 30.1 30.5 30.2 -9999 -9999 -9999 -9999 -9999 -9999 -9999 -9999 -9999 -9999 -9999 -9999 -9999 -9999 -9999 -9999 -9999 -9999 -9999 -9999 -9999 -9999 -9999 -9999 -9999 -9999 -9999
23.5 23.7 30.3 20.7 10 17.2 12.3 6.6 20.6 5.6 5.9 13.9 28.7 3.9 1.1 30.4 30.1 15.1 7.7 30.4 20.4 30.7 30.7 30.4 7 5.1 7.5 7.6 10.2 7.8 12.5 30.4 30.6 6.75 6.75 30.8 31 30.4 30.5 31.1 30.9 30.5 30.6 31 31.2 30.8 19.3 6.1 30.3 31.2 30.6 14.1 30.6 15.5 6.45 6.55 31.1 6.75 -9999 -9999 -9999 -9999 -9999 -9999 -9999 -9999 -9999 -9999 -9999 -9999 -9999 -9999 -9999 -9999 -9999 -9999 -9999 -9999 -9999 -9999 -9999 -9999 -9999 -9999
6.5 30.5 30.6 5.8 5.3 6.1 30.2 30.8 6.4 6.5 5.6 3.2 30.4 30.5 7.7 30.3 17.7 7.8 10.2 22.5 12.7 30.6 31 7.9 10 7.7 17.5 7.3 30.4 30.4 30.3 7.2 15.4 30.7 7.15 30.8 30.6 30.7 30.55 7.85 20.05 14.3 30.3 30.5 6.65 30.4 30.1 30.6 30.7 19.7 30.5 30.8 7.6 30.8 30.4 30.4 30.6 7.45 -9999 -9999 -9999 -9999 -9999 -9999 -9999 -9999 -9999 -9999 -9999 -9999 -9999 -9999 -9999 -9999 -9999 -9999 -9999 -9999 -9999 -9999 -9999 9.9 30.5 18
30 8.2 9.1 8.8 7.8 8 30.4 30.8 6.6 6.5 30.3 30.4 28.6 30.3 7.5 30.5 8.2 11.3 7.5 22.2 10.5 30.2 31.1 25.1 25.4 30.5 30.5 10.1 7.9 23.3 5.5 23.7 10.8 30.8 6.85 7.25 9.65 27.85 30.55 19.7 7.65 17.85 7.65 30.8 30.4 30.4 14.2 30.6 7.05 14.2 12.3 30.6 30.8 21.1 31 30.2 9.85 30.4 7.75 -9999 -9999 -9999 -9999 -9999 -9999 -9999 -9999 -9999 -9999 -9999 -9999 -9999 -9999 -9999 -9999 -9999 7.9 15 12.8 30.2 30.9 7.9 30.7 30.6
6.8 30.6 30.7 1.7 30.4 30.8 30.6 30.8 13.4 6.9 30.3 14.4 30.6 30.2 30.8 30.7 7.7 30.3 7.8 30.7 30.6 7.8 12.8 31.3 8.3 11 30.5 27.8 8.4 30.8 30.9 30.3 6.6 30.3 5.8 9.95 10.05 30.45 25.15 7.65 10.35 30.6 30.15 30.3 31.1 31.3 20.1 30.8 7.15 6.45 17.4 20.2 30.2 6.55 6.75 30.2 30.7 10.25 30.15 7.25 -9999 -9999 -9999 -9999 -9999 -9999 -9999 -9999 -9999 -9999 -9999 -9999 -9999 -9999 -9999 -9999 31 31.2 31.4 18.2 15.5 7.5 30.4 7.7
6.6 30.7 30.4 18.9 28.7 8.5 30.8 15.6 19.9 10 25.2 11.5 6.7 6.4 30.9 30.5 17.7 30.6 6.3 6.2 30.3 15.6 6.4 15 30.5 30.4 30.8 30.6 6.5 30.9 30.4 6.4 6.6 30.7 31.2 21.8 7.65 30.25 15.05 22.25 7.55 30.7 30.9 30.6 25.2 30.7 6.95 6.2 6.85 30.3 30.8 22.2 6.85 6.45 14.4 6.75 21.9 30.8 30.6 10.05 -9999 -9999 -9999 -9999 -9999 -9999 -9999 -9999 -9999 -9999 -9999 -9999 -9999 -9999 -9999 -9999 -9999 30.8 10.8 12.3 31.2 16.2 10.9 30.6
18.6 30.5 30.7 3.8 30.5 30.4 10.5 6.25 30.4 25 8.3 6.4 19.3 6.7 30.5 9.7 30.7 6.4 30.2 6 6.1 7.1 30.9 30.1 30.8 17.7 31 13.5 31.2 30.3 12.6 30.5 10.7 30.6 30.1 6.25 6.95 31.4 7.05 30.7 30.8 30.25 10.25 30.6 30.6 7.05 30.9 30.7 6.85 30.5 31.2 30.5 30.5 7.15 30.6 15.05 30.2 31 30.9 7.45 24.95 -9999 -9999 -9999 -9999 -9999 -9999 -9999 -9999 -9999 -9999 -9999 -9999 -9999 -9999 -9999 4 7.7 30.1 30.3 23.4 28.3 28.2 30.5
6.05 6.65 30.7 6.5 31.1 9.1 6.45 6.35 11.6 30.5 30.4 30.1 30.9 7 24.7 12.5 3.3 30.4 10.6 21.9 19.5 6.4 6.6 17.6 20 8.1 6.6 30.4 30.7 8.5 31 14.3 3.2 30.9 30.8 30.8 30.4 31 6.35 31.1 30.1 30.6 6.95 30.4 30.8 6.85 10.5 10.9 6.45 18.9 30.2 30.3 30.7 30.6 6.05 6.95 30.8 7.15 7.45 7.25 7.4 7 -9999 -9999 -9999 -9999 -9999 7 -9999 -9999 -9999 -9999 -9999 -9999 -9999 -9999 30.6 7.6 7.6 30.1 8 13 30.7 25.9
30.1 6.35 30.7 23.6 31 1.4 1.4 6.6 8.7 11.5 8.9 1.5 6.6 6.6 3.8 30.4 6 5.1 30.6 24.8 30.5 30.3 4 16.5 30.4 30.4 30.4 30.5 6.1 31.2 30.3 30.9 30.5 5.6 30.9 30.8 30.6 30.8 6.25 6.25 5.2 9.1 6.75 30.4 30.7 30.8 3.4 16.2 6.65 6.35 30.5 26.3 6.55 30.7 31.4 30.5 6.85 6.65 30.7 6 7 30.2 7 6.9 7.2 7 6.7 12.4 7.2 -9999 -9999 -9999 -9999 -9999 -9999 15 7.7 7.9 7.8 12.8 12.8 8 7.9 30.3
6.35 30.4 1.3 30.5 16.4 21.5 30.5 31 4.5 30.6 6.6 6.4 3.7 1.5 3.6 6.3 6.2 8 30.5 30.6 30.6 6.6 4.3 1.8 6.6 31.1 6.55 30.7 30.8 30.3 30.6 30.3 6.35 6.55 30.2 30.6 6.25 30.7 30.6 30.4 30.4 5.7 6.45 10.9 23.2 3.6 30.3 20.9 8.5 30.8 31 31.1 30.3 30.8 10.4 6.35 6.45 30.3 17.7 6.7 30.4 7.1 6.9 7 7.4 6.8 7.2 7.3 7 -9999 -9999 -9999 -9999 -9999 30.4 30.6 7.7 10.6 30.5 17.9 10.6 7.8 10.4 30.6
5.5 5.3 3.8 6.7 3.7 29.4 6.6 30.6 9.3 3.7 24.5 1.5 24.2 18.6 6.5 18.8 30.7 8 6.8 31 30.1 30.5 30.5 14.3 6.7 22.5 6.75 30.4 30.4 7.6 31 30.8 30.2 30.9 30.7 30.5 30.2 30.6 30.7 9.2 7.05 5.8 6.65 30.4 30.6 30.7 8.7 30.1 30.7 31.1 26.2 30.9 27.3 30.8 30.3 6.55 5.95 7.1 6.8 31.1 30.4 7.2 30 30.3 7.1 7 7 7.2 30.5 -9999 -9999 -9999 -9999 -9999 17.8 7.5 30.4 17.7 6.5 7.7 8 8.2 30.2 30.5
5 30.7 24.1 9.1 11.4 19.3 14.2 3.8 6.6 11.7 30.3 30.8 30.3 8 20.6 30.2 30.2 9.1 30.6 6.9 30.5 30.8 30.5 30.6 6.6 30.5 30.5 30.9 30.6 30.5 31 30.6 30.8 6.05 30.5 30.8 31 31.3 30.9 6.05 29.4 6.95 6.45 3.7 6.65 30.9 30.4 3.6 30.3 30.5 31.1 21.9 30.7 15 30.5 3.4 14.7 6.95 7.1 6.5 6.3 7.2 7.2 6.7 7 9.7 6.7 7.5 7.1 -9999 -9999 -9999 -9999 12.6 30.8 7.3 30.7 23 16 7.6 7.9 7.8 30.3 10.6
30.3 30.6 6.8 3.9 27 11.6 26.5 8.4 1.2 30.7 4.3 27 30.3 24.4 26.7 7.8 30.5 29.5 6.9 30.4 6.4 30.9 22.4 8.1 12.1 31.1 24.7 31 30.4 5.95 6.25 6.75 30.3 21.3 20.8 30.4 6.85 30.6 31.1 6.45 10.4 6.25 6.35 6.25 29.2 30.5 13.7 30.3 5.9 31.1 5.9 30.4 30.7 6.05 19.7 30.1 30.2 31 30.5 6.5 30.4 6.1 6.4 7 30.5 7 7.1 13.9 -9999 -9999 -9999 7.4 7 7.1 30.8 30.8 30.6 7.5 7.1 30.4 30.4 30.6 25.8 13.3
9.2 30.6 30.5 9.1 30.6 4.2 1.2 6.2 11.5 30.2 4.3 6.4 30.5 5.2 5.1 12.8 30.6 6.7 30.6 30.5 30.4 22.5 30.6 30.1 19.5 30.8 14.9 30.5 30.3 30.6 6.15 6.75 6.05 25.5 5.95 30.6 30.1 6.75 6.45 30.3 7.9 6.15 18.1 30.5 30.1 30.5 30.5 30.1 11 10.9 3.7 10.9 24.5 21.8 30 30.1 30.8 30.6 30.6 30.7 30.1 30.4 7.5 7.3 30.7 7 9.7 -9999 -9999 -9999 -9999 30.3 6.8 30.3 31.1 30.9 30.6 31 30.7 7.1 8 30.4 30.5 31.3
30.3 30.3 6.4 14.2 3.8 30.3 1.2 1.1 1.2 30.9 6.6 30.6 30.6 5.3 10.3 5.4 30.5 6.4 30.7 7.3 30.3 11 30.8 18 30.3 28.3 30.8 27.5 30.1 5.95 6.15 6.65 5.95 25.3 5.3 30.5 9.1 3.4 20.4 30.5 19.3 13.5 30.5 30.4 6.05 13.6 18.4 8.1 30.5 30.6 30.6 5.7 30.5 7.2 7.5 30.4 6.05 5.95 30.6 30.4 6.2 6.9 6.4 7.6 17.9 7.2 7 6.9 -9999 -9999 30.3 26.2 30.6 12.7 10 7.2 8 7.6 22.6 6.9 7.5 7.6 7.6 30.2
6.9 16.7 4 29.5 6.5 9.1 3.8 11.5 5.9 6.5 7.5 6.9 15.4 30.4 10.3 7.9 30.6 31.4 15.9 30.8 30.6 30.3 22.9 5.5 15.7 13 30.6 16.9 30.8 7.4 5.95 6.45 6.25 5.85 30.8 6.15 5.2 30.2 30.7 30.3 26.1 30.4 12.7 28.2 7 10.3 12.9 30.6 30.9 30.4 8.5 30.5 30.6 13.2 30.4 30.6 6.05 6.15 6.05 5.95 30.8 22.8 30.4 7.1 7.3 10.9 11.2 6.8 7.1 6.8 -9999 6.4 7.9 15.3 6.7 7.2 31.1 16 13.7 31.1 30.3 8 28.7 30.3
30.3 30.5 30.4 6.2 9 30.1 1.7 11.5 4.1 30.2 7 7.4 20.2 4.3 4.4 30.2 20.5 10.2 30.6 30.5 5.4 30.4 5.7 30.4 20.8 30.6 10.3 8 7.9 6.25 6.15 6.15 6.65 6.25 6.15 7.2 30.2 30.5 30.3 6.4 1.2 5.7 9 9.1 5.1 30.5 6.25 5.6 6.25 6.15 6.15 30.6 5.95 13 20.5 30.4 30.5 6.15 6.15 6.35 30.5 30.7 6.4 30.2 30.7 30.5 30.5 7 23.3 7.3 16.4 30.4 9.9 6.9 30.2 7.7 20.2 14.9 30.4 31.1 12.7 20.3 18.1 30.2
30.6 30.7 16.8 6.5 12 16.5 4.2 4 31 6.9 30.8 30.8 4 6.7 4.1 3.8 6.6 30.3 30.4 20.6 30.5 30.4 7.7 9.8 31.1 25.6 5.3 30.4 30.5 6.35 6.25 5.85 6.75 6.35 26.9 6.15 30.1 30.1 30.6 8.7 1.3 3 30.1 6.15 27.3 6.45 30.4 7.8 30.3 31.4 6.05 6.15 6.05 3.3 6.15 30.7 30.4 30.6 30.5 31 30.5 6.4 31.1 6.1 30.5 30.5 30.8 30.8 7.2 15.6 30.7 30.7 30.2 6.8 7.5 30.9 9.8 10 7.1 10.2 10.6 7.9 23.7 31
19.2 31.6 6.7 30.2 6.4 6.7 8.8 11.5 3.7 5.3 30.6 9 4 16.5 4.3 4.2 3.9 6.4 24.9 30.7 19.8 15.7 25.3 30.4 30.8 30.5 30.3 30.2 30.9 30.4 6.65 30.9 31.1 31.4 19.4 9.7 6.05 30.2 3.8 24.2 30.5 5.65 5.65 5.75 30.8 7.9 10.2 30.3 15.6 6.25 6.15 6.25 6.05 30.6 6.15 10.4 5.5 6.35 6.45 30.8 6.55 30.1 13.5 6.3 30.3 30.6 18 30.4 6 6.1 30.2 8.3 7 6.6 31.1 6.5 6.7 7.1 7.3 7.1 7.3 10.6 30.5 30.7
11 30.5 11.6 1.5 19.2 6.6 11.7 6.8 6.6 30.4 8.4 5.9 1.2 6.2 30.8 30.9 13.7 1.4 4.1 22.6 30.7 30.9 10.2 29 31.3 30.3 15.4 10.4 7.1 6.55 31.2 6.55 8.1 6.15 13.3 14.2 8.5 5.85 6.3 10.3 6.05 5.65 5.95 5.95 20.6 31.4 8.8 30.3 7.7 30.6 30.5 30.7 5.7 30.3 5.3 15.3 10.3 14.7 7.9 27.8 30.5 30.3 6.2 6.5 30.2 6 8.1 3.3 7.8 6.4 7 22.8 31.3 30.4 7.3 30.6 30.8 31.3 31 27.6 7.9 13.3 30.5 27.8
30.3 21.6 6.3 9.1 30.1 21.8 30.1 3.7 -9999 -9999 -9999 30.2 3.8 3.6 11.4 30.2 9.2 9 6.2 30.4 30.5 20.4 5.2 30.6 30.8 30.6 30.4 14.9 7.3 30.6 31.1 31 6.75 6.75 6.45 20.2 8.2 30.4 5.8 6.25 6.65 6.85 6.85 6.45 30 30.2 31 30.3 30.3 31 30.2 30.9 30.6 30.4 30.5 5.8 30.1 12.7 30.4 30.8 1.8 28.2 6.4 6.6 31.4 6.3 3.6 25 16.6 30.3 30.7 30.6 30.6 21 30.4 30.7 13.1 9.8 6.9 7.7 31 17.9 8.05 30.25
11.1 3.9 1.4 1.2 23.4 21.2 8.6 -9999 -9999 -9999 -9999 -9999 30.6 30.2 11.8 11.3 6.4 8.9 4.2 3.2 21 31 30.3 30.8 7.4 6.45 30.1 30.4 30.3 18.5 31.3 31.2 7.05 6.85 6.75 30.9 30.7 6.75 6.75 20.1 6.95 7.05 6.75 6.35 6.35 13.6 6 18.8 5.3 18.1 8.3 5.9 14.1 5.4 8.3 9.7 5.1 25.9 24 12.2 1.6 30.8 30.4 6.2 30.3 6.3 15.3 30.3 30.7 6 31 30.3 30.9 7 7.3 30.4 13.3 30.9 30.8 10.35 30.25 30.25 30.15 15.85
-9999 5.8 10.8 7.2 14 5.9 -9999 -9999 -9999 -9999 6.9 16.7 16.3 30.4 16.8 9.2 9.2 9.3 30.7 30.5 30.3 30.9 30.8 31 30.9 30.9 30.9 30.8 31 30.4 10.7 12.15 7.5 30.5 6.75 6.45 6.45 6.55 6.55 6.75 6.35 6.55 6.75 6.65 6.65 6.55 6.25 6.25 6.45 6.55 6.3 6.15 11.4 30.4 30.8 30.1 6.1 6.2 3.1 6.35 15.6 30.6 6.25 30.1 30.5 31 30.7 11.5 30.6 30.8 31.3 30.7 6.1 7.9 30.4 7.5 30.25 9.2 7.35 6.95 7.95 7.65 30.15 30.75
-9999 -9999 -9999 -9999 -9999 -9999 -9999 -9999 -9999 5.8 5.8 11.7 4.5 31.1 3.8 3.8 6.2 26.6 30.6 3.9 30.7 30.9 30.8 31.1 15.3 5.3 30.4 23.3 30.8 3.8 6.95 6.45 30.2 6.35 7.05 6.55 6.65 6.75 6.55 6.45 6.55 6.55 6.65 6.85 6.45 6.45 16.1 19.4 1.4 8.7 21.7 6.2 6.55 23.1 15.9 3 6.25 5.95 6.45 6.35 6.15 6.25 30.3 6.25 7.2 7.2 30.4 9.6 5.6 6.7 7.6 7.9 7.3 3.7 30.35 30.3 8.05 30.8 30.1 6.85 7.75 7.95 13.55 30.05
30.6 3.1 -9999 -9999 -9999 -9999 -9999 -9999 6.1 14.4 30.3 3.5 11.8 31 6.5 1.1 3 8.4 11.1 26 9.5 6.8 31.1 7.5 7.5 12.7 30.9 6 30.6 6.65 6.55 7.15 6.65 13.2 6.55 7.45 6.45 6.65 7 6.45 6.45 6.45 6.45 6.45 6.35 13.6 6.35 1.3 1 6.75 16.7 3.9 5.7 24.1 13.9 6.45 6.15 6.35 6.55 6.55 6.45 6.45 6.75 9.4 30.3 1.7 30.7 7.45 7.25 30.9 6.75 7.45 30.4 10.25 28.25 30.55 7.85 31.1 6.95 7.05 15.55 30.45 16.05 30.75
4 5.9 5.7 5.3 -9999 -9999 -9999 -9999 5.6 5.5 10.9 5 15.5 4.8 30.6 8.5 13 30.9 22.8 7 6.7 5.8 6.2 5.9 30.8 31 31.3 15.6 30.9 23 8.1 6.95 6.55 30.9 5.4 30.1 7.5 7.1 6.6 6.55 6.05 6.35 6.55 30.5 12.2 7.4 5.7 30.5 11.5 5.8 3.8 23.1 6.35 30.4 30.9 6.55 6.25 6.05 6.25 20.4 6.85 6.4 6.55 6.55 6.75 6.85 30.8 30.8 30.7 12.35 30.6 30.8 30.6 30.9 8.55 8.55 12.85 7.85 7.25 6.75 7.15 10.85 30.9 30.15
5.5 20.6 5.1 7 5.3 -9999 -9999 5.7 5.7 9.3 5.2 5.4 5.2 4.8 4.8 5.2 5.8 5.4 3.7 5.5 5.2 5.7 30.5 5.2 4.9 30.7 31.1 30.4 5.9 5.7 6 6.85 7.15 31 7.1 7.4 7.2 7.1 7.2 6.35 5.85 5.95 6.35 6.25 6 30.3 10.9 19.2 26.5 6.6 3.7 6.65 30.6 6.65 -9999 6.45 6.45 6.25 5.5 6.35 30.3 7.7 6.25 26.3 6.85 6.75 6.85 30.8 9.65 30.4 31 31.1 30.8 30.4 7.75 7.95 7.25 10.05 7.95 25.55 7.85 7.65 7.25 7.65
5.3 6.1 5.3 21.7 -9999 -9999 5.8 29.5 5.5 5.3 5 5 4.7 5.1 9.9 4.9 5.6 5.4 5.6 5.2 30.9 5.6 5.8 30.3 30.7 30.4 30.1 9 30.7 30.7 5.8 6.75 7 7.5 7.4 15 6.9 9.8 7 7.1 6.7 30.8 6.25 6.55 3.4 16.5 6.5 1.6 30.5 6.5 3.7 8.5 15.6 6.55 12.8 6.8 30.1 6.85 6.15 6.15 3.3 14.65 6.65 7.05 20.3 22.9 30.6 17.75 6.75 30.7 31.3 25.1 6.45 6.95 7.05 7.35 30.9 25.15 30.35 13.25 7.45 7.45 9.85 10.25
5.3 5.7 5.3 -9999 5.1 5.6 5.3 5.4 9 5.3 5.5 5.5 5.4 5.1 5.1 9.7 5.2 5.5 5.2 5.8 30.9 5.6 5.7 5.1 18.2 27.4 30.6 1.4 5.8 5.8 7.9 6.8 6.7 7.2 17.4 7.2 6.9 18 6.5 6.8 7 7 6.35 6.45 30.7 30.9 8.9 9 11.4 29.1 21.2 6.75 10.9 6.35 30.6 9.4 6.05 6.45 30.6 6.25 6.65 12.25 7.25 18 7.05 7.45 30.6 31.1 30.6 30.7 30.9 30.6 30.6 30.5 6.95 31 30.8 30.7 30.5 30.25 17.55 7.45 30.55 30.65
5.7 5.5 5.7 6.1 5.5 5.7 5.5 30.8 6.1 5.2 6.3 9.8 5.3 5.4 5.2 5.4 5.4 5.5 31.1 30.7 5.9 30.5 5.5 30.8 30.5 25.6 30.6 5.4 3.9 30.3 31.4 15.8 6.7 6.3 7 6.7 6.8 7 6.8 6.8 6.8 7 6.4 6.4 30.1 11.4 1.3 11.6 30.1 31 30.7 1.5 30.6 28 6.65 6.65 6.15 6.55 6.35 6.45 6.85 18.9 7.65 7.25 19.95 7.45 6.95 7.05 30.2 30.9 30.6 30.3 6.45 6.55 6.85 9.5 7.35 7.25 15.55 8.05 30.75 10.35 30.15 8.15
9.3 6.9 5.3 5.3 30.4 5.2 5.5 30.9 5.6 5.4 3.2 30.2 30.5 9.9 5.5 5.5 6 5.9 30.6 5.7 30.5 30.4 30.5 20.1 30.3 30.7 1.2 8.3 17.9 30.3 8 30.3 5.2 30.5 6.7 9.6 6.5 7.1 6.8 6.8 6.7 3.9 6.6 6.5 6.7 3.3 14.1 4.1 1.5 4.3 30.2 6.55 6.45 6.75 30.4 9.2 30.8 6.3 6.15 6.65 6.95 6.85 30.3 18.2 9.85 17.85 6.65 6.95 17.5 6.75 30.9 16 13.1 6.85 6.85 9 15.25 10.25 30.65 10.45 16.05 8.05 7.95 12.75
