Outfile_5.asc
ncols         201
nrows         151
xllcorner     733748.947016
yllcorner     2561541.418206
cellsize      137.483444
NODATA_value  -9999
[rows 0 to 36 of 151, columns 0 to 83 of 201]
-9999 -9999 -9999 -9999 -9999 -9999 -9999 -9999 -9999 -9999 -9999 -9999 -9999 -9999 -9999 -9999 -9999 -9999 -9999 -9999 -9999 -9999 -9999 -9999 -9999 -9999 -9999 -9999 -9999 -9999 -9999 -9999 -9999 -9999 -9999 -9999 -9999 -9999 -9999 -9999 7.1 -9999 -9999 -9999 10.6 8 -9999 -9999 -9999 -9999 -9999 -9999 -9999 -9999 -9999 -9999 -9999 -9999 -9999 -9999 -9999 -9999 -9999 -9999 -9999 -9999 -9999 -9999 -9999 -9999 -9999 -9999 -9999 -9999 -9999 -9999 -9999 -9999 -9999 -9999 -9999 -9999 -9999 -9999
-9999 -9999 -9999 -9999 -9999 -9999 -9999 -9999 -9999 -9999 -9999 -9999 -9999 -9999 -9999 -9999 -9999 -9999 -9999 -9999 -9999 -9999 -9999 -9999 -9999 -9999 -9999 -9999 -9999 -9999 -9999 -9999 -9999 -9999 -9999 -9999 -9999 -9999 -9999 16.3 8.6 30.8 26.2 8.4 8 8 10.7 -9999 -9999 -9999 -9999 -9999 -9999 -9999 -9999 -9999 -9999 -9999 -9999 -9999 -9999 -9999 -9999 -9999 -9999 -9999 -9999 -9999 -9999 -9999 -9999 -9999 -9999 -9999 -9999 -9999 -9999 -9999 -9999 -9999 -9999 -9999 -9999 -9999
-9999 -9999 -9999 -9999 -9999 -9999 -9999 -9999 -9999 -9999 -9999 -9999 -9999 -9999 -9999 -9999 -9999 -9999 -9999 -9999 -9999 -9999 -9999 -9999 -9999 -9999 -9999 -9999 -9999 -9999 -9999 -9999 -9999 -9999 -9999 -9999 -9999 -9999 -9999 11.4 11.8 30.8 18.7 18.5 10.9 11 8.7 10.9 15.7 8.2 8.1 13.2 18.4 8.1 8.2 -9999 -9999 -9999 -9999 -9999 -9999 -9999 -9999 -9999 -9999 -9999 -9999 -9999 -9999 -9999 -9999 -9999 -9999 -9999 -9999 -9999 -9999 -9999 -9999 -9999 -9999 -9999 -9999 -9999
-9999 -9999 -9999 -9999 -9999 -9999 -9999 -9999 -9999 -9999 -9999 -9999 -9999 -9999 -9999 -9999 -9999 -9999 -9999 -9999 -9999 -9999 -9999 -9999 -9999 -9999 -9999 -9999 -9999 -9999 -9999 -9999 -9999 -9999 -9999 -9999 -9999 -9999 -9999 18.6 30.8 30.8 9 21.1 28.8 30.2 10.9 13.2 8.4 10.7 13.1 25.8 23.4 8.8 15.8 15.8 -9999 -9999 -9999 -9999 -9999 -9999 -9999 -9999 -9999 -9999 -9999 -9999 -9999 -9999 -9999 -9999 -9999 26 16.2 8.1 -9999 -9999 -9999 -9999 -9999 -9999 -9999 -9999
-9999 -9999 -9999 -9999 -9999 -9999 -9999 -9999 -9999 -9999 -9999 -9999 -9999 -9999 -9999 -9999 -9999 -9999 -9999 -9999 -9999 -9999 -9999 -9999 -9999 -9999 -9999 -9999 -9999 -9999 -9999 -9999 -9999 -9999 -9999 -9999 -9999 30.1 16.1 11.6 9.2 21.1 30.5 11.4 30.4 13.3 16.1 18.7 30.8 30.3 11 11.6 11.2 23.9 9 22.8 -9999 -9999 -9999 -9999 -9999 -9999 -9999 -9999 -9999 -9999 -9999 -9999 -9999 -9999 -9999 -9999 13.4 8.1 30.8 18.8 -9999 -9999 -9999 -9999 -9999 -9999 -9999 -9999
-9999 -9999 -9999 -9999 -9999 -9999 -9999 -9999 -9999 -9999 -9999 -9999 -9999 -9999 -9999 -9999 -9999 -9999 -9999 -9999 -9999 -9999 -9999 -9999 -9999 -9999 -9999 -9999 -9999 -9999 -9999 -9999 -9999 -9999 -9999 -9999 -9999 16.2 30.7 30.5 11.7 30.5 13.4 18.7 15.7 8.3 10.8 30.4 25.9 30.5 12.7 25.2 30.8 18.7 30.6 11.1 -9999 -9999 -9999 -9999 -9999 -9999 -9999 -9999 -9999 -9999 -9999 -9999 -9999 30.8 8.6 30.9 8 10.8 30.7 30.6 10.7 -9999 -9999 -9999 -9999 -9999 -9999 -9999
-9999 -9999 -9999 -9999 -9999 -9999 -9999 -9999 -9999 -9999 -9999 -9999 -9999 -9999 -9999 -9999 -9999 -9999 -9999 -9999 -9999 -9999 -9999 -9999 -9999 -9999 -9999 -9999 -9999 -9999 -9999 -9999 -9999 -9999 -9999 -9999 -9999 30.1 21.1 11.5 8.4 30.3 30.4 30.8 13.6 13.2 30.8 30.7 7.3 7 7.5 7.4 8.1 13.3 8.4 7.9 -9999 -9999 -9999 -9999 -9999 -9999 -9999 -9999 -9999 -9999 -9999 13.5 30.9 18.5 30.9 30.8 30.4 30.3 8.5 10.4 10.9 -9999 -9999 -9999 -9999 -9999 -9999 -9999
-9999 -9999 -9999 -9999 -9999 -9999 -9999 -9999 -9999 -9999 -9999 -9999 -9999 -9999 -9999 -9999 -9999 -9999 -9999 -9999 -9999 -9999 -9999 -9999 -9999 -9999 -9999 -9999 -9999 -9999 -9999 -9999 -9999 -9999 -9999 -9999 -9999 30.4 30.4 30.4 30.8 11.3 13.5 8.2 13.6 19 30.5 15.2 7.7 12.6 7.4 7.8 9.9 6.9 13.4 8 -9999 -9999 -9999 -9999 -9999 -9999 -9999 -9999 -9999 -9999 30.1 30.3 31 8.7 30.7 8.7 8.6 26.6 30.4 8 30.4 -9999 -9999 -9999 -9999 -9999 -9999 -9999
-9999 -9999 -9999 -9999 -9999 -9999 -9999 -9999 -9999 -9999 -9999 -9999 -9999 -9999 -9999 -9999 -9999 -9999 -9999 -9999 -9999 -9999 -9999 -9999 -9999 -9999 -9999 -9999 -9999 -9999 -9999 -9999 -9999 -9999 -9999 -9999 -9999 30.4 30.7 10.6 13.7 8.5 13.4 30.2 13.2 7.4 10 7.2 15.1 7.7 30.1 30.4 31 6.8 7.7 -9999 -9999 -9999 -9999 -9999 -9999 -9999 -9999 -9999 -9999 8.5 11.2 18.4 31.2 8.3 10.9 11.3 30.2 8.1 30.6 31.1 8.2 5.6 -9999 -9999 -9999 -9999 -9999 -9999
-9999 -9999 -9999 -9999 -9999 -9999 -9999 -9999 -9999 -9999 -9999 -9999 -9999 -9999 -9999 -9999 -9999 -9999 -9999 -9999 -9999 -9999 -9999 -9999 -9999 -9999 -9999 -9999 -9999 -9999 -9999 -9999 -9999 -9999 -9999 -9999 18.6 30.7 30.7 30.6 30.6 11 8.5 15 7.3 7.2 9.9 7.5 9.9 15.2 30.3 10.9 20.2 7.6 7.2 7.3 -9999 -9999 -9999 -9999 -9999 -9999 -9999 -9999 -9999 16.2 13.3 10.8 30.7 8.5 8.2 10.8 8.7 30.2 15.6 30.2 18.8 30.2 -9999 -9999 -9999 -9999 -9999 -9999
-9999 -9999 -9999 -9999 -9999 -9999 -9999 -9999 -9999 -9999 -9999 -9999 -9999 -9999 -9999 -9999 -9999 -9999 -9999 -9999 -9999 -9999 -9999 -9999 -9999 -9999 -9999 -9999 -9999 -9999 -9999 -9999 -9999 -9999 -9999 30.4 11.1 10.9 11.1 30.5 11.1 30.3 10 7.3 9.8 7.1 7.3 7.2 7.5 30.3 7.5 17.8 12.9 7.1 6.9 6.7 -9999 -9999 -9999 -9999 -9999 -9999 -9999 -9999 30.3 30.2 30.7 30.5 30.1 25.5 8.2 8.1 13.2 6.2 8.2 10.6 11.1 30.7 10.6 -9999 -9999 -9999 -9999 -9999
-9999 -9999 -9999 -9999 -9999 -9999 -9999 -9999 -9999 -9999 -9999 -9999 -9999 -9999 -9999 -9999 -9999 -9999 -9999 -9999 -9999 -9999 -9999 -9999 -9999 -9999 -9999 -9999 -9999 -9999 -9999 -9999 -9999 -9999 -9999 11 30.7 31.1 13.4 30.6 15.6 7.2 17.5 7.9 10.1 19.4 17.5 12.4 7.8 5.9 12.6 7.2 7.6 9.8 6.9 6.8 -9999 -9999 -9999 15.2 7.7 8.1 30.3 31.1 8.1 30.6 8.4 8.6 30.4 25.8 10.3 7.8 7.9 30.5 30.3 12.8 10.8 31 13.3 -9999 -9999 -9999 -9999 -9999
-9999 -9999 -9999 -9999 -9999 -9999 -9999 -9999 -9999 -9999 -9999 -9999 -9999 -9999 -9999 -9999 -9999 -9999 -9999 -9999 -9999 -9999 -9999 -9999 -9999 -9999 -9999 -9999 -9999 -9999 -9999 -9999 -9999 -9999 -9999 11.5 30.3 30.3 30.2 10.7 14.9 17.8 7.2 9.9 7.5 6.6 6.5 6.8 7.5 15.1 30.6 7.6 7.7 7.5 30.3 7 6.7 -9999 -9999 7.4 7.8 23.5 10.6 28.7 30.4 8.3 8 30.4 18.2 10.5 7.8 13.1 10.3 7.9 13.3 23.1 30.3 11 8.5 18.2 -9999 -9999 -9999 -9999
-9999 -9999 -9999 -9999 -9999 -9999 -9999 -9999 -9999 -9999 -9999 -9999 -9999 -9999 -9999 -9999 -9999 -9999 -9999 -9999 -9999 -9999 -9999 -9999 -9999 -9999 -9999 -9999 -9999 -9999 -9999 -9999 -9999 -9999 30.6 31.1 30.5 7.4 7.2 6.9 6.9 7.1 6.6 9.6 6.9 6.3 6.9 6.7 30.7 7.6 7.3 7.6 30.6 7.6 6.4 6.9 6.6 7.3 -9999 7.5 12.5 13.4 16.1 11.2 18.2 30.6 8 30.8 18.3 17.3 7.7 8.2 15.6 8 30.6 10.4 30.5 8.1 8.4 30.4 13.1 -9999 -9999 -9999
-9999 -9999 -9999 -9999 -9999 -9999 -9999 -9999 -9999 -9999 -9999 -9999 -9999 -9999 -9999 -9999 -9999 -9999 -9999 -9999 -9999 -9999 -9999 -9999 -9999 -9999 -9999 -9999 -9999 -9999 -9999 -9999 -9999 13.3 30.1 10.2 30.4 22.3 7.1 6.9 6.9 15.2 7.2 6 7 6.9 7.6 30.6 30.5 31 7.6 30.1 23.5 30.5 6.6 6.6 6 30.2 30.6 7.4 7.6 9.7 13.7 15.8 15.7 8.3 7.8 8 15.6 10.7 7.8 8.2 7.7 13.1 8.3 30.5 10.8 8.1 10.8 28.2 18.3 30.3 8.6 30.3
-9999 -9999 -9999 -9999 -9999 -9999 -9999 -9999 -9999 -9999 -9999 -9999 -9999 -9999 -9999 -9999 -9999 -9999 -9999 -9999 -9999 -9999 -9999 -9999 -9999 -9999 -9999 -9999 -9999 -9999 -9999 -9999 -9999 19.9 12.5 7.5 6.9 9.7 30.4 6.8 7.1 14.8 30.6 30.7 7 6.9 6.8 30.7 15.5 8.4 30.6 17.9 22.9 12.8 23.5 6.6 30.8 6.9 7.7 7.7 25.3 8.2 8.4 26 10.7 8.4 13.1 7.9 13.3 30.7 13.4 8.3 8.1 10.8 8.1 21.1 8 8.4 8.6 15.8 8.2 8.4 30.1 30.5
-9999 -9999 -9999 -9999 -9999 -9999 -9999 -9999 -9999 -9999 -9999 -9999 -9999 -9999 -9999 -9999 -9999 -9999 -9999 -9999 -9999 -9999 -9999 -9999 -9999 -9999 -9999 -9999 -9999 -9999 -9999 -9999 -9999 20.6 10.2 7.2 7.2 7.4 7.5 30.2 30.7 30.7 30.7 8.4 9.7 30.6 7 6.7 30.5 30.7 30.6 30.8 8.2 7.6 31.3 31.4 30.6 30.7 6.2 7.4 30.3 8.4 30.2 11 30.2 13 30.2 8 8 8.1 10.7 8.1 10.6 30.4 11 8.1 30.5 10.3 30.4 8.2 8.4 8.5 18.3 8.7
-9999 -9999 -9999 -9999 -9999 -9999 -9999 -9999 -9999 -9999 -9999 -9999 -9999 -9999 -9999 -9999 -9999 -9999 -9999 -9999 -9999 -9999 -9999 -9999 -9999 -9999 -9999 -9999 -9999 -9999 -9999 -9999 7.2 12.5 7.2 7.1 7.2 9.6 7.4 7.1 9.7 6.9 7.1 30.3 3.8 6.9 6.8 7 19.4 5 30.5 30.9 30.5 30.2 7.1 30.5 6.5 6.3 6.7 20 30.2 8.4 7.5 30.5 8 7.9 10.5 7.6 8 8.2 8.3 30.1 7.8 7.6 30.3 20.7 15.3 7.8 20.6 8.3 7.4 11 10.6 7.5
-9999 -9999 -9999 -9999 -9999 -9999 -9999 -9999 -9999 -9999 -9999 -9999 -9999 -9999 -9999 -9999 -9999 -9999 -9999 -9999 -9999 -9999 -9999 -9999 -9999 -9999 -9999 -9999 -9999 -9999 -9999 12.2 30.4 7 7.1 9.7 6.8 7 30.6 6.9 7 7.1 7.4 7.3 1.6 30.7 1.6 6.9 28.3 6 6.3 30.1 7.1 7.8 7.1 6.4 6.6 6.7 6.9 5.8 6.7 10.3 12.6 7.5 7.9 11 8.2 30.4 30.2 8.4 8.1 8.2 30.5 30.4 13.7 30.9 30.1 30.8 30.3 15.7 12.4 7.6 7.4 7.5
-9999 -9999 -9999 -9999 -9999 -9999 -9999 -9999 -9999 -9999 -9999 -9999 -9999 -9999 -9999 -9999 -9999 -9999 -9999 -9999 -9999 -9999 -9999 -9999 -9999 -9999 -9999 -9999 -9999 -9999 -9999 12.3 10 7 6.9 19.9 6.8 7.1 6.7 7 6.5 9.4 6.7 3.9 6.7 30.6 9.3 14.7 30.3 6.7 6.2 6.5 6.4 7.1 8.6 6.4 30.5 6.9 6.3 6.7 6.5 6.7 7.1 7.3 8.2 30.7 30.8 7.9 8.3 13.2 8.1 8.3 5.3 8.1 17 3.5 12.6 12.9 30.8 13.1 8 12.4 7.8 10.1
-9999 -9999 -9999 -9999 -9999 -9999 -9999 -9999 -9999 -9999 -9999 -9999 -9999 -9999 -9999 -9999 -9999 -9999 -9999 -9999 -9999 -9999 -9999 -9999 -9999 -9999 -9999 -9999 -9999 -9999 7.1 30.3 7.5 7.2 7 7 7.3 7 7.2 7 31.3 7.3 23.2 30.5 13.7 9.7 30.1 23.6 14.8 31.1 30.9 7 6.8 6.5 30.3 6.2 6.2 23.8 6.5 6.8 6.3 6.6 15 31.1 30.2 19.2 30.3 18.2 8 30.3 30.2 30.5 30.1 23.4 15.4 8.1 30.6 7.6 7.9 30.8 6.3 30.3 31.1 21.3
-9999 -9999 -9999 -9999 -9999 -9999 -9999 -9999 -9999 -9999 -9999 -9999 -9999 -9999 -9999 -9999 -9999 -9999 -9999 -9999 -9999 -9999 -9999 -9999 -9999 -9999 -9999 -9999 -9999 -9999 7.5 10.2 3.3 6.9 7.2 6.9 7.2 17.2 6.9 30.5 7.4 7.1 30.5 30.3 30.4 30.6 5.8 30.1 6.2 6.6 6.2 11.4 6.5 -9999 5.5 6.5 5.8 30.3 7 7 5.3 -9999 19.8 30.2 9.6 13.3 30.7 30.7 21.2 10.6 30.3 30.7 13 10.3 20.6 7.5 15.1 30.4 15.3 31 9.9 7.3 24.4 30.7
-9999 -9999 -9999 -9999 -9999 -9999 -9999 -9999 -9999 -9999 -9999 -9999 -9999 -9999 -9999 -9999 -9999 -9999 -9999 -9999 -9999 -9999 -9999 -9999 -9999 -9999 -9999 -9999 -9999 7.4 7.2 30.7 6.8 6.8 23.9 6.8 10.6 31 6.4 30.1 6.8 7.2 6.7 6.8 30.8 29.2 30.5 6.8 30.2 6.7 6.5 6 6.6 30.2 6.8 6.8 6.6 6.3 6.5 6.3 6.8 -9999 6.3 6.7 30.5 21 30.5 13.1 7.9 30.3 7.9 10.6 7.8 10.4 30.5 18 7.5 7.5 30.6 10.7 30.8 30.6 30.9 30.9
-9999 -9999 -9999 -9999 -9999 -9999 -9999 -9999 -9999 -9999 -9999 -9999 -9999 -9999 -9999 -9999 -9999 -9999 -9999 -9999 -9999 -9999 -9999 -9999 -9999 -9999 -9999 -9999 7.5 7.7 10.4 7.2 7.1 7.1 6.7 6.8 7 6.9 6.8 6.7 30.9 6.1 6.6 6.6 6.5 30.7 30.6 6.1 6.6 6.4 6.5 6.2 6.8 6.7 30.4 6.3 7 6.4 6.4 6.6 6.8 29.4 6.4 6.6 -9999 6.9 30.4 10.5 8.4 16.9 8.1 10.5 10.6 10.4 10.2 10.2 7.7 30.4 26.3 30.8 30.2 3.5 30.8 30.4
-9999 -9999 -9999 -9999 -9999 -9999 -9999 -9999 -9999 -9999 -9999 -9999 -9999 -9999 -9999 -9999 -9999 -9999 -9999 -9999 -9999 -9999 -9999 -9999 -9999 -9999 -9999 7.5 9.7 15 30.2 9.7 6.3 30 6.5 5.3 30.2 6.8 6.3 6.3 6.5 30.9 6.4 13.8 6.6 23.1 8.3 6.8 6.8 30.7 6.7 6.9 7 6.9 4.4 6.7 6.7 6.5 30.8 6.6 30.9 30.2 6.4 6.6 9.8 6.1 5.4 7.9 7.9 3.8 4.5 30.3 26.6 13.1 30.6 30.6 18.4 7.2 30.6 6.2 30.5 31.1 7.2 30.8
-9999 -9999 -9999 -9999 -9999 -9999 -9999 -9999 -9999 -9999 -9999 -9999 -9999 -9999 -9999 -9999 -9999 -9999 -9999 -9999 -9999 -9999 -9999 -9999 -9999 -9999 30.3 30.1 6.5 6.8 27.6 7 6.6 6.4 6.7 6.8 17.1 7.4 6.5 6.7 30.7 6.4 5.1 30.3 30.6 30.1 6.3 6.6 6.9 6.6 11 6.4 6.7 6.6 24 6.9 1.6 6.5 6.5 6.2 6.7 30.5 6 30.1 7.2 30.4 7.3 7.1 15 5.9 20.4 10.9 8.1 8.1 30.9 13.3 25.6 15.2 30.7 7.4 30.6 30.3 30.9 6.4
-9999 -9999 -9999 -9999 -9999 -9999 -9999 -9999 -9999 -9999 -9999 -9999 -9999 -9999 -9999 -9999 -9999 -9999 -9999 -9999 -9999 -9999 -9999 -9999 -9999 6.2 6.3 6.7 6.4 6.7 7 7 6.7 6.9 6 7.1 7.1 6.3 6.1 6.1 6.6 6.3 30.1 30.8 30.1 30.2 30.5 6.2 6.8 6.6 6.7 6.6 6.4 6.7 4 30.4 5.6 5.6 5.4 5.5 6 6 9.8 30.5 6.4 6 6.3 21.5 30.5 6 30.8 30.2 30.1 8.1 13.4 15.6 30.4 15.3 7.8 7.1 30.2 31.3 31 8.6
-9999 -9999 -9999 -9999 -9999 -9999 -9999 -9999 -9999 -9999 -9999 -9999 -9999 -9999 -9999 -9999 -9999 -9999 -9999 -9999 -9999 -9999 -9999 -9999 -9999 6.4 6.4 6.6 6.9 6.9 6.2 6.3 6.5 6.5 6.4 10.8 7.1 7.2 6.1 6.3 7 25.1 6.3 8.1 18.1 30.5 5.3 6.6 30.7 30.5 6.7 25.6 6.5 27 30.1 6 5.6 5.7 5.4 5.2 5.8 5.3 30.7 6.2 6.6 6.8 6.7 6 6.2 24.4 7.1 7.6 8 12.4 30.8 6 30.7 30.4 30.9 7.6 16.1 28.9 8.7 10.4
-9999 -9999 -9999 -9999 -9999 -9999 -9999 -9999 -9999 -9999 -9999 -9999 -9999 -9999 -9999 -9999 -9999 -9999 -9999 -9999 -9999 -9999 -9999 -9999 6.3 6.5 7.1 6.7 7.3 6.6 6.4 6.3 6.3 6.5 6.5 7 6.7 7.2 7.1 6.8 6.3 5.9 30.6 1.5 30.5 30.7 30.5 5.9 30.4 6.7 30.7 4 17 6.7 30.7 5.8 5.4 6.2 5.6 5.5 5.7 5.4 5.6 6.2 30.8 5.9 6.6 6.3 6.4 7.3 7.1 7.3 30.8 30.3 7.9 7.8 30.8 7.4 6.1 7.3 30.8 3.5 30.9 5.5
-9999 -9999 -9999 -9999 -9999 -9999 -9999 -9999 -9999 -9999 -9999 -9999 -9999 -9999 -9999 -9999 -9999 -9999 -9999 -9999 -9999 -9999 -9999 6.5 6.5 6.8 6.4 6.3 7 6.4 6.4 6.5 6.4 6.1 12.2 7.2 7 7.1 19.6 6.5 6.1 30.9 30.5 25.1 24.6 6.2 30.2 26.7 13.8 6.7 6.9 13.3 30.3 6 30.7 6 30.7 6 6.2 5.7 5.6 5.7 5.5 3.9 5.5 5.5 6.2 6.2 5.9 6.1 6.2 30.3 7.9 30.5 30.8 7.7 30.5 7.7 28.5 30.2 13.6 8.7 5.5 30.4
-9999 -9999 -9999 -9999 -9999 -9999 -9999 -9999 -9999 -9999 -9999 -9999 -9999 -9999 -9999 -9999 -9999 -9999 -9999 -9999 -9999 -9999 -9999 6.7 30.5 7.2 6.6 6.9 6 5.7 6.2 6.2 5.9 6.1 7.1 7.1 6.9 9.7 7.2 6.4 30.6 5.7 30.8 21.8 14.5 30.6 6 30.6 6.6 7 6.9 6.4 6.2 6.4 10.6 6.2 5.8 5.9 6.1 5.8 30.5 5.9 5.3 5.4 6.1 5.8 5.3 6.2 6.3 6.1 6.6 30.6 13 15.5 17.7 7.3 7.7 30.9 30.8 5.7 31 30.5 30.1 15.5
-9999 -9999 -9999 -9999 -9999 -9999 -9999 -9999 -9999 -9999 -9999 -9999 -9999 -9999 -9999 -9999 -9999 -9999 -9999 -9999 -9999 -9999 6.1 30.5 30.8 5.9 30.5 30.4 6.6 25.9 6.1 6.3 6 6 7.2 7 6.7 17.2 16.8 6.3 6.4 6.3 6.6 6.4 30.5 6.9 6.8 30.6 6.9 7 11.4 6.1 10.1 6.2 30.8 6.5 6 6.8 6.6 5.4 5.7 6.1 1.3 5.9 5.6 6.3 5.5 6.2 6.8 6.2 6 30.8 7.1 7.5 16.2 16.4 7.6 13 6.9 8.6 21 11.1 14.6 3.3
-9999 -9999 -9999 -9999 -9999 -9999 -9999 -9999 -9999 -9999 -9999 -9999 -9999 -9999 -9999 -9999 -9999 -9999 -9999 -9999 -9999 -9999 6.1 30.4 7 30.1 31.1 9.4 3.8 6.1 6.2 6.4 6.6 6.4 23.5 6.9 6.9 30.7 30.2 8.4 3.2 6.5 6.3 6.3 15.6 7.1 16.6 11.1 30.4 6.9 6.8 6.8 6.3 6.8 30.4 12.5 6 5.5 6.2 5.7 5.7 13.5 6 6.3 6 5.3 5.4 5.6 6.3 6 6.3 17.5 7.5 7.3 29.2 26.3 16.8 12.5 6.7 5.4 6.9 10.4 11 8.3
-9999 -9999 -9999 -9999 -9999 -9999 -9999 -9999 -9999 -9999 -9999 -9999 -9999 -9999 -9999 -9999 -9999 -9999 -9999 -9999 -9999 -9999 -9999 6.6 14.1 30.6 31.1 30.8 16.3 3.3 6.9 6.7 6.6 6.5 30.5 29.3 6.7 9.5 6.3 20 6.3 6.5 3.4 8.6 6 31.2 6.3 6.9 7 6.8 6.7 6.9 6.8 7 7.4 3.2 30.4 6.2 6.1 5.5 6.4 6.5 19.3 6 5.7 4.7 5.1 6.2 5.7 6.1 30.5 10 7.6 15.1 10.4 30.7 8.7 30.7 28.5 13.9 3.1 6.7 11 8.5
-9999 -9999 -9999 -9999 -9999 -9999 -9999 -9999 -9999 -9999 -9999 -9999 -9999 -9999 -9999 -9999 -9999 -9999 -9999 -9999 -9999 -9999 -9999 26.3 6.2 1.7 6.8 6.5 6.1 5.2 6.6 7 6.6 7 6.2 8.3 30.2 30.4 16 30.2 13.4 8.7 6.5 6 1.3 6.5 6.7 6.5 16.1 24.9 19 7.4 7.1 6.9 7.3 9.9 7 7 5.4 6.4 6.2 6.4 6.7 6.2 5.8 5.3 5.6 6.5 6.5 6.6 6.3 15.2 30.4 7.8 15.4 17.8 8.4 5.6 30.8 30.8 10.3 7.9 30.4 30.5
-9999 -9999 -9999 -9999 -9999 -9999 -9999 -9999 -9999 -9999 -9999 -9999 -9999 -9999 -9999 -9999 -9999 -9999 -9999 -9999 -9999 5.7 6.1 6 5.7 6.5 6.4 6.4 6.6 6.6 6.3 6.2 6.5 6.9 6.9 1.2 10.8 30.2 12.3 6.3 6.1 6.9 30.3 11.6 3.1 6.9 12.4 6.9 6.4 6.7 6.4 6.3 6.7 22.1 6.6 7.2 30.6 7 6.1 6.7 6.5 6.5 6 5.9 6 5.5 5.6 6.5 6.2 7.6 18.4 10.5 12.8 8.1 10.5 7.8 7.4 8.5 6 10.4 30.6 30.4 6.1 8.6
-9999 -9999 -9999 -9999 -9999 -9999 -9999 -9999 -9999 -9999 -9999 -9999 -9999 -9999 -9999 -9999 -9999 -9999 -9999 30.7 19.1 5.7 6.2 17.5 30.5 13.9 30.4 6.4 6.5 5.9 6.7 6.4 6.3 6.5 6.2 3.1 30.2 16 6.7 6.5 3.8 9.3 6.8 30.6 17.2 6.5 7 6 5.7 5.8 6.2 6.4 6.3 6.3 30.9 6.1 6.7 6.2 5.7 6.7 6.7 6.2 6 5.9 5.4 5.4 5.4 30.2 27.2 7.7 7.8 7.9 10.7 30.4 7.7 12.6 10.3 7.8 30.7 30.6 30.6 16.1 5.4 30.2
