Outfile_5.asc
NCOLS 201
NROWS 151
XLLCORNER 730592.938286
YLLCORNER 2561222.529137
CELLSIZE 145.176046
NODATA_VALUE NaN
[rows 99 to 131 of 151, columns 74 to 147 of 201]
9.8 11.7 9.5 8.5 16.4 10.75 12.298142394 14.6214045971 19.9765006541 6.85 14.5666666667 7.25 8.15 19.9226666667 NaN 1.8166666667 5.2 5.3 5.2 4.8 4.8 8.1 8.45 10.85 8.5 7.1843909065 6.6032369137 6.75 15.136 7.4 7.35 5.15 9.3 8.3 13.15 9.15 15.08 15.109 15.049 12.3 5.8042261031 5.8745006541 5.5333333333 NaN NaN NaN 5.1660289775 2.1017858479 5.9562672167 5.6806599425 2.8928255525 5.3316790289 2.9524976531 6.5075575791 6.8635231517 5.553428636 2.7789342698 2.6639351726 7.85 3.3708927697 10 8.6 8.65 8.75 5.503030303 5.403030303 5.653030303 5.248142394 5.6777777778 20.8135231517 19.95 30.002 23.6 30.001
16.55 9.95 9.9 19.905 12.6 9.4 19.933 8.6 9.75 12.8 9.8 12.65 NaN 7.75 NaN 2.1042261031 4.35 4.75 12.1 5 5.45 5.05 14.6 13.185702243 14.3 11.45 15.144 8 7.55 11.05 14.999 13.2 12.35 7.6 8.75 15.031 15.108 12.9 6.65 7.05 6.5 6.59071197 3.7666666667 2.1469040394 NaN NaN 6.55 2.4217300308 7.65 10.35 3.1480521815 2.2217300308 3.2229948341 12.0833333333 6.3722222222 7.05 5.25 2.5629588438 2.8739042103 21.9304748005 14.4 25.0428852936 7.7 6.0258686137 3.1222222222 6.0222222222 5.4722222222 5.0702728564 6.1583333333 6.4521130107 24.75 29.999 30 25.6
8.7 15.7 15.6 11.1 10.05 11.9 8.55 8.2 19.957 17.8 16.85 9.7 NaN NaN NaN 2.0135735976 4.25 5.5 5.3 5 5.4 5.35 6.35 6.4 6.75 8.1 7.4 9.05 5.2 11.5 9.15 5.4 14.982 9.2 10 8.45 7.15 6.45 7.1 6.3692754236 6.3716618094 9.45 8 NaN NaN NaN NaN 2.6179068435 9.2 9.25 3.6055555556 2.0108185325 5.8166666667 2.1833333333 10.35 11.55 6.7 5.2 2.3135231517 5.5134491708 7.8 5.2833333333 8.25 6.6 8 2.4 2.5 10.75 9.8 13.85 5.05 12.4 28.45 26.25
13.85 13 9.55 20.058 5.7833333333 11.2 5.928511354 8 10.3 9.95 8.25 NaN NaN NaN NaN NaN 6.6 5.4 5.4 4.8 5 4.85 7.5 7.3 8.3 9.2 10.1 9.35 7.05 9.4 8.65 12.4 7.9 7.05 7.8 15.019 8.4 6.9 9.1 6.7681050248 6.3084518793 5.15 NaN NaN NaN NaN NaN NaN 2.6310980619 3.1469842853 3.5666666667 5.798142394 6.1523689097 5.6333333333 6.5222222222 6.45 6.15 6 5.3328101159 10.9884487607 13.8037203881 5.6333333333 2.9833333333 24.2901371761 6.3 23.75 12.85 24.989 6.8 16.45 18.55 14.2 14.5 29.954
17.04071197 18.1833333333 6.1 5.15 9.6 11.8333333333 11.65 7.9 8.8 7.7 10.25 10.25 4.9 NaN NaN NaN NaN 6.55 5.3 5.55 5.1 5.4 5.5 NaN NaN NaN NaN 5.3 9.6 8.8 7.65 9.75 7.05 NaN NaN 7.95 10 8.2 7.1 15.0113703704 9.9 7.4 NaN NaN NaN NaN NaN 6.55 3.3404286252 3.4159351537 4.5333333333 13.7784270273 3.367127024 6.1376787265 6.9202728564 6.1 5.3 5.05 5.3563281674 5.4423526966 5.4969040394 3.5666666667 9.35 9.8 11.7192754236 6.7 14.25 6 12.05 13.85 9.75 25.201 25.399 24.936
3.8166666667 9.85 8.05 5.6666666667 5.6216618094 16.75 11.9 16.7 16.75 12.1 14.05 8.55 9.2 7.9 6.55 NaN NaN NaN NaN 6.8 4.85 5 7.9 NaN NaN NaN NaN 6.75 7.7 NaN 6.45 6.5 6.1 NaN NaN 6.85 8.2 6.85 12.85 15.0693703704 6.0333333333 15.2443333333 6.65 NaN NaN NaN NaN 6.75 7 5.9833333333 5.25 25.297 6.8467825041 5.4952995056 6.8013740557 5.9 5.15 5.15 5 5.2564102564 5.6401371761 6.1333333333 10.8833333333 3.2037203881 9.1 8.45 6.8 5.45 10.55 7.75 8.75 12.75 25.166 25.192
19.9870461645 11.1 5.3681050248 10.3 11.85 5.253030303 14 13.4635231517 13 12.7 15.05 12.2 11.2 10.75 NaN 6.9 NaN NaN NaN NaN NaN NaN NaN NaN NaN NaN NaN 6.95 NaN NaN NaN NaN NaN NaN NaN NaN 9.55 6.35 13.0380952381 8.3 14.9502676031 15.0558234805 15.0533996038 6.75 3.34071197 5.2833333333 6.54071197 9.1034349239 13.6551154274 6.9059224131 6.1333333333 7.3950799339 5.7137183223 6.7181474842 5.5 5.7 5.25 4.9 15.4 9.8 14.4 6.21898463 5.9333333333 9.55 11.55 10.15 7.15 7.1 8.1 8.1 8.7 25.177 5.85 6.1
11.25 11.5 9.65 11.7 9.8 8.7 8.8 9.45 8.65 8.85 8.05 8.1 9.7 9.7 15.35 11.05 7.6 7 NaN NaN NaN NaN NaN NaN NaN NaN 6 6.7 NaN NaN NaN NaN NaN NaN NaN NaN 11.2 8.65 15.029 14.9882617446 14.9437820941 14.9914383581 6.7 14.9587871587 5.4 5.7745006541 6.597996552 5.9081491326 7.2520285504 6.4601105702 11.6537037037 3.4848730697 8.1144313952 6.0564102564 5.65 5.45 5.4 5.2 9.9 6.0063281674 20.25 3.2969040394 25.21371197 25.3036666667 8.2 8.95 12.6688440482 6.75 7.2 9.7 8.25 6.5202728564 6.3450715499 6.0564102564
19.993 11.6 11.95 15 15.25 15.15 9.7 10.1 8.4 9.15 9.45 14.7 10.25 16.8 15.05 11.05 8.9 11.75 10.65 NaN NaN NaN NaN NaN NaN 5.55 6.1 NaN NaN NaN NaN NaN NaN NaN NaN NaN 13.85 14.957 15.0090295079 15.037 8.15 15.1417852127 5.2192725435 7.0002041892 6.1600747221 5.9714045971 7.35 6.823998276 5.9533108961 6.4844898253 25.0434285714 7.5649362158 8.55 6.1268182948 6.7567245426 5.2 6.5 6.65 12.1 8.5 9.05 6.0401371761 20.7333333333 24.9363333333 16.8084518793 6.55 7.95 7.25 7.2 6.55 7.95 25.1198601941 25.0466779369 7.35
15.1 9.7 13.75 11.05 14.95 13.4 5.1 7.85 8.7 8.55 11.75 12.65 12.65 19.91 9.8 8.25 11 9.15 9.2 NaN NaN NaN NaN NaN NaN NaN NaN NaN NaN NaN NaN NaN NaN NaN NaN 4.65 7.05 6.65 7.2755853852 15.1864753952 15.1197852127 15.1783557635 7.1 6.2983456956 5.9645671951 6.748142394 8.6 7.45 7.2768182948 7.0714045971 7.84071197 25.1893333333 8.8 5.9115508071 6.2984520197 6.25 6.25 17.75 12.95 10.4 2.3742242458 7.85 7.9 13.2833333333 25.0894770164 11.35 6.35 4.9513641714 7 7.7 7.4 6.61898463 17.6953558739 7.0111111111
11.35 8.75 8.85 13.65 10.15 9.95 8.8 5.15 10 8.4 9.55 7.85 4.6 16.7 9.6 9.2 10.7 NaN 9.3 7.9 NaN NaN NaN NaN NaN NaN NaN NaN NaN NaN NaN NaN NaN NaN NaN NaN 6.85 5.55 8.05 8.45 15.11891678 6.247996552 6.9 5.9786681507 13.55 24.9513739396 8.65 8.55 14.65 17.35 6.1166666667 10.7570224301 7.14071197 6.6205792798 5.7594922192 6.6222222222 6.4 25.229 8.05 11.85 2.8513740557 8.8 8.85 21.9235829038 25.09568603 9.95 7.85 6.9 6.9 7.05 14.9166666667 17.5833333333 6.1 24.9930224301
NaN NaN NaN NaN NaN 4.35 8.15 11.5 11.4 10.25 7.3 8.8 9.3 8.75 9.5 7.75 6.45 NaN NaN NaN NaN NaN NaN NaN NaN NaN NaN NaN NaN NaN NaN NaN NaN NaN NaN NaN NaN NaN NaN 6.95 7.8 11.45 6.8 7.3 16.9380952381 12.3 7.4 8.75 5.9108185325 13.95 9.8 7.2584518793 5.8 6.6584518793 6.0634491708 13.8635231517 6.3 6.5 9.5 10.45 8.45 8.2 7.65 8.3 9.15 10.8 11.3 8.2 20.25 6.85 25.0481111111 25.0983333333 6.95 9.4
NaN NaN NaN NaN NaN NaN NaN 7.6 9.95 8.2 8.85 10.25 11.55 12.45 8.3 NaN NaN NaN NaN NaN NaN 5.65 NaN NaN NaN NaN NaN NaN 11.05 7.55 NaN NaN NaN NaN NaN NaN NaN NaN NaN 6.8 7.9 10.7 7.3 7.05 7.75 8.25 5.35 8.85 7.85 11.55 11.05 5.7469040394 6.64071197 15.4666666667 24.9641904762 6.9277777778 12.5 11.15 14.35 15.95 9.5 5.4188440482 24.960310514 11.05 8.45 24.96471197 25.2130712638 6.9101516281 6.3716618094 22.8261904762 7.8 8.6 24.9964487607 14.9094922192
NaN NaN NaN NaN NaN NaN NaN NaN NaN 9.45 19.905 8.75 10.15 10.3 NaN 8.05 NaN NaN 7.2 NaN 5.45 6.55 NaN NaN NaN NaN NaN 7.85 14.25 14.65 NaN NaN NaN NaN NaN NaN NaN NaN NaN 6.9 2.9555555556 8.6 7.1 8.4 7.55 8.05 10.2 7 6.85 6.35 6.8 5.6666666667 8.0111111111 16.0070224301 6.997996552 5.9181050248 7.0081667897 5.7977647286 5.05 11.95 9.35 8.65 7.85 12.35 25.0541262079 25.3595006541 12.6 8 12.2737619586 12.0777777778 21.2135231517 24.9660715499 12.1 6.7
NaN NaN NaN NaN NaN NaN NaN NaN NaN NaN NaN NaN NaN 7.45 19.65 8.55 8.25 5.5 NaN NaN 6 6.35 6 5.9 10.45 NaN 7.9 11.55 8.7 11.8 7.3 NaN NaN NaN NaN NaN NaN NaN NaN 6.5 5.6055555556 6.95 6.95 9.7 9.35 9.75 11.25 6.35 19.1 24.992 6.7135231517 25.1756779369 12.3833333333 25.0283333333 6.0166666667 9.1537203881 11.2267895821 16.948142394 21.9108185325 12.25 13.7 5.65 2.6710636516 17.05 24.9931218061 6.6375594364 10.65 16.15 25.0224840324 10.35 7.25 7.05 7 7.05
NaN NaN NaN NaN NaN NaN NaN NaN NaN NaN NaN NaN NaN NaN 8.15 11.6 12.15 5.7 NaN 6.15 6.7 5.8 5.9 5.75 10.15 15.011 10 10.4 12.3 8.3 9.3 7.65 NaN NaN NaN NaN NaN NaN NaN NaN NaN NaN NaN NaN NaN 7.3 8.7 25.225 13.15 6.75 25.06884391 24.9803641714 24.9876666667 6.1 14.25 24.9923333333 8.7 17.4333333333 7.15 12.95 13.15 8.05 19.4 24.9205163336 7.85 7.8 7.7 8.75 6.0192754236 5.2188440482 9.55 8.1 6.95 7.05
NaN NaN NaN NaN NaN NaN NaN NaN NaN NaN 7.15 7.4 9.75 8.15 7.75 7.5 10.5 6.1 6.05 6.35 6.05 5.55 5.35 5.2 5.95 5.35 15.046 8.15 10.3 8.65 8 10 NaN NaN NaN NaN NaN NaN NaN NaN NaN NaN NaN NaN NaN NaN 9 6.6 10 24.997 6.8289342698 13.15 20.5705792798 7.7 8.05 25.0533333333 7.6537203881 8.85 8.6 25.039 21.3 17.45 9.5 25.0664102564 10.15 5.9666666667 25.019 25.2344518793 25.0951371761 10 25.0357245426 8.7 11.8 25.12
NaN NaN NaN NaN NaN NaN NaN NaN NaN NaN 9.15 5.3 14.6 10.9 8.8 11.65 14.2 5.75 5.75 5.7 6.05 6.05 5.65 5.75 5.8 5.25 15.004 8.25 5.25 6.9 6.8 5.8 NaN NaN NaN NaN NaN NaN NaN NaN NaN NaN NaN NaN NaN 7.3 17.4 6.05 16.15 25.096 20.0002805931 17.5 8.3 2.8703703704 25.05298463 22.3833333333 8.65 13.45 8.85 14.7 13.85 15.25 12.05 25.0932242458 7.45 14.95 9.55 25.1446666667 24.9466618094 7.8 17.6484520197 9.9 16.95 25.233
NaN NaN NaN NaN NaN NaN NaN NaN NaN NaN 12.65 9.6 14.961 7.55 10.45 8.95 5.65 5.65 6.15 5.05 6.2 5.95 6.15 5.85 5.3 8.65 8.15 6.8 6.55 6.55 6.65 NaN NaN NaN NaN NaN NaN NaN NaN NaN NaN NaN NaN NaN NaN 7.5 8.5 10.85 17.4 20.7 8.95 11.85 9.4 17.6 14.8122501134 25.123511354 25.0973333333 8.45 25.0573333333 5.2222222222 11.4 19.35 18.05 10.65 7.7 14.65 8.8 24.9953333333 9.8 8.2 16.6094922192 8 21 8.3
NaN NaN NaN NaN NaN NaN NaN NaN NaN NaN 9.75 14.982 15.004 9.8 9.4 5.4 5.25 5.7 5.75 6.35 5.9 6.8 5.35 4.9 5.4 13.4 6.1 6.9 6.65 6.45 6.2 NaN NaN NaN NaN NaN NaN NaN NaN NaN NaN NaN NaN NaN NaN NaN 17.85 15.25 11.9 17.05 12.1 13.45 24.919 8.55 25.1113703704 24.9553333333 8 6.1666666667 22.65 11.55 5.35 25.065 25.032 11 25.0448185325 9.6 9.7 9.7 25.1233333333 3.2666666667 7.15 11.9160289775 13.4 8.9
NaN NaN NaN NaN NaN NaN NaN NaN NaN NaN 5.8 5.45 5.75 5.9 6.35 15.054 15.083 6 6 5.85 5.85 6 5.1 6.2 6.8 8 6.75 6.7 6.75 NaN NaN NaN NaN NaN NaN NaN NaN NaN NaN NaN NaN NaN NaN NaN NaN NaN NaN NaN 7.8 7.65 10.75 10.35 25.046 25.3800952381 25.2573703704 25.0113333333 14.8 12.55 15.4615508071 24.981702243 19.65 20.1 7 9.15 9.85 25.2020715499 8.35 8.9 25.2353333333 25.212511354 7.95 7.5 13.75 24.912
NaN NaN NaN NaN NaN NaN NaN NaN NaN 5.5 6.2 5.55 5.85 5.5 5.95 5.6 5.85 6.4 5.8 5.95 5.6 5.95 5.75 5.65 5.95 6.5 7.65 7.05 6.95 NaN NaN NaN NaN NaN NaN NaN NaN NaN NaN NaN NaN NaN NaN NaN NaN NaN NaN NaN NaN NaN 9.4 25.126 8.8 6.2874901471 23.4681050248 20.9084518793 21.55 7.5 8.45 14.95 15.5 9.65 20.25 25.35 13.25 8.15 8.35 12.2 8.95 2.05 10.2 12.75 25.06 24.995
NaN NaN NaN NaN NaN NaN NaN NaN NaN 11.1 15.007 15.039 5.6 5 6.1 5.9 5.85 6.4 6.25 5.75 5.75 5.8 5.45 5.95 5.65 6.25 8.1 10.3 6.75 NaN NaN NaN NaN NaN NaN NaN NaN NaN NaN NaN NaN NaN NaN NaN NaN NaN NaN NaN NaN NaN 10 7.7 14.8 17.5635231517 20.85 25.0763558739 23.0333333333 9.178511354 18.7969040394 24.983142394 24.8 19.35 10.3 18.95 7 11.75 15.25 8.3 7.95 25.23171197 25.1753333333 6.2666666667 24.9833326691 25.2480715499
NaN NaN NaN NaN NaN NaN NaN NaN NaN 10.45 9 12.85 9.95 9.7 14.996 6.2 5.9 6 5.85 5.85 5.85 5.8 5.6 6.1 5.15 6.2 4.75 6.75 9.45 NaN NaN NaN NaN NaN NaN NaN NaN NaN NaN NaN NaN NaN NaN NaN NaN NaN NaN NaN NaN NaN 5.6108185325 24.9298913743 11 25.1104491708 7.7 25.0496666667 22.3040925512 22.25 9.8 24.5115508071 25.246702243 13.5 10.45 11.1 8.1 16.7 24.979 13.65 19.25 23.65 25.08 8.85 16.05 12
NaN NaN NaN NaN NaN NaN NaN NaN NaN 8.3 15.051 9.45 15.024 14.999 12.3 6.55 6.05 6.15 6.05 6.1 5.55 5.85 5.95 5.5 6.15 5.5 4.3 4.9 8.05 7 NaN NaN NaN NaN NaN NaN NaN NaN NaN NaN NaN NaN NaN NaN NaN NaN NaN NaN NaN NaN NaN 11.75 24.98 13.35 25.039 19.15 8.15 25.2736666667 16.15 24.9345508071 11.6 15.15 15.65 8.15 13.9 8.9 13.9 14.2 20.7 24.964 10.95 24.15 24.9814518793 25.0328371643
NaN NaN NaN NaN NaN NaN NaN NaN NaN NaN 11.15 13.95 10.8 12.4 5.65 6 5.8 5.95 5.95 5.95 5.05 5.85 5.85 5.9 5.9 5.4 4.35 4.65 7.2 6.7 NaN NaN NaN NaN NaN NaN NaN NaN NaN NaN NaN NaN NaN NaN NaN NaN NaN NaN NaN NaN NaN NaN 16.6 11.5 15.6 23.7084518793 23.55 20.7 8.2 19.1423526966 14.3 19.5 24.972 11.4 13.4 25.166 24.916 21.4 20 13.85 12.25 11.9 25.0470224301 18.75
NaN NaN NaN NaN NaN NaN NaN NaN NaN NaN NaN NaN 8.8 7.95 5.85 5.7 6.1 5.9 5.7 5.35 15.033 6.2 6.3 5.4 5.75 5.55 4.65 4.75 4.65 NaN NaN NaN NaN NaN NaN NaN NaN NaN NaN NaN NaN NaN NaN NaN NaN NaN NaN NaN NaN NaN NaN NaN 7.7090193633 24.971 23.85 10.7 10.75 14.1 17.5635231517 25.1882222222 25.158 23.15 25.185 11.6 9 24.959 17.8 11.65 12.1 21.2 19.2726779369 25.1176666667 12.6 25.084
NaN NaN NaN NaN NaN NaN NaN NaN NaN NaN NaN NaN NaN NaN 5.25 5.85 6.2 5.8 5.8 5.75 5.05 6 NaN NaN NaN NaN NaN NaN NaN NaN NaN NaN NaN NaN NaN NaN NaN NaN NaN NaN NaN NaN NaN NaN NaN NaN NaN NaN NaN NaN NaN NaN 19.7969040394 22.5 25.044 24.959 24.96 25.3732728564 24.9741130107 25.056 16.6 14.55 25.035 10.95 24.934 24.989 9.6 24.3 25.074 13.8 24.941 9.1 8.1 10.7
NaN NaN NaN NaN NaN NaN NaN NaN NaN NaN NaN NaN NaN NaN NaN 5.55 5.1 5.65 5.6 5.75 5.45 NaN NaN NaN NaN NaN NaN NaN NaN NaN NaN NaN NaN NaN NaN NaN NaN NaN NaN NaN NaN NaN NaN NaN NaN NaN NaN NaN NaN NaN NaN NaN 25.025 25.225 25.135 17.7 25.019 15.3 7.65 13.75 22.75 25.315 25.015 25.174 25.024 24.1 24.963 20.9 15.6 24.952 15.95 25.085 25.05798463 9.3
NaN NaN NaN NaN NaN NaN NaN NaN NaN NaN NaN NaN NaN NaN NaN 5.25 6.05 5.8 5.45 NaN NaN NaN NaN NaN NaN NaN NaN NaN NaN NaN NaN NaN NaN NaN NaN NaN NaN NaN NaN NaN NaN NaN NaN NaN NaN NaN NaN NaN NaN NaN NaN NaN NaN NaN NaN 15.35 24.7 24.978 19.15 25.274 18 25.106 25.035 25.249 20.65 24.989 24.05 23.65 11.05 13.6 10.25 23.4758686137 13 8.8
NaN NaN NaN NaN NaN NaN NaN NaN NaN NaN NaN NaN NaN NaN NaN 5.15 5.8 5.6 NaN NaN NaN NaN NaN NaN NaN NaN NaN NaN NaN NaN NaN NaN NaN NaN NaN NaN NaN NaN NaN NaN NaN NaN NaN NaN NaN NaN NaN NaN NaN NaN NaN NaN NaN 9.8 18.9 11.15 13.55 25.136 25.119 24.906 13.8 22.9 17.65 25.293 23.55 16.2 16.25 25.001 25.078 11.25 13.6 11.1 14.25 25.237
NaN NaN NaN NaN NaN NaN NaN NaN NaN NaN NaN NaN NaN NaN NaN NaN NaN NaN NaN NaN NaN NaN NaN NaN NaN NaN NaN NaN NaN NaN NaN NaN NaN NaN NaN NaN NaN NaN NaN NaN NaN NaN NaN NaN NaN NaN NaN NaN NaN NaN NaN NaN NaN 21.6 18.6 24.962 17.15 25.096 25.152 22.6 17 23.45 25.101 25.366 24.984 25.003 10.2 13.95 24.951 13.15 12.45 17.9 18.3 16.65
NaN NaN NaN NaN NaN NaN NaN NaN NaN NaN NaN NaN NaN NaN NaN NaN NaN NaN NaN NaN NaN NaN NaN NaN NaN NaN NaN NaN NaN NaN NaN NaN NaN NaN NaN NaN NaN NaN NaN NaN NaN NaN NaN NaN NaN NaN NaN NaN NaN NaN NaN NaN NaN NaN NaN NaN NaN NaN NaN NaN NaN NaN NaN 11.85 20.95 19.85 25.126 17.85 13.35 11 23.9 23.85 15.3 15.05
