Outfile_4.asc
NCOLS 201
NROWS 151
XLLCORNER 730592.938286
YLLCORNER 2561222.529137
CELLSIZE 145.176046
NODATA_VALUE NaN
[rows 80 to 119 of 151, columns 89 to 177 of 201]
5.9 6.7 5.9 6.25 6.45 6.55 30.5 19.2 14 6.15 6.15 22.9 4.2 6.75 4.1 30.4 30.3 6.65 6.25 5.95 6.25 6.25 6.65 6.55 5.75 5.2 11.8 5.35 5.95 6.25 5.85 6.05 5.95 5.85 5.85 7 6.9 14.4 4.2 16.8 9.2 13.1 30.2 30.6 6.15 6.55 6.45 7.9 8.1 30.6 30.7 8.3 12.85 30.5 30.5 8.05 8 30.6 13.1 20.4 7.1 6.7 7.2 7.1 7 7 10.1 7.2 30.5 30.7 30.7 7.9 30.8 12.8 21.6 30.5 30.5 30.8 16 7.3 7.5 25.7 7.5 30.6 7.9 8 30.5 7.8 13
5.9 5.1 6.2 6.55 6.55 30.3 5.45 5.55 6.45 6.85 7.9 30.5 6.55 10.2 30.4 6.7 30.6 30.5 30.3 30 29.8 6.65 6.55 30.8 30.4 6.15 6.25 6.05 5.85 30.6 11.7 5.35 4 5.85 6.8 5.4 1.5 9 30.6 6.7 30.3 7.9 5.3 5.4 22.1 6.35 3.8 4.3 30.5 6.2 30.3 6.2 30.6 10.7 30.3 30.3 30.3 23.4 30.5 31.2 7.4 7.4 9.9 14.8 30.5 30.6 30.5 7.9 30.8 30.8 8.3 10.8 10.5 30.4 30.1 31.3 30.5 30.1 7 12.3 12.9 7.5 9.2 10.6 17.9 30.3 30.4 7.8 30.7
6.4 5.8 5.7 5.95 6.45 5.3 10.1 6.45 6.65 9.5 24.8 20.3 6.85 30.1 8 21.9 6.95 7.05 6.85 6.55 6.95 6.75 13.1 6.75 12.7 7.05 6.25 6.3 5.15 5.05 5.05 5.85 5.85 27.9 5.75 6.25 6.05 14.3 30.5 6.3 7.05 1.2 6.25 14.3 30.8 5.3 3.9 9 30.7 30.5 5.6 6.1 8.2 18.2 5.1 7.1 18 7.9 7.7 18.3 7.6 8.1 8.4 15.4 30.7 8 10.3 15.7 7.7 10.6 30.7 30.5 30 15.6 30.9 30.9 30.4 30.5 27.4 7.6 30.1 30.2 30.4 30.6 8 30.4 17.5 7.6 8.1
30.4 7.6 6.3 6.45 30.4 30.4 8.9 24.2 6.85 9.7 9.85 6.95 6.65 8.9 5.4 6.75 6.75 6.75 6.65 6.45 6.65 7.15 3.6 6.95 25.4 6.95 8.8 6.25 5.85 5.75 5.95 6.05 5.85 12.3 6.45 30.4 29.7 18.8 17 4 7.8 6.7 21.8 4.5 30.1 30.3 30.6 18.6 28.7 30.1 10.4 6.2 19.85 30.5 30.4 7.75 14.8 30.2 8 8.3 10.4 11.7 7.8 7.8 7.9 7.4 25.6 30.8 10.2 8 30.7 30.9 7.8 8 12.8 30.4 30.5 17 26.8 7.4 7.6 29.2 30.4 7.8 7.7 30.4 8 7.9 13.1
5.7 5.8 6.4 6.35 6.25 30.5 20 1.5 23.3 20.5 30.4 6.85 6.85 11.7 6.8 6.75 6.85 6.85 1.3 6.55 6.55 30.1 5.5 6.75 6.75 6.75 6.85 7.15 3.9 6.45 6.65 6.65 1.1 5.55 15.4 1.2 18 30.2 30.3 7.7 6.8 30.5 19.7 30.7 30.3 14.6 16.1 8.4 30.5 5.3 8.1 7.2 10 9.7 30.2 30.1 7.7 22.7 15.4 30.8 30.3 17 23.9 7.5 7.9 22.5 7.5 10.2 20.5 30.4 30.6 31 7.9 7.6 7.7 30.5 25.8 19 30.4 15.1 30.4 30.2 6.5 7.3 7.4 10.1 7.4 30.3 7.9
6 6.4 30.4 7.1 7.15 30.8 30.7 5.7 12.9 30.9 15.3 6.85 6.95 7.05 6.85 7.1 6.45 19.3 30.3 24.4 1.3 4 7.15 30.4 9.1 3.8 6.65 7.2 7.15 6.35 1.2 6.35 5.4 14.8 1.2 4.1 30.4 5.95 7.9 5.4 5.3 30.8 5.7 6 30.4 3 30.7 5.2 30.4 14.7 19.7 5.7 12 21.7 6.7 7 6.7 7.8 7.9 16.3 30.2 12.8 7.6 30.2 7.6 8 7.5 7.6 7.8 13 10.6 8.2 7.4 7.6 7.8 30.8 30.7 30.7 30.4 10.3 30.4 7 30.8 6.8 7.5 7.8 15.2 18.1 8.1
4.7 6 6.8 7.1 7.15 9.55 7.15 7.7 22.8 9.7 15.4 12.8 14.3 30.5 6.85 30.5 30.4 6.35 30.6 6.55 29.6 7.55 7.25 12.15 6.95 6.55 4.3 9.4 7.2 30.6 11.8 6.85 6.85 22.3 30.3 7.55 6.95 6.45 6.25 30.3 9.1 30.8 9.2 6.8 10.9 5.8 15.4 22.9 6.4 30.4 5.9 12.2 6.8 19.7 30.5 30.4 30.1 30.4 7.1 25.8 25.9 30.4 25.2 7.7 20.2 7.7 10.8 30.3 30.5 10.4 30.2 30.8 12.8 7.6 7.6 30.7 30.4 30.3 30.4 7.4 7.5 30.4 9.7 30.4 30.6 16.8 7.9 8 8.3
6 6.2 6.8 7 8.4 30.1 30.5 5.2 22.8 7.8 30.4 30.5 6.7 14.8 30.4 30.7 6.6 30.3 7.1 6.7 7.1 22.1 24.9 30.4 30.6 1.3 6.4 6.2 6.4 6.2 6.6 6.8 6.7 6.8 8.9 30.5 10.7 10.3 25.6 7.1 6.9 11.5 30.4 30.4 30.5 3.1 13.4 7.2 30.5 5.9 16.7 5.9 19.8 6.9 7.1 30.3 7.1 30.2 29.7 13.1 30.3 30.4 7.4 15.4 30.4 7.6 7.4 8.3 30.6 30.4 23 30.4 30.4 30.7 30.4 30.4 7 7.3 30.4 7.4 7.1 12.6 7.7 15.3 30.8 30.6 7.4 10.8 8.1
6.3 6.5 30.7 6.8 25.8 30.2 30.4 5.2 6.8 5.3 6.9 7.1 12.7 30.3 6.9 30.4 30.6 13.1 5.9 22.9 30.1 30.2 6.1 30.4 7.4 6.1 5.9 6.6 9.3 6.5 7 24.5 6.4 30.5 6.8 7.1 8.1 11.4 30.4 3.9 6.4 12 4.1 6.2 8.8 15.7 8 7.5 30.7 6.8 6.6 5.8 6.7 6.7 7.1 7.2 6.8 16.2 30.3 30.3 20.2 30.6 10.9 30.6 7.4 10 30.6 8.2 10.6 7 10.3 30.5 30.6 30.8 7.1 30.7 30.5 7 6.9 30.5 30.3 7 30.1 7.4 10.5 20.2 10.1 30.2 8.1
7.2 6.5 6.6 6.5 30.4 6.6 7 6.7 10.3 5.4 6.7 6.1 30.3 12.2 5.7 5.7 5.9 7.8 7.8 5.2 30.8 30.4 1.3 11.6 9.2 30.5 6.4 6.6 30.5 6.7 6.5 7 30.2 9.5 15.2 6.9 4.2 30.5 4.2 4.3 30.6 3.7 30.3 6.1 30.3 7 7 7 7 30.1 30.4 29.2 28.7 7 6.8 7.1 6.4 6.5 30.7 18.1 30.6 7.4 30.2 30.5 30.6 30.4 30.8 10.1 8 6.9 6.7 30.6 30.2 30.6 30.4 7.4 30.4 9.6 17.3 30.8 30.4 7.2 7 7.4 30.4 30.3 30.6 10.3 7.7
6.9 6.5 6.5 6.3 6.9 6.9 7 6.4 30.2 12.6 5.1 5.1 5.1 9.7 5.9 6 23.8 4.1 30.4 9.8 6.5 6.1 6 30.6 7.8 7.3 7.1 6.4 3.6 4.1 12.8 19.7 22.5 7.1 6.7 6.8 3.8 6.9 8 30.5 30.7 4.2 3.2 3.1 30.2 19.2 6.3 12.8 6 30.3 30.7 18.7 30.4 30.2 30.3 30.5 6.8 7 6.9 30.6 7.7 7.4 30.3 7.7 30.5 30.5 30.4 7 30.3 6.5 30.3 30.2 30.5 30.8 30.2 30.3 30.2 6.8 6.8 7.5 7.1 7.3 7 30.6 30.5 10.2 7.2 7.2 20.3
7.2 7.2 30.6 9.3 6.6 7.2 7 6.6 6.6 12.8 7.9 5.1 5.3 7.8 5.8 15.1 6.9 6.1 30.8 30.2 6.5 30.6 30.3 1.1 10.2 1 5.7 5.7 6.6 6.7 6.9 30.4 9.2 6.7 6.6 3.9 6.7 6.6 30.3 4.2 30.6 24.9 30.1 5.2 6.1 6.3 6.2 6.4 30.6 30.4 6.4 6.1 30.4 30.4 30.1 30.3 30.2 30.6 30.6 30.5 7.5 30.4 31 17.6 30.4 30.7 30.2 12.3 9.6 9.7 6.5 6.5 6.4 9.8 7.3 29.7 29 6.9 6.8 7.2 6.8 6.9 30.7 7.2 30.8 30.5 7 7.4 7.3
6.8 6.9 NaN 6.4 6.2 6.3 6 15.3 30.3 5.1 17.7 10.3 30.5 5.1 6.8 6.6 6.9 7.1 6.8 6.6 7.3 6.7 6.3 6.8 6 5.5 6.4 6.3 30.5 6.7 4.4 6.7 6.4 6.3 9.5 30.1 3.8 9.2 17.3 30.3 30.4 24.8 30.4 8.3 6.9 6.7 30.6 21.8 16.8 30.5 30.3 30.3 30.2 20.7 30.4 30.3 30.7 30.3 30.9 30.6 6.5 10.3 7.5 30.5 29.3 30.6 NaN 7.4 27 7.1 7.4 30.4 6.9 9.6 7.2 7.5 7.3 7 6.6 15 7.4 7.4 6.8 7.1 30.4 30.6 30.4 7 7.5
7.1 7 6.7 6.8 7.3 20.4 5.1 30.2 10.2 30.3 17.8 7.7 8.1 6.9 6.6 6.7 6.7 4.1 9.4 13.8 30.1 6.8 5.9 6.5 6.7 11.8 7.9 9.7 6.2 30.4 7 6.8 4.4 30.1 30.6 9.8 14.1 12.3 6.5 13.7 30.4 7.1 9 30.2 30.4 7.1 30.3 9 30.2 30.4 18.2 30.8 30.2 27.7 30.3 30.4 30.2 30.9 30.4 6.5 6.8 7.5 30.5 30.2 30.7 30.5 30.4 30.3 29.6 7 7.5 30.3 10 6.6 7 9.9 17.3 7 12.3 7.9 7.1 7.2 12.5 6.7 9.6 30.7 30.6 7.1 4.75
30.6 6.8 6.9 30.5 7 6.9 5.1 5 30.3 5 15.3 5.4 7.7 6.8 6.8 7 6.8 6.5 6.8 7 7 6 6.1 6.4 6.1 6.8 14.2 30.6 6.4 6.4 1.2 6.1 3.6 6.9 12 6.5 4.3 30.3 5.1 3.6 15.5 30.5 30.5 30.6 30.5 30.4 15.4 30.2 30.3 21.7 30.2 30.7 6.5 30.3 7 30.3 30.4 31 30.5 30.5 6.5 6.8 7.5 30.5 30.8 26 30.3 30.3 30.1 31.1 31.5 7.4 10.1 6.5 30.6 6.8 6.7 7.1 8.4 31.6 30.5 30.6 7.3 6.5 21.1 9.9 7.5 30.3 4.55
7 NaN NaN 6.8 6.9 30.5 9.3 6.8 7.6 15.2 5.1 5.1 9.8 6.8 6.9 7 6.8 7.1 30.5 30.8 30.6 5.9 6.7 6 6.6 1.2 6.6 30.5 5.1 6.1 6 30.4 30.3 14.8 3.9 4.1 6.7 1.3 19.9 3.8 5.2 9.7 12.5 30.7 12.6 25.1 30.3 30.4 5.7 5.6 30.7 30.5 30.6 30.6 20 30.2 30.8 30.5 30.6 6.6 31.3 6.8 7.7 31.1 7.6 7.7 30.4 27 14.9 30.2 7.1 7.1 30.2 7.5 7.3 9.9 7.1 10.4 15.2 30.2 6.9 9.6 6.9 6.7 30.3 30.8 7.1 6.9 5.1
NaN NaN 7 4.65 30.7 6.9 4.2 30.5 30.4 30.5 5.5 10.3 5.3 5.3 6.7 6.8 6.3 6.5 6.7 19.3 6.9 6.1 5.8 7 7.1 6.8 6.8 6.8 30.1 5.7 1.4 4.6 14.3 6.9 3.9 6.8 17.3 6.8 20.3 7 6.4 3.3 30.7 30.5 8.4 12.8 30.5 5.6 30.4 30.7 30.4 30.8 30.5 30.5 30.5 30.7 30.7 30.2 30.6 31.4 7.1 7 7.4 30.7 30.1 30.3 30.3 30.1 30.2 30.2 30.2 7.2 30.2 7.4 10 7.8 10.3 7.5 30.6 7.7 7.7 7.1 12.2 6.9 30.1 7.2 9.7 5.05 5.2
NaN NaN 7.2 4.75 4.75 4.65 6.9 12.7 5.2 5.3 20.5 12.6 12.8 6.4 6.5 6.6 6.6 7.1 7.1 7.2 6.4 6.7 6.5 6.6 7.1 30.5 6.6 30.4 30.1 8 NaN 1.5 7 4 1.3 4.1 9.1 4.2 1.2 1.2 30.2 25.8 6.7 30.3 6.6 17.6 25.1 30.3 18.7 21.8 16.1 16.2 30.3 23.1 30.9 30.5 30.5 30.6 17.6 7.6 12.6 7.3 7.1 30.2 12.7 17.7 7.7 7.6 31.1 31 9.7 7.5 7.1 13.1 7.6 7.4 10.1 12.5 25.1 10.3 7.2 17.2 7.1 30.2 5.15 4.65 5.25 5.2 5.7
NaN 4.35 4.65 4.85 4.65 4.25 5 5.2 7.8 5.2 20.3 5.2 6.8 6.6 NaN 6.6 6.5 6.9 30.1 7.1 6.8 6.8 6.9 30.5 6.7 30.5 7.2 30.2 6.1 NaN 12.8 14.5 1.1 6.9 6.4 1 3.9 1 9.7 7 30.5 30.4 5.9 30.4 30.3 30 29.7 6.3 30.2 30.6 30.2 30.1 30.1 30.5 30.5 30.4 30.6 30.2 30.4 30.5 6.9 7.4 12.6 30.3 30.2 7.5 30.4 18.2 7.4 31 30.4 30.6 30.4 18.3 7.4 7.1 8.1 12.3 22.6 7.6 12.4 7.3 7.2 5.25 4.95 4.85 5.25 5.8 5.7
3.8 4.75 4.75 4.55 4.55 4.15 6.3 6.6 6.5 6.6 30.4 7.8 5 30.2 6.5 6.5 30.4 6.6 6.7 7.1 6.9 30.1 30.4 9.1 6.6 6.9 7.1 11.5 NaN NaN NaN 4.1 30.2 30.5 12.1 6.3 6.8 24 10.5 18 30.6 3.2 3.5 7.1 30.5 6.6 6.7 6.3 6.6 30.4 30.2 30.2 30.3 30.2 30.3 17.9 8.5 15.9 30.3 31.4 7.4 7.4 7 23.2 8.1 8.1 18.5 7.6 13.1 30.2 30.2 30.9 8 13 7.4 9.8 31.4 10.3 7.9 7.5 7.3 30.4 4.75 5.15 4.35 5.25 5.8 5.2 5.5
1.2 3.95 4.55 17.3 4.65 4.25 4.05 6.6 11.6 6.3 30.4 11.7 6.7 6.6 6.7 30.5 7.1 6.9 6.9 6.9 30.2 30.5 6.7 6 6.4 6.1 9.3 4 3.8 NaN NaN 5.8 1.2 7 6.7 1.6 26.4 1.1 27.5 30.6 6.1 6.2 3.2 15.5 30.4 6.8 30.7 6.5 30.2 30.6 30.3 30.4 30.2 30.3 30.7 30.5 30.5 11 10.7 15.8 12.5 31.5 7 7 7.8 13.1 10.5 8.1 8.3 30.7 30.4 8.3 30.1 8.4 14.8 30.2 30.5 30.4 7.8 20.2 7.4 5.25 30.3 4.85 4.75 5.25 5.3 5.6 5.4
6.3 3.95 4.55 4.75 4.45 4.35 4.25 10.2 5.4 30.4 6.4 6.9 6.3 19.3 6.7 6.8 11.7 6.9 6.7 6.9 6.6 6.5 5.9 6.3 10.5 30.4 6.3 6.5 NaN NaN NaN NaN 1.1 6.7 6.9 6.3 6.4 30.6 11.6 9.7 30.4 30.4 6.1 7.7 18.4 6.9 9.6 7.1 5.8 6.8 30.3 30.3 7.1 10.2 12.6 30.1 7.7 8.3 26.3 8.3 12.7 31.3 7.1 7.1 12.2 8.5 13.2 10.9 30.1 23.2 10.8 18.4 8.5 8.5 7.5 30.7 30.6 30.4 7.9 15.5 4.45 5.15 4.65 4.55 4.65 5.3 5.3 5.5 5.2
NaN 6.1 4.55 4.85 4.65 4.35 4.15 6.7 6.5 6.3 6.6 6.7 6.4 6.1 6.9 6.7 6.6 6.2 5.9 6.1 30.4 6.2 5.6 6.4 30.2 30.4 4.1 NaN NaN NaN NaN NaN NaN 8.7 1.3 3.7 29.5 30.5 30.5 18.4 5.3 12.1 11.4 30.3 11 28.6 30.6 9.2 30.7 5.7 7.4 14.9 15.1 30.3 7.4 10.1 7.4 20.8 30.5 10 6.9 31.3 6.5 6.4 6.4 31.4 31.1 31.5 8 13 10.6 15.8 8.4 8 7.7 30.4 30.6 8.1 13.2 13.2 4.85 4.95 4.55 4.75 4.35 5.1 5.3 5.5 4.9
NaN NaN 6.2 4.95 4.75 4.45 4.55 4.85 NaN NaN NaN NaN 4.1 6.4 6.4 6.4 6.5 6.2 NaN NaN 6.4 6.4 6.3 5.8 7.5 7.4 6.7 NaN NaN NaN NaN NaN 6 18.9 3.7 3.8 6.7 30.5 4.4 7.7 5.3 6.4 8.9 28.6 15.8 30.6 30.9 6.8 6.5 30.5 5.8 30.3 30.5 7.3 30.1 6.7 30.2 30.6 30.4 6.8 15 6.7 6.6 6.6 6.5 6.6 31.3 31.1 7.9 31.5 8.5 8 10.9 10.7 9.7 7.4 30.5 7.6 10.3 5.55 4.45 4.95 4.85 4.85 5.2 5.2 5.1 5.5 NaN
NaN NaN NaN NaN 6.9 4.95 4.85 6.7 NaN NaN NaN NaN 5.7 6.5 NaN 5.6 5.8 5.9 NaN NaN 5.8 5.9 6 6.4 9.7 30.4 30.4 5.9 NaN NaN NaN NaN 6.1 6.1 4.3 30.4 30.2 5.2 7.3 5.4 4.2 4.2 8.8 20.6 30.3 30.7 30.6 30.6 30.4 6.9 7.2 5.7 30.1 6.4 6.5 6.8 27.2 30.3 30.4 6.6 6.4 30.6 6.6 6.6 30.6 6 5.8 5.9 6.4 7.5 7.9 30.7 8.3 7.1 30.3 30.5 22.9 30.3 5.05 5.05 4.75 4.65 4.95 4.75 5.3 5.4 5.6 5.4 NaN
6.8 NaN NaN NaN NaN NaN NaN NaN NaN NaN NaN NaN 6.3 NaN NaN NaN NaN NaN NaN NaN NaN 6.7 7.7 30.2 6.7 30.4 9.8 17.5 6.2 11.9 30.8 17.3 22.8 30.5 4.3 4.6 13.1 14.1 27.9 21.9 30.4 11.8 6.3 6.9 6.9 6.9 25.5 30.6 6.8 6.9 7.1 6.1 5.7 6.5 6.4 6.6 30.4 30.3 30.5 30.2 6.1 30.3 12.8 6.9 30.4 5.9 30.1 29.1 6 6.4 7.5 9.9 6.8 7.4 7.2 9.8 30.9 5.05 4.95 4.95 4.95 5.05 4.85 4.55 5.1 4.9 5.4 5.2 NaN
6.9 6.8 6.3 NaN NaN NaN NaN NaN NaN NaN NaN 5.6 6.2 NaN NaN NaN NaN NaN NaN NaN NaN 6.9 7.2 7 7.1 17.3 30.4 6.1 30.4 19.3 30.8 30.3 31 5.6 9.3 4.3 30.2 5.5 30.3 9.2 6.9 6.7 6.5 7 30.3 7.1 9.9 30.6 30.5 6.8 7.3 26.7 6.2 6.4 30.2 6.5 30.5 30.2 30.3 6.4 6.4 30.6 30.7 9.7 7.6 6.4 6.2 30.4 6.1 30.4 6.9 6.5 6.6 6.4 6.4 7.7 7.4 6.6 5.35 4.85 17.1 6.7 4.45 4.45 5 5.1 5.4 NaN NaN
6.9 7.1 6.5 7 NaN NaN NaN NaN NaN NaN 5.4 5.6 NaN NaN NaN NaN NaN NaN NaN NaN NaN 6.7 6.6 11.6 6.9 7.1 30.8 6.7 11.7 30.5 30.4 6.4 30.7 22.2 9.6 30.1 30.9 6.4 30.4 5.3 6.7 30.6 30.4 7 7.1 7 30.8 28.2 30.7 30.5 6.1 6.9 6.5 6.6 6.1 6.7 30.2 30.4 6.4 6.4 30.4 30.6 30.4 30.5 30.3 30.4 5.2 5.5 5.8 6.4 30.5 5.8 6.2 5.9 6 30.4 7 7.1 7 4.95 NaN NaN NaN NaN NaN NaN NaN NaN NaN
6.7 9.7 6.6 7 NaN NaN NaN NaN NaN NaN NaN NaN NaN NaN NaN NaN NaN NaN NaN NaN 9.2 5.9 22.8 5.1 16.6 30.3 11.7 6.2 29.5 6.9 13.1 6.5 6.8 30.7 30.4 19.2 30.5 6.7 7.4 30.9 31.1 28 7.1 7 7 30.3 6.4 6.6 22.8 30.4 6.8 6 30.5 5.8 5.9 6.9 30.6 31 30.2 30.3 6.6 30.5 30.3 6.7 30.5 30.5 30.5 5.6 30.4 30.4 6.2 6 6.2 6.2 5.8 6.2 5.7 5.8 NaN NaN NaN NaN NaN NaN NaN NaN NaN NaN NaN
6.5 7 NaN 7.5 17.3 NaN NaN NaN NaN NaN NaN NaN NaN NaN NaN NaN NaN NaN NaN NaN NaN 5.9 9.5 6.3 6.5 30.2 9.4 6.2 31 10.2 30.9 6.6 6.7 9.6 6.9 12.3 6.8 11.9 30.3 30.3 20.5 7.9 30.4 7.2 7 30.6 6.9 7 30.6 30.3 6.7 6.6 5.9 5.7 6 30.6 30.5 30.6 30.5 30.6 6.5 30.4 6.4 30.8 30.2 21 30.1 30.3 5.6 5.7 30.4 30.5 30.4 5.5 5.4 5.7 30.6 NaN NaN NaN NaN NaN NaN NaN NaN NaN NaN NaN NaN
6.7 6.4 NaN NaN NaN NaN NaN NaN NaN NaN NaN NaN NaN NaN NaN NaN NaN NaN NaN NaN NaN NaN NaN NaN 5.7 5.8 6.9 6.2 6.1 31.3 30.7 6.6 6.9 4.6 7.1 7.2 15.7 30.6 4.4 30.6 30.6 10.6 30.4 7.5 6.6 6.7 6.9 6.8 6.8 6.8 6.5 6.5 6.5 7 6 30.6 30.8 5.9 9.8 30.6 30.7 30.7 9.7 6.5 30.3 30.3 6.7 6.9 6.9 6.9 6.2 26.7 24.1 30.4 30.4 5.8 5.3 NaN NaN NaN NaN NaN NaN NaN NaN NaN NaN NaN NaN
NaN NaN NaN NaN NaN NaN 5.05 NaN NaN NaN NaN NaN NaN 6.7 6.6 NaN NaN NaN NaN NaN NaN NaN NaN NaN 5.7 5.9 6.6 6.2 6.3 6.3 6.9 25 7.1 6.8 6.3 6.4 14.4 30.3 13 19.7 13 7 7.4 30.6 7.1 30.6 30.5 21 6.7 6.9 30.8 20.1 30.8 30.8 30.8 6.6 6.9 30.5 30.5 30.4 6.9 6.9 30.8 7.1 6.6 6.6 7.1 6.7 30.5 30.6 6.6 30.4 5.9 26.9 30.6 5.6 NaN NaN NaN NaN NaN NaN NaN NaN NaN NaN NaN NaN NaN
7 NaN NaN 7 NaN 4.55 4.75 NaN NaN NaN NaN NaN 6.9 6.9 6.8 NaN NaN NaN NaN NaN NaN NaN NaN NaN 5.9 11.3 6.2 6.2 6.7 6.5 6.2 6.6 6.6 6.7 20.8 6.7 22.6 30.7 30.2 5.6 12.3 30.1 6.9 30.4 19.9 7.1 7.3 6.7 6.6 17.6 30.6 7 7 30.5 30.5 30.8 30.5 12.4 6.6 6.2 7 6.7 31 7.1 6.9 7.6 7.2 7.2 7 6.8 30.6 6.7 30.5 6.8 5.7 NaN NaN NaN NaN NaN NaN NaN NaN NaN NaN NaN NaN NaN NaN
6.8 7 4.85 NaN NaN 4.85 5.25 5.25 5.35 22.2 NaN 7.1 6.7 6.9 6.7 6.6 NaN NaN NaN NaN NaN NaN NaN NaN 6 19.3 6 6.2 6.4 6.8 6.4 6.4 8 7 30.6 30.6 14.9 17.5 14.6 30.4 30.3 30.8 30.7 30.6 6.7 30.6 9.2 30.6 6.6 15.6 19.9 6.9 6.8 30.4 6.2 5.9 5.9 6 6 6.2 30.8 5.9 30.6 30.8 9.8 7.2 6.9 6.7 30.7 6.8 6.8 6.6 6.6 6.7 6.9 NaN NaN NaN NaN NaN NaN NaN NaN NaN NaN NaN NaN NaN NaN
7 7.2 4.95 NaN 4.75 4.75 4.75 4.85 4.95 7.1 7.2 9.65 6.9 7.1 6.7 6.5 6.6 NaN NaN NaN NaN NaN NaN NaN NaN NaN NaN NaN NaN NaN 6.4 6.6 30.8 7.2 22.9 30.6 30.1 27.8 30.5 14.8 31.1 7.1 30.8 6.8 9.9 10.3 7 6.6 30.6 7.1 6.8 6.3 7.1 26.4 30.4 6.4 6.5 6 6 30.7 5.9 30 30.7 30.6 6.8 6.7 30.3 6.9 7.2 7 5.8 6.6 7.1 6.9 30.5 NaN NaN NaN NaN NaN NaN NaN NaN NaN NaN NaN NaN NaN NaN
6.9 6.9 4.55 5.05 4.85 4.75 4.75 4.55 4.95 4.75 4.3 7.65 6.4 6.6 6.7 6.7 6.6 NaN NaN NaN NaN NaN NaN NaN NaN NaN NaN NaN NaN NaN NaN 7.2 5.3 7.2 30.6 25.7 14.9 31.2 7 7.1 30.8 30.4 6.7 6.8 24.2 7.5 7.4 6.9 30.6 6.7 30.7 31 30.5 30.4 6.9 30.6 6.4 30.6 25.4 6 6.2 6.1 30.6 6.1 6.1 30.2 6.6 6.8 6.4 7.1 30.3 6.2 6.8 7.1 6.5 NaN NaN NaN NaN NaN NaN NaN NaN NaN NaN NaN NaN NaN NaN
6.9 6.9 4.65 4.65 4.55 5.15 5.15 5.15 5.05 4.8 4.3 7.45 6.5 6.6 5.8 5.8 10.3 NaN NaN NaN NaN NaN NaN NaN NaN NaN NaN NaN NaN NaN 6.9 12.3 7.8 7.3 30.4 30.5 7.2 7 30.4 30.6 31.1 12.2 15 7.8 7.6 7.5 30.3 6.6 11.4 9.6 6.7 7.3 30.1 31.2 7 30.3 30 30.7 30.3 5.8 6.4 6.3 30.8 20.2 18.7 5.7 30.4 30.7 7 6.6 30.6 5.9 6.9 6.6 NaN NaN NaN NaN NaN NaN NaN NaN NaN NaN NaN NaN NaN NaN NaN
6.9 4.75 4.65 4.85 3.95 4.95 4.85 4.95 4.9 4.6 6.45 6.4 5.1 5.7 5.6 6 NaN NaN NaN NaN NaN NaN NaN NaN NaN NaN NaN NaN NaN NaN 6.9 10 10.3 7.3 10.1 7.3 24.9 10.3 6.9 30.7 30.8 30.5 7.1 30.8 30.9 30.2 9.4 9.9 6.8 6.7 7 6.9 30.8 9.9 6.2 30.6 6.7 30.9 6.5 12.3 30.9 31 6.5 5.8 5.8 5.7 30.5 6.5 30.5 6.4 6.6 5.8 NaN 6.4 NaN NaN NaN NaN NaN NaN NaN NaN NaN NaN NaN NaN NaN NaN NaN
4.75 5.05 4.25 4.95 4.55 4.65 5.1 4.7 4.1 4.4 6.65 17.8 5.4 5.7 5.8 5.7 NaN NaN NaN NaN NaN NaN NaN NaN NaN NaN NaN NaN NaN NaN NaN 30.3 10 10 7.6 7.4 7.2 15.1 7.1 30.6 31.1 7.1 6.9 12.7 12.5 19.7 30.7 30.4 6.7 30.9 7.1 6.7 7.2 31 30.6 6.5 30.5 7 6.6 12.3 7.1 12.4 30.9 6.5 30.7 5.9 30.7 13.3 30.2 30.6 28.3 NaN NaN NaN NaN NaN NaN NaN NaN NaN NaN NaN NaN NaN NaN NaN NaN NaN NaN
16.6 9.2 4.85 4.75 4.8 4.7 4.7 4.1 4.8 5.2 6.55 5.4 5.5 5.7 NaN NaN NaN NaN NaN NaN NaN NaN NaN NaN NaN NaN NaN NaN NaN NaN NaN NaN NaN 7 6.8 7.1 7.2 30.2 30.7 30.3 31.2 9.8 9.7 30.6 30.4 7.7 12.7 5.6 6.7 7.3 30.5 9.6 7.4 31 30.8 6.8 6.5 7.3 7.5 9.8 7.1 30.8 22.7 30.4 11.8 30.3 6.5 5.9 30.8 5.8 NaN NaN NaN NaN NaN NaN NaN NaN NaN NaN NaN NaN NaN NaN NaN NaN NaN NaN NaN
