Outfile_3.asc
NCOLS 201
NROWS 151
XLLCORNER 733748.947016
YLLCORNER 2561541.418206
CELLSIZE 137.483444
NODATA_VALUE NaN
[rows 40 to 79 of 151, columns 89 to 177 of 201]
6.9 6.2 6.7 30.4 7.3 11 21.5 8 9.1 6.6 13 3.8 3.9 6.65 10.9 30.2 6.7 6.7 30.6 12.7 6.2 6.4 7.2 7.2 7.6 5 9.75 14.85 7.35 30.1 7.45 1 17.3 7.65 17.75 7.55 11.8 9.55 6.85 6.85 3.3 7.15 6.45 30.3 6.5 6.2 7.1 30.6 30.7 NaN NaN NaN NaN NaN NaN NaN NaN NaN NaN NaN NaN NaN NaN NaN NaN NaN NaN NaN NaN NaN NaN NaN NaN NaN NaN NaN NaN NaN NaN NaN NaN NaN NaN NaN NaN NaN NaN NaN NaN
7.1 6.6 6.4 6.6 6.7 6.8 5.8 8.7 6.4 24.6 16.8 4.1 5.2 5.2 12.9 12.6 9 6.2 7 30.3 6.7 6.3 7.2 7.1 21.6 7.3 7.15 7.55 30.4 3.1 5.8 9.75 30.4 7.65 6.35 6.25 30.3 30.6 6.85 30.3 6.15 7.2 30.3 30.7 1.2 27.9 1.3 9.9 11.8 20.6 NaN NaN NaN NaN NaN NaN NaN NaN NaN NaN NaN NaN NaN NaN NaN NaN NaN NaN NaN NaN NaN NaN NaN NaN NaN NaN NaN NaN NaN NaN NaN NaN NaN NaN NaN NaN NaN NaN NaN
7.2 7.1 6.7 6.8 6.8 6.6 30.5 30.4 30.3 5.3 6.3 7.9 1.2 5.1 6.7 30.6 6.4 5.3 6.5 30.5 5.3 30.4 12.9 7.1 7.3 7.6 30.7 6.65 6.35 24.3 16.8 7.25 9.65 6.75 30.6 14.2 6.85 6.35 6.85 6.85 5.4 6.45 30.5 12.8 30.4 6.1 3.8 19.6 8.1 30.2 30.1 NaN NaN NaN NaN NaN NaN NaN NaN NaN NaN NaN NaN NaN NaN NaN NaN NaN NaN NaN NaN NaN NaN NaN NaN NaN NaN NaN NaN NaN NaN NaN NaN NaN NaN NaN NaN NaN NaN
15.4 30.6 30.9 6.5 18.1 30.4 14.9 5.2 24.7 1.1 3.1 13.3 1.1 7.9 6.6 6.4 6.4 6.3 5.1 7.2 6.6 5.3 12.4 7.7 7.5 7.5 12.4 6.65 6.75 6.25 9.3 30.2 14.1 14.2 9.1 30.8 30.7 30.7 30.4 7.1 30.4 30.2 30.3 9 11.4 13.9 6.75 18.1 30.5 23.3 17.9 30.4 NaN NaN NaN NaN NaN NaN NaN NaN NaN NaN NaN NaN NaN NaN NaN NaN NaN NaN NaN NaN NaN NaN NaN NaN NaN NaN NaN NaN NaN NaN NaN NaN NaN NaN NaN NaN NaN
14.8 30.5 6.7 5.4 5.7 3.3 6.2 1.3 3.8 1.2 5.2 30.3 6.8 7.4 30.3 9.7 9.1 14.1 11.6 6.3 10.2 7.3 7.4 7.3 10.3 7.6 7.7 7.3 6.95 6.45 14.4 30.4 5.6 30.4 30.4 24.6 30.3 17 30.5 30.5 30.6 11.8 3.4 30.5 11.4 30.3 26.1 30.2 30.3 6.25 6.45 12.4 6.15 NaN NaN NaN NaN NaN NaN NaN NaN NaN NaN NaN NaN NaN NaN NaN NaN NaN NaN NaN NaN NaN NaN NaN NaN NaN NaN NaN NaN NaN NaN NaN NaN NaN NaN NaN NaN
6.1 16.8 30.3 6.5 6.7 22.8 8.4 6.5 6.5 5.2 7.7 7.4 7.4 22.7 7.3 7.6 7 26.7 7.1 7.2 7.3 7.4 7.4 7.7 7.4 7.3 6.7 30.6 30.9 6.65 30.4 30.5 9.2 24.95 7.35 7.65 30.1 30.3 30.4 6.45 30.3 30.5 14.4 5.4 30.2 5.3 30.5 7.3 30.2 30.4 9.1 30.4 6.95 NaN NaN NaN NaN NaN NaN NaN NaN NaN NaN NaN NaN NaN NaN NaN NaN NaN NaN NaN NaN NaN NaN NaN 7.8 30.2 7.8 NaN NaN NaN NaN NaN NaN NaN NaN NaN NaN
5.1 21.8 14.6 6.1 6.2 30.1 6.4 30.4 3.8 30.4 7.4 7.5 3.1 17.3 30.1 12.4 7.2 7.2 7.3 12.5 30.4 17.5 9.8 7.3 30.6 7.7 8.3 10.3 30.5 6.45 9.85 30.25 24.75 7.25 30.4 7.45 14.75 14.95 14.3 30.1 30.8 31 9.2 6.35 19.2 21.9 30.5 9.4 13.1 13.2 29.8 7.25 30.7 6.95 NaN NaN NaN NaN NaN NaN NaN NaN NaN NaN NaN NaN NaN NaN NaN NaN NaN 25.9 10.4 31 8 30.9 11.1 30.5 31.1 30.6 30.7 6.2 30.8 31.2 6.2 6.1 30.5 6.3 6.2
5.1 7.1 1.1 5.3 6.2 20.5 30.3 3.8 3.6 15.2 25 7.4 7.5 10 30.3 30.4 7.7 7.4 16.7 12.9 10 18.3 7.5 7.2 7.9 30.5 30.4 6.5 30.4 16.2 9.85 7.65 7.45 7.45 30.15 22.45 9.7 7.55 30.2 7.1 30.5 30.5 25.1 6.55 6.35 30.5 30.4 30.2 6.55 6.25 20.9 10 9.85 7.25 7.35 NaN NaN NaN NaN NaN NaN NaN NaN NaN NaN NaN NaN NaN NaN NaN NaN 31.2 30.8 31.3 10.9 30.4 8.1 16 7.9 30.7 30.6 31.1 8 18.1 30.6 5.7 6.2 30.1 6.5
8.2 7.7 30.2 30.4 30.7 9.9 11.8 3.8 13.8 10.2 9.7 7.3 1.1 5.8 6.3 30.5 30.5 6.1 9.8 29.8 30.3 9.1 30.4 6.2 30.8 30.2 6.3 6.4 30.7 30.4 30 12.35 12.45 30.45 25.45 25.25 30.1 14.8 30.2 10 30.6 6.35 11.5 6.35 26.5 30.2 9.2 6.45 6.65 30.6 6.65 19.3 30.4 30.4 9.85 NaN NaN NaN NaN NaN NaN NaN NaN NaN NaN NaN NaN NaN NaN NaN NaN NaN 7.8 30.7 31.6 9.1 27 8.3 31 8.3 30.2 8.1 10.9 5.8 30.9 5.4 6.3 17.8 7.3
25.8 5.2 5.85 30.5 9.8 13.4 6.4 1.2 6.3 6.4 7.2 8.4 3.8 7.8 5.9 6 7 31 30.4 30.5 30.6 30.8 30.7 30.5 13.8 30.6 26.9 30.6 27.2 31 6.25 6.95 31.1 12.55 31.1 30.1 30.15 7.45 9.7 7.1 6.55 5.6 7.9 6.35 3.2 19.3 15.2 30.3 6.45 14.5 7.35 30.7 30.4 30.5 7.55 7.65 NaN NaN NaN NaN NaN NaN NaN NaN NaN NaN NaN NaN NaN NaN NaN 30.7 11.3 8.4 20.8 8.6 10.8 8.7 15.9 30.4 31 8.3 18.4 5.8 5.9 5.7 5.8 7.5 7.3
8.8 5.95 6.25 30.4 30.1 13.8 11.4 13.8 6.6 9.2 30.5 20.7 6.2 30.6 24.4 30.2 6.3 5.9 30.5 30.6 15.3 6.2 5.8 8.3 30.3 5.9 30.4 6.1 15.6 30.7 14.3 30.2 29.7 6.35 30.6 26.8 9.8 6.85 30.9 30.6 6.85 20.5 30.8 6.35 8.5 30.8 30.6 30.3 30.3 5.95 7.15 26 6.85 7.15 7.15 7.5 7.1 NaN NaN NaN NaN NaN 6.6 NaN NaN NaN NaN NaN NaN NaN NaN 10.5 8 8.6 13.4 30.4 30.1 30.8 10.6 11.1 28.5 8 8.4 30.7 6.4 6 6.2 5.6 NaN
6.4 9.1 8.7 1.1 5.4 3.8 1.7 6.4 30.1 6.7 30.4 3.4 30.6 30.9 30.8 30.4 30.5 1.2 3.8 12.5 7.3 30.5 3.3 8.3 30.4 7.6 5.3 30.4 30.4 30.4 9.8 30.4 30.2 6.35 5.95 31 30.4 6.75 8.3 30.8 3.1 10.7 3.5 6.25 6.35 12.4 13.4 6.05 30.4 30.7 30.8 6.85 6.85 11.7 5.9 7 30.2 7 6.8 6.9 7 6.6 6.8 6.4 NaN NaN NaN NaN NaN NaN 7.9 22.5 30.3 8 15.5 15.6 8.1 7.6 23.3 30.7 11.2 30.3 10.6 12.8 6.2 6.1 5.6 NaN NaN
19.3 3.9 30.5 4.1 4.1 4 30.5 6.7 1.2 1.3 6.5 9.2 30.4 30.5 21.7 30.2 6.3 30.4 3.8 6.3 18 5.85 7 9.9 30.4 7.1 19.1 5.85 6.05 30.7 15.4 6.05 30.4 30.7 30.5 11.6 6 6.85 30.5 18.4 5.9 6.3 30.7 3.4 30.4 9.9 30.5 30.5 30.7 12.6 6.15 5.85 30.2 6.7 6.3 30.3 7 7 17.3 7.3 6.9 6.7 6.6 6.9 NaN NaN NaN NaN NaN 6 30.3 13.5 8.1 12.8 30.6 16 7.9 31.1 30.3 15.7 12.9 30.4 21 10.5 13.4 NaN NaN NaN NaN
3.9 1.4 30.5 21.6 1.4 18.7 1.3 1.1 3 6.6 10.9 12.7 15.2 6.5 15 20.1 30.4 30.4 9 6.2 12.3 5.85 7.1 12.2 30.6 30.6 30.4 30.3 14.8 30.8 15.4 13 22.4 5.4 29.4 6.75 30.4 7.05 30.4 30.4 9.4 3.4 30.8 30.9 30.5 13.8 30.7 12.6 30.3 14.3 6.25 6.15 6.9 6.9 30.3 30.5 7 30.8 30.3 6.9 12.2 7 7.2 5.6 NaN NaN NaN NaN NaN 7.4 7.1 7.5 30.8 6.2 11.1 13.3 30.4 8.3 22.8 8.1 10.8 30.8 8.4 30.5 8.1 NaN NaN NaN NaN
3.6 11.3 30.4 30.3 1.1 8.9 6.3 7.7 7.8 12.8 7.8 7.9 21.7 30.7 6.6 30.3 30.3 30.1 30.3 6.4 7.7 14.9 14.6 26.9 21.2 26.8 30.4 30.9 5.95 19.9 8.6 30.7 30.7 22.4 6.05 30.5 6.75 6.35 30.5 6.65 30.3 21 3.4 3.2 8.6 5.9 30.6 18 30.4 12.6 16 30.5 6.65 6.8 6 6.1 7 6.9 6.6 6.7 7 7 6.8 7 NaN NaN NaN NaN 7.1 7 7.2 30.6 29.9 17.8 8.2 15.5 7.9 7.8 7.5 7.8 12.7 30.2 10.6 17 8.4 NaN NaN NaN NaN
3.9 3.8 28.6 30.1 30.1 4.1 26.9 30.6 30.8 30.6 20.2 30.3 30 6.4 7.1 6.5 17.2 30.2 30.5 30.5 5 19.2 30.7 30.4 5.85 5.95 5.85 10.2 3.4 30.1 30.6 6.25 7.3 30.4 6.05 10.3 6.35 6.45 6.35 8.8 7.8 30.1 26.1 3.1 3.3 11.1 5.7 14.5 6.05 30.4 5.7 30.1 30.6 19.2 6.1 30.4 6.2 6.3 6.9 30.6 7 7 30.5 NaN NaN NaN 7.2 6.6 6.4 30.6 30.6 7.6 7.2 7.2 7.5 7.9 7.7 10.5 7.6 8.2 7.7 7.9 20.7 20.7 NaN NaN NaN NaN NaN
1.3 1.1 3.8 9 1.1 1.4 30.1 20.1 20.3 27.9 7.7 14.8 6.5 9.9 30.1 9.9 30.4 7.8 10.2 30.3 30.5 30.5 12.4 7.8 5.1 6.15 5.85 5.95 30.5 5.95 30.4 30.8 6.65 6.65 31.1 25.4 5.95 30.5 5.2 30.6 17.9 30.5 7.1 8.1 27.1 5.7 30.5 30.4 30.4 9.1 7.4 30.4 30.4 5.1 7.3 12.1 30.3 6.9 6.7 30 6.5 6.9 NaN NaN NaN NaN 30.6 6.5 5.7 11.7 7.3 30.3 9.1 30.5 7.5 28 7.5 7.9 7.7 7.9 13 8.1 30.9 7.7 NaN NaN NaN NaN NaN
8.8 3.8 30.7 1.3 3.8 18.9 15.6 30.7 5.2 7.9 25.5 30.3 6.5 9.7 9.7 17.6 8.1 12.3 30.2 7.7 5.2 19.9 15.1 30.5 6.25 6.15 6.15 5.85 30.3 30.7 18.1 31.1 30.5 30.6 30.3 6.7 5.8 30.6 29.3 6.35 25.8 5.8 25.3 30.6 5.4 3.1 20.5 19.6 29.9 12.2 9.8 5.75 5.95 30.9 24.4 6 5.9 6.1 7.6 6.7 6.9 6.6 6.5 NaN NaN 13.4 30 30.7 7.1 14.9 7.2 7.1 7.1 17.5 30.4 7 7.1 7.5 13.8 10.8 30.7 30.9 30.3 8.2 NaN NaN NaN NaN NaN
1.1 1.3 21.4 5.9 30.6 24.8 6.8 5.2 5.4 5.2 20.5 7.8 25.3 7.8 5.1 20 11.6 30.3 30.6 30.6 30.2 30.4 30.7 8.1 30.6 5.95 5.85 5.75 6.25 15.6 6.55 30.4 30.4 11 30.4 30.6 30.8 30.7 30.3 30.8 8 30.3 30.4 26.7 3.2 3.3 30.2 15.4 20.3 30.7 30 5.85 5.85 6.05 6.05 30.7 30.4 5 7.1 6.8 5.6 3.1 6.5 6.7 6.9 NaN 7 10.2 7.1 6.7 7.6 11.5 3.3 31.3 7.5 11.3 10 7.8 8 8.5 25.9 15.8 13.2 10.5 8.1 NaN NaN NaN NaN
1.1 3.9 3.8 6.4 7 6.7 6.7 30.4 30.6 1.1 9 10.7 10.4 5.2 7.8 27 17.4 3.4 30.4 18 5.4 5.3 30.4 30.2 5.85 5.95 5.95 6.15 6.25 6.15 30.3 31 30.6 30.4 1.3 1.5 8.4 30.6 30.7 30.8 15.7 6.35 5.9 5.95 6.35 6.25 7.9 5.85 27.8 7.8 5.5 22.8 5.95 6.05 6.15 30.6 10.3 6.3 30 3.5 30.5 30.6 6.8 22.7 6.9 30.5 3.8 7.2 6.7 30.4 7.5 17.5 30.5 30 30.2 9.7 10.1 30.2 30.2 18.2 30.3 28.4 8.2 13.3 10.7 10.9 NaN NaN NaN
8.9 6.6 30.5 1.3 6.8 7.8 30.3 1.3 30.5 8.7 13.9 30.2 12.9 30.6 7.7 10.2 10.3 5.5 30.5 15.3 7.8 5.3 7.9 12.4 5.95 5.95 5.95 6.15 6.35 30.3 6.35 30.4 1.3 13.2 8.5 4 3.5 30.5 6.25 30.1 5.85 30.4 23 17.5 10.3 5.95 5.95 6.05 25.7 5.85 30.3 30.3 9.1 7.8 30.4 30.9 6.7 30.7 6.3 12.8 30.6 30.3 10.7 6.7 30.3 20.9 3.3 11 6.9 30.9 30.1 9.9 30.4 7.1 27.7 7.6 27.9 30.3 21.2 8.1 13.1 15.3 7.9 8 30.7 10.7 NaN NaN NaN
3.8 1.1 3.8 1.3 7.8 26.9 6.3 3.6 3.8 1.5 1.5 3.8 3.9 12.2 5.2 15.3 5.2 5.3 27.3 10.4 30.1 24.9 5.5 14.9 5.2 6.25 30.2 5.8 14.2 30.4 30.6 6.15 4.1 30.6 3.7 26.5 6.05 5.95 6.35 20.4 30.4 5.4 20.5 15.2 5.75 5.75 6.05 5.65 9.8 6.45 30.3 30.5 6.15 6.25 12.3 6.25 11.4 8.3 6.2 30.8 12.6 30.4 25 30.4 6.6 8.5 10.3 6.7 6.5 30.3 6.4 7 7 7 7.2 6.7 20.4 10.5 30.3 30.4 31.1 5.9 20.6 30.3 8.4 NaN NaN NaN NaN
3.7 1 13.9 6.6 23.2 5.7 6.2 1.4 1.2 3.3 30.4 3.2 30.6 6.5 15 14.8 30.4 30.5 26.5 15.6 10.2 12.8 5.5 7 6.15 30.2 6.05 10.3 5.95 5.8 31 6 6.15 6.2 18 6.05 5.95 5.85 6.15 12.8 30.4 26.3 30.6 30.5 10.2 7.4 31 30.5 7.8 27.8 17.5 30.3 30.5 18.2 30.3 30.6 3.9 6.1 6.1 7.8 30.7 23.3 30.6 15.3 6 6.7 9.8 30.3 10.4 6.3 30.5 7.3 30.7 30.8 7.9 7.7 12.7 7.5 18.2 9.5 10 10.55 7.85 15.75 30.25 NaN NaN NaN NaN
1.4 6.3 6.5 NaN NaN NaN 7.8 11.6 16.5 1.5 1.4 3.8 26.3 3.8 6.5 1.2 5.1 10.1 30.1 29.7 30.4 30.4 30.4 30.4 20.4 30.2 30.3 6.35 6.55 7.05 12.9 5.9 18.4 30.5 6.55 6.85 6.15 6.85 6.55 5.8 30.8 8.4 22.9 30.5 5.3 13.4 21.3 3.2 20.9 30.5 18.6 12.2 5.1 20.5 30.6 6.5 5.4 6.7 6.5 30.6 6.7 30.8 30.6 30.4 30.6 30.7 30.7 30.7 20.8 6.9 22.9 7.9 7 6.6 7.8 7.7 22.8 10.05 15.65 30.35 30.05 20.55 7.95 13.15 10.45 7.95 NaN NaN NaN
8.1 30.4 NaN NaN NaN NaN NaN 15.2 3.8 4 6.3 1.3 4.1 9.3 20.8 13.1 3.3 7.8 5 30.3 6.35 30.7 30.3 30.5 30.4 30.5 10.9 6.55 7.05 6.85 5.4 30.5 6.65 7.05 12.9 6.55 6.25 6.45 6.65 6.45 5.6 3.1 30.5 5.2 5.3 5.8 13.3 8.9 18 30.7 9.7 27.7 3 3.8 15.2 6.4 5.2 1.1 6 18.9 6.6 30.6 30.7 30.6 16.4 30.9 30.3 31 6.9 12.3 8 18.1 31.1 30.5 7.85 8.05 12.95 8.05 8.35 13.55 8.05 8.15 30.35 7.95 7.8 7.95 7.95 30.4 7.85
5.4 NaN NaN NaN NaN 6.7 1.2 18.3 3.6 1.4 6.4 1.4 6.5 30.6 14.5 10.9 18.9 18 23 30.1 30.9 30.8 29.3 30.2 8 30.2 6.35 17.3 30.2 6.95 6.25 6.25 6.45 6.75 6.55 6.35 6.25 7.05 6.45 6.35 6.35 6.05 6.35 6.25 6.05 9 6.35 14 5.3 5.1 10.9 15.8 20.9 18.6 6.75 10.4 30.2 6.25 30.7 30.3 9.4 30 8.8 30.3 3.8 30.3 14.2 30.7 7.4 8.6 7.7 10.65 30.4 7.05 7.05 28.15 7.75 30.55 18.25 10.95 8.05 8.35 30.55 8.35 10.3 28.25 8.15 8.35 30.15
NaN NaN NaN NaN 5.9 5.4 9.2 30.4 6.3 6.3 6.5 1.2 3.9 8.8 16.2 5.8 21.8 6.3 8 15.7 30.3 5.6 5.4 8 30.7 6.75 6.45 5.6 6.55 6.15 6.65 6.35 6.55 6.55 6.55 6.25 6.55 6.45 6.35 6.45 6.35 10.6 16.8 30.4 13.6 6.2 30.4 6.35 12.8 5.9 3.2 6.15 6.25 6.35 6.15 6.35 6.05 3.8 5.85 6.8 6.8 8.5 6.7 7.7 6.3 7 30.2 7.5 5.8 30.95 15.9 7.55 30.3 30.6 6.85 30.45 30.65 17.85 7.65 27.75 15.75 25.55 30.35 10.65 28.05 10.65 8.15 15.9 8.15
NaN NaN NaN 8.4 30.7 30.3 5.6 3.6 5.6 1.2 6.3 5.8 3.3 13.3 13.4 11.7 6.3 30.4 6.6 7.2 10.5 30.3 5.7 30.3 6.75 6.65 6.45 6.55 30.5 6.45 6.55 6.55 6.45 6.9 6.25 6.85 6.85 6.65 6.45 6.35 10.8 6.55 6.5 9 6.35 1.7 8.9 8.3 16.4 1 5.95 5.85 6.15 6.05 6.05 6.65 6.35 6.35 30.5 1.2 1.3 30.3 7.05 6.95 8.2 7.05 7.25 7.8 7.85 8.15 10.05 12.95 30.4 6.85 6.65 17.85 17.75 30.45 9.95 7.95 7.85 7.65 30.45 8.05 8.15 7.95 15.35 7.85 7.75
NaN NaN NaN 5.6 5.9 8.2 4.8 7.8 4.8 3.2 3.1 20.4 13 30.4 6.9 6.4 5.3 5.1 5.1 7.9 3.2 5.1 7.8 17.7 23.2 22.9 6.35 6.95 30.1 12.9 7.1 22.4 6.9 12.5 6.75 6.55 6.35 6.75 18.1 30.6 30.6 30.5 21.4 1.5 8.3 1.2 5.2 6.05 10.4 8.3 6.05 5.85 5.75 6.35 8 6.55 6.6 6.15 6.45 9.55 6.85 14.2 30.5 11.8 6.95 30.7 30.4 16.8 30.6 12.85 7.65 22.55 7.75 6.85 6.95 7.55 7.65 30.4 17.75 30.65 10.05 17.65 7.45 8.25 30.8 10.65 30.05 NaN NaN
NaN NaN 5.5 6.1 19.3 4.8 5 5.1 4.8 4.7 4.9 5.5 5.5 30.5 5.4 5.4 4.6 30.4 4.1 4.2 18 13.2 3.8 6.1 5.6 5.9 6.85 6.75 8.6 7.1 6.9 6.9 9.9 7.2 7.05 6.45 6.45 6.55 6.55 18.6 3.9 6 8.7 1.3 1 1.2 6.05 10.7 6.45 NaN 6.15 6.25 6.45 10.1 6.75 5.8 5.1 6.15 6.1 6.75 6.35 6.85 30.4 30.15 30.4 30.7 30.7 7.9 30.4 15.05 7.55 7.85 12.25 30.15 9.95 30.55 30.05 7.75 12.65 7.95 7.45 7.65 30.25 7.85 10.45 25.45 NaN NaN NaN
NaN 5.4 31.1 5.8 5.3 4.8 5.2 5 5.1 12.5 4.8 5.6 5.4 5.7 5.9 30.5 5.3 5.5 30.6 9.9 30.5 1.2 18.8 28.5 30.4 6.1 6.55 6.8 17.2 9.7 7.1 7.2 7.2 8 7 6.9 30.8 6.35 6.55 30.5 30.8 30.7 6.2 6.3 1.2 8.2 5.8 20.2 6.15 30.4 6.4 30.3 6.35 6.55 6.25 8.2 6.45 6.65 7.25 5.1 30.3 5.3 7.05 5.95 30.8 30.4 30.5 6.65 6.35 6.75 6.65 9.4 8.05 15.75 7.55 7.45 10.45 7.55 7.95 7.65 10.15 7.65 31.15 20.55 8.05 8.15 8.05 NaN NaN
6.1 5.7 5.7 6.5 5.6 5.7 5.4 5.4 5.5 5.1 25.5 5.4 5.6 5.7 5.4 9.6 5.5 5.4 4.8 25.2 30.3 14.1 1.4 8.6 5.3 30.4 6.8 6.7 6.9 7 6.8 6.5 30.8 6.8 6.7 6.8 7.1 6.35 6.15 30.2 30.4 6.5 3.8 3.9 1.2 3.7 6.45 3.1 6.15 30.8 5.8 6.05 6.35 7.3 6.15 6.65 6.55 7.05 30.5 7.15 9.55 5.1 8.9 10.3 30.3 30.6 30.3 15 7.4 6.45 30.9 31.1 30.5 13.4 7.85 30.15 10.25 30.45 7.65 7.85 7.75 7.45 7.65 7.45 7.45 7.95 7.65 12.75 11.6
5.7 6.4 30.6 6.2 5.7 30.6 9.9 5.6 5.4 5.5 5.2 5.4 5.2 30.7 30.4 5.4 30.2 30.5 5.2 30.2 30.5 28.1 5.4 16.5 9.6 5.5 5.3 6.9 6.7 6.5 6.5 6.6 6.6 6.6 6.9 6.6 7.1 6.9 7 10.8 1.9 6.3 8.9 6.3 9.1 12.3 1.3 1.2 5.5 6.45 6.35 6.35 6.05 6.25 6.25 6.65 21.4 7.45 6.85 7.25 6.85 6.65 6.85 30.7 30.9 3.9 19.4 6.45 7.25 6.95 19.3 30.25 14.85 10.25 30.45 7.95 10.15 30.25 11.15 7.45 7.75 15.15 9.95 7.55 12.65 7.55 7.65 10.55 6.4
5.9 6.2 9.5 6 4.9 30.4 27.9 14.8 19.9 5.7 5.4 5.5 5.9 30.3 5.4 10.4 22.4 30.7 20.3 19.3 30.5 8.9 5.7 30.3 5.4 15.3 7.8 7.8 29.8 6.6 6.3 6.5 6.4 6.5 6.4 7 1.5 6.6 6.9 7.2 11.1 4 7.1 30.6 6.3 30.4 6.25 6.35 6.25 3.2 14.1 1.4 3.8 6.25 6.75 6.85 6.95 3 7.7 7.35 7.15 6.85 6.75 30.4 6.55 29.9 30.4 5.2 7.05 7.25 11.8 7.05 7.55 12.55 7.95 9.75 10.25 7.75 7.75 7.65 7.95 8.05 7.55 7.85 7.75 7.65 7.75 29.4 24.4
30.4 4.1 8.5 30.7 11.1 6 5.3 6.5 5.6 5.6 5.7 17.9 5.6 5.6 30.4 5.2 30.6 10.8 3 8.2 8 28.2 30.6 6.8 30.5 30.4 25.3 22.7 5.4 30.3 6.4 6.4 6.3 6.7 6.5 30.3 30.4 6.6 7.3 30.7 7.6 6.8 11.4 1.2 5.9 30.5 21.2 6.25 8.4 30.4 8.3 11.2 8.8 6.65 12.25 1.2 9.95 7.15 6.95 7.15 7.05 6.95 30.4 30.4 10.1 30.4 21.7 17.1 30.7 5.5 7.35 6.5 30.55 30.2 12.85 7.35 8.4 7.65 6.75 6.95 10.55 8.5 10.25 7.95 21.7 18.6 3.6 30.6 30.6
11.5 5.7 5.3 30.4 6.1 5.8 5.6 19 13 5.7 27.3 1.2 1.2 12.9 6.4 5.8 5.2 7.9 5.3 5.2 30 10.3 3.1 3 30.5 7.7 23 20.1 30.5 17.9 6.6 6.4 12.9 6.5 12.3 30.8 7.8 7.4 7.1 6.9 30.3 6 8.9 15.9 6.35 7.3 6 8.6 7.05 6.65 29 5.7 6.65 6.85 6.75 5.8 6.85 7.15 7.15 7.05 7.25 7.05 30.9 7.15 7.05 7.95 29.3 30.5 30.2 12.25 30.8 6.75 30.5 6.4 6.85 13.4 7.3 25.9 7.25 20.35 28.35 10.25 23.05 13.4 6.2 1.5 30.4 30.2 7.55
5.6 6.2 5.9 5.6 5.6 5.5 6 30.5 20.2 5.5 5.9 11.1 13.4 5.9 5.3 5.2 5.2 30.5 5.4 6.7 12.1 5.2 5.1 10.8 1.3 20.2 19.9 6 5.3 15.4 30.5 6.6 6.7 12.4 7.6 7.1 7.5 5.8 7.4 7.4 30.1 30.9 30.2 6.95 6.35 30.4 8.4 6.55 6.65 6.35 6.85 6.65 6.45 30.6 6.85 7.05 5 6.95 6.95 7.25 6.85 30.5 7.45 7.05 10.45 10.15 30.5 7.05 7.05 8.15 15.35 12.85 8.5 25.55 18 6.95 7.15 6.95 8.05 7.75 30.55 30.35 7.45 7.65 7.65 13.3 12 30.3 30.8
5.3 5.1 4.8 5.1 5.7 5.5 5.1 30.7 30.3 30.4 30.6 7.3 24.4 6 5.5 5.7 5.4 5.4 8 22.8 6.6 12.7 10.4 5.1 19.5 30.1 13 5.3 30.3 8 6.3 11 6.9 10 30.3 29.8 18.2 6.4 7.2 7.1 7.7 6.65 18.6 28.5 6.35 6.25 6.55 6.35 6.35 6.1 6.75 6.65 6.95 9.55 30.55 8.3 7.15 30.35 7.45 9.55 5.6 6.95 22.25 7.25 6.95 29.95 30.9 16.7 6.85 7.95 15.35 30.25 30.35 7.65 7.75 7.65 7.65 7.65 8.05 7.85 10.85 30.15 7.95 30.25 30.5 8.2 9.95 7.25 30.2
25 5.7 30.8 5.9 13.1 5.7 6 5 30.4 21.9 19.1 5.3 5.7 30.8 25.1 5.2 5.1 8.1 8.2 6.6 30.3 5 13 30.4 23.6 11.5 22.8 8 5.4 30.3 5.9 6.2 6.9 7.1 7.2 22.7 6.3 30.2 7.6 7.6 12.7 6 20.8 30.5 30.5 6.65 6.35 6.55 6.35 6.65 6.25 6.45 9.55 7.05 7.15 23.2 14.95 9.75 7.15 7.35 7.8 30.5 30.2 30.8 30.7 12.65 10.35 25.45 30.7 30.7 7.65 10.35 30.15 30.7 7.65 7.55 26.35 7.65 7.95 30.3 7.95 7.95 7.45 17.95 7.45 10.15 5.3 9.95 22.55
5.9 4 7.1 6 6.2 5.7 19.2 5.7 5.3 4.7 12.3 4.8 5.5 5.7 4.7 5.1 5.2 5.3 30.6 7.8 30.1 5.6 25.9 20.9 30.4 5.3 7.9 5.1 5.9 5.9 7.2 7.2 9.6 12.3 30.5 9 1.5 7.6 6.5 6 7.3 6.5 30.2 3.8 30.8 6.85 1.4 6.65 6.65 6.75 8.3 7.05 7.15 7.35 7.25 30.4 13.9 5.3 7.25 6.95 9.65 30.4 30.6 30.9 30.5 30.7 31.2 10.35 10.45 17.35 17.95 18.5 6.75 30.65 15.65 8.05 17.75 7.85 12.85 7.75 7.55 7.75 7.65 9.95 7.45 7.75 5.1 7.55 7.25
