Outfile_5.asc
NCOLS 201
NROWS 151
XLLCORNER 730592.938286
YLLCORNER 2561222.529137
CELLSIZE 145.176046
NODATA_VALUE NaN
[rows 66 to 98 of 151, columns 74 to 147 of 201]
NaN NaN NaN NaN NaN NaN NaN NaN NaN NaN NaN NaN NaN NaN NaN NaN NaN NaN NaN NaN NaN NaN NaN NaN NaN NaN NaN 6.5 30.699076262 30.2506636589 30.3553296488 30.5846975047 30.3400621611 30.6502212362 NaN NaN NaN NaN NaN 30.1874258846 9.4134491708 11.0223216919 30.6111111111 8.7084518793 14.8666666667 30.8555555556 30.2714045971 30.4042261031 30.2615508071 30.0453558739 6.7333333333 6.35 6.2540925512 5.8666666667 30.3666666667 16.0666666667 17.2666666667 7.25 7.15 23.7666666667 12.65 30.5361506991 7.45 17.45 30.25 19.85 14.95 7.25 11.2333333333 30.4666666667 30.3666666667 30.8888888889 31.2149362158 30.2348730697
NaN NaN NaN NaN NaN NaN NaN NaN NaN NaN NaN NaN NaN NaN NaN NaN NaN NaN NaN NaN NaN NaN NaN NaN NaN NaN 14.8205792798 6.5 30.2990906338 30.3761588859 30.4289342698 6.4 6.5 NaN NaN NaN 7.4 9.8 30.2840685946 30.4876160094 30.7874258846 30.2994767825 30.3 30.3333333333 27.5333333333 15.9666666667 30.3540925512 30.1453558739 5.9205792798 5.9727786529 6.9 30.3919346658 6.9727786529 30.3901371761 8.1703703704 5.6703703704 30.4703703704 30.3703703704 9.75 6.95 7.25 9.75 9.85 7.05 30.05 7.45 7.75 30.35 7.35 7.65 25.55 30.45 30.3714285714 7.75
NaN NaN NaN NaN NaN NaN NaN NaN NaN NaN NaN NaN NaN NaN NaN NaN NaN NaN NaN NaN NaN NaN NaN NaN NaN 26.3269562388 30.3440446391 NaN NaN NaN 6.5 6.2 NaN NaN NaN NaN 6.7 9.8 10 28.3859420902 30.6737387429 12.4302830782 30.5666666667 30.4333333333 30.6540925512 10.9666666667 30.4333333333 30.8 12.6954770164 6.0223216919 5.85460281 6.4148090607 16.1283329622 10.6905960329 8.2380952381 30.4380952381 30.1380952381 6.95 7.65 30.1380952381 7.15 7.05 7.15 14.85 7.45 7.75 20.55 7.75 7.35 7.55 30.45 30.5761904762 7.45 30.6921691488
NaN NaN NaN NaN NaN NaN NaN NaN NaN NaN NaN NaN NaN NaN NaN NaN NaN NaN NaN NaN NaN NaN NaN NaN 30.5578685395 17.3 30.8726526899 30.6230769231 6.6 NaN NaN NaN NaN NaN NaN 6.6 6.975 30.535446344 30.5313839675 17.45559494 12.3858309864 30.198142394 30.9333333333 30.3703703704 30.2134491708 30.5761904762 8.1716618094 6.6 14.1054744498 6.7 10.3 19.4381572756 8.7282174738 30.2752416018 8.9135735976 14.75 7.15 30.85 7.75 7.35 7.45 7.65 30.05 7.15 6.95 12.35 10.45 7.45 10.05 7.05 30.5694840324 22.55 30.6033108961 30.5952247076
NaN NaN NaN NaN NaN NaN NaN NaN NaN NaN NaN NaN NaN NaN NaN NaN NaN NaN NaN NaN NaN NaN NaN 30.3399385949 17.7758255781 7 30.6351191813 8.038878435 7.1 30.873998276 6.5 NaN NaN NaN NaN 6.6 6.2 30.6181192171 5.3 30.4615508071 14.4393193566 30.1108185325 20.7242242458 30.5393193566 10.7564102564 7.2 7.2 5.4 5.2 5.4 5.1 11.9240453033 30.5047379305 30.4013189489 5.8205792798 30.2615508071 30.6768182948 13.3345325216 7.35 30.6 19.95 30.7 30.6 7.7 7.7 7.15 15.15 7.75 30.4 6.2 30.1 24.9 29.6222222222 30.6336139264
NaN NaN NaN NaN NaN NaN NaN NaN NaN NaN NaN NaN NaN NaN NaN NaN NaN NaN NaN NaN NaN NaN 30.5 7.6 30.5853044011 30.2897412037 31.1146632187 6.8 30.4795713869 6.8 3.4 6.2 NaN NaN 6.3 30.6538357466 6.1 5.2 5 5.3 5.3 5.1 5.5 5.9 8.54984391 6 6 5.7 30.596856485 4.7 4.8 30.602378304 16.6041611408 30.2635231517 6.3 6.5 14.65 14.85 7.15 10.2047650464 7.7 8.1 7.5 7.7 8.1 9.65 7.05 7.55 30.45 30.9 30.7 30.4 31.0147188482 31.2094922192
NaN NaN NaN NaN NaN NaN NaN NaN NaN NaN NaN NaN NaN NaN NaN NaN NaN NaN NaN NaN 30.7 7.7 7.2 30.1668015807 6.8 6.3 7.2 5.8 6.4 6.5 6.6 NaN NaN 6.4 2.4587251934 6.1 4.5333333333 5.2 5.2 5.4 30.2270461645 30.7166666667 5.7 6 6.1 6.2 6.3 1.4 6.1 30.3018449158 6.706919727 7.8282174738 30.4830646666 20.2306741015 30.1570224301 6.5 6.3 7.6 10.4 7.5 30.6 7.8 7.3 30.8 7.4 10.2 7.05 9.65 15.05 30.8 30.9 31.4 30.7 30.6777777778
NaN NaN NaN NaN NaN NaN NaN NaN NaN NaN NaN NaN NaN NaN NaN NaN NaN 6.6 30.6 31 30.7 7.2 7.2 30.5 30.5224739802 30.2955834467 30.3084518793 5.4559224131 6.5 30.3212869664 NaN 6.4 6.2 6.7863806577 6.1 14.7205792798 6.1 6 6.1 6.4 6.3 6.2 6.9 6.5 6.3 30.3928371643 6.1 6.4 6.4 13.8514076045 16.4994767825 30.6690355763 23.667051395 30.6622501134 30.3453558739 30.1666666667 28.6333333333 7.2 7.3 9.7 7.5 7.3 30.4703703704 7.1 24.8 7.1 7.2 20.6222222222 6.95 25.4 30.7 30.8 30.9 31.2777777778
NaN NaN NaN NaN NaN NaN NaN NaN 6.95 4.3 NaN NaN NaN NaN NaN 31.2 30.5 6.3 31.4 12.7 6.6 24.0242242458 12.3 30.7928371643 30.4117382165 6.7 30.5801158374 17.7060112703 6.6 5.9 6.2 6.1 6.1 6.4 6.1 6.2 6.2 30.420674489 5.9 6 6.5 6.1 6.2 6.5 6.3 30.4666666667 6 6.2 10.653428636 30.2042261031 30.0245006541 30.5 8.5453558739 12.3 30.0874920661 30.4716618094 30.6111111111 9.8 6.31898463 10 7.6 7.6 7.5 6.3333333333 17.6 7.5 30.2 20.1 7.6 30.3 30.6 30.9 31.3 30.6777777778
NaN NaN NaN NaN 6.95 4.7 4.8 5 20.1 5 17.5 5 4.9 7.25 19.9 6.75 6.45 26.5 6.6 30.8 30.6242242458 30.2946277864 30.1267895821 7 30.3570224301 30.0661434492 30.8413293538 6 30.9391639897 31.1660740412 6.4 15.4167993852 5.8 6.3 4.7485927876 6 11.169983854 15.4545637691 28.3621827039 6.1 6.5 6.6 6.6 5.9666666667 6.4 6.4 28.6453558739 3.5267895821 3.3946277864 1.5714045971 25.79071197 30.3333333333 30.5716618094 10.1192754236 25.6602895721 30.5726779369 5.9333333333 10.2 5.9084518793 18.2681050248 7.2 9.6 7.2 6.9 7 9.8 17.5333333333 6.3222222222 14.8 7.6 30.8 30.9 31.4 31.3777777778
NaN NaN 15.05 5 5.1 4.4 4.5 3.9 4.5 30.9 4.9 20.5 6.95 6.15 30.7 27.25 30.8 6.7 6.3 30.9242242458 6 13.3267895821 6.8 30.3333333333 30.69071197 30.0666666667 3.7267895821 30.5223216919 6.8 30.5499159511 30.4161994504 30.3135735976 31.0164737863 23.3892557464 30.1928371643 6.4 6.8 23.2147188482 30.1328101159 24.4694840324 6.6 6.5 11.803030303 6.4 6.3 9.99071197 6.2 30.3856743286 8.1267895821 27.8555555556 18.0333333333 9.19071197 30.2714045971 30.4768182948 30.5242242458 25.5333333333 15.9666666667 12.9333333333 30.2540925512 26.2134491708 7.1 6.9 7 9.7 9.7 15.6453558739 30.6615508071 30.7 30.5 15.6 7.8 31.1 31.2 21.1777777778
6.95 4.9 30.5 30.1 30.6 4.4 30.5 4.6 4.3 4.4 5 6.95 6.75 6.15 6.95 11.2 8.7 6.5 9.513394791 7 6.4 11.4856743286 6.7 14.49071197 8.3892557464 30.3928371643 1.8925555291 30.2249319761 24.3127204931 30.5240453033 30.8578339874 30.5287267571 30.6740079158 4.1615508071 6.8 6.6 6.6 6.4 30.5 30.9 6.4 6.1 30.414274771 17.0768182948 6 10.2892557464 28.29071197 30.0333333333 11.2859549217 30.4956009364 5.8 30.1487248999 30.4042261031 30.453428636 30.8108185325 18.303030303 30.2555555556 16.5666666667 9.6666666667 13.1761904762 7.3 30.5289342698 7.4 30.4666666667 8.2 11.6333333333 18.6 8 30.3 12.9 10.6 30.8 30.9 30.7768182948
5.3 5 4.2 3.9 4.1 4.9 4.8 4.4 4.5 4.5 4.9 6.95 12.15 6.95 30.7 10.15 6.45 6.2 6.9 6.4 6.2453558739 6.9 30.578511354 15.9205792798 30.7615508071 10.8946277864 1.8315546285 7.3590193633 30.8539264695 30.9111149814 30.8967854397 6.3 6.4 6.2 5.9 5.9 5.3 5.8 3.8289342698 13.0067245426 30.5 16.6 6.4 6.1 6.1 5.4615508071 6.2 9.1787919471 6.1 7.6629494148 7.1 4.2904286252 20.9991289 12.9328101159 3.2 30.3768182948 30.7714045971 23.6869026671 30.9889883586 30.3006271054 22.0138488355 7.2 7.2 10.2 14.2550633642 8.2 15.4 10.3380952381 10.8 20.5 23.2 7.65 7.65 31.0564102564
3.9 4 4.2 4.3 4.9 5.1 4.9 4.7 4.6 4.8 5.2 7.35 7.55 6.35 30.5 30.2 6.15 6.8 1.598142394 14.6 30.9666666667 30.49071197 30.9892557464 22.2384487607 30.6135735976 30.4267895821 30.2856743286 30.3784048832 30.1240453033 30.0801158374 30.7153372142 30.4897640738 30.5073155329 5.7 6 6.2 16.2714045971 5.9 6.1 6 9.2961517174 2.0193279424 30.4098388924 10.4892203723 30.7564102564 22.7618913743 5.8 5.9 30.4169601147 30.4892557464 30.9903557635 8.0742996679 30.2628248883 30.4666087768 31 30.1556550252 15.5585207206 30.6417852127 30.3134491708 6.5 3.9383691019 6.6 7.1 30.4524976531 10.5 7.9 30.1181350989 27.2703703704 7.7 8.1 13.1 7.65 30.5901371761 22.8644313952
4.2 4.2 4.9 4.6 4.8 5.2 4.9 31.2 4.5 5 5.2 6.85 6.95 6.45 7.05 6.15 6.85 6.15 6.7 7.3 6.5 15.0333333333 30.6928371643 30.2135735976 6.9 6.8 9.9570224301 22.4205455818 7.1 9.8120225406 30.456466985 30.6245602819 6.9 6.5 6.7 6.4 6.4 6.5 6.4 6.1 13.4934849615 30.3415013475 5.6 6.5 6.4 5.9 6.5 6.3 5.9 6.4 30.2 30.3207592179 30.2047379305 30.799404584 30.5587567673 27.6540382048 5.6528909085 30.8159705015 5.2417852127 6.6 6.7 6.5 30.2690047263 30.2595038309 16.4813298853 30.6955834467 20.4748334564 30.1 30.5666666667 31.0666666667 15.9 30.3666666667 30.6774851991 13.0314757273
4.7 5.1 4.7 5 4.6 5 5 4.9 5 5.6 5.1 6.85 6.85 6.75 6.15 5.95 30.6 6.55 6.8 7.5 30.6 5.6 5.8 7 7.1 12.8570224301 6.89071197 6.8 11.1475950733 30.2573786367 30.9573786367 13.8380712638 30.4434849615 30.0666666667 7.8666666667 30.1666666667 6.8 6.7 30.8570224301 7.8235829038 6.1 6 6.1 5.9 24.0181192171 30.3729948341 6 30.6934562487 6.6 30.9872459465 7.1451780206 30.2205792798 30.5782210422 30.3890396954 7.8682213103 30.243952253 30.3351191813 30.0035521076 25.8903557635 30.0084518793 6.6 30.9573786367 30.4786892072 30.4813298853 30.4903557635 13.2417852127 30.3681050248 30.5374901471 12.3 30.3 7.3 3.6 8.1222222222 30.7666666667
4.7 5 5 4.9 5.1 5.4 4.6 5.6 5.2 5.2 4.6 7.05 7.05 18.4 30.8 6.95 6.75 6.35 6.7 7.3 30.035446344 6.7616480027 7.2 7 17.5 18.79071197 30.1892557464 7 30.1782174738 30.2381572756 31.0937128312 6.8 7 7.2 7.2 9.8 12.4 30.4084518793 7 30.5223216919 7.1 6.9 30.5240453033 5.3 5.4 5.4 6.2 6.4 30.4666666667 6.3 6.2 6.6 30.7666666667 11.9009114294 30.2958674673 14.8 30.9993623108 6.7 30.4813298853 4.9955834467 6.4302373727 25.3540925512 30.4911673208 24.2955834467 26.1417852127 20.8225890798 6.35 30.2956009364 30.4666666667 30.7666666667 30.5666666667 30.8666666667 16.15 13.25
5.3 5.3 5.1 5 5.3 5.2 5.3 5.4 5 4.4 4.6 5.1 4.5 6.05 6.55 30.2 30.3 6.95 6.8 14.7678658549 13.8181192171 17.5207704779 10.8905296316 6.9 8.5292657005 6.9 7.3 9.8 17.569104196 30.3522349452 7 6.6 6.8 7.3 6.9 7.2 7 30.3726779369 12.1 30.8090005921 7 30.5754153933 6.3 6 6.2 6.1 6.1 6.5 9.9666666667 7.3 7.5051154274 30.0742996679 30.7444323581 30.3838120122 25.4475304232 30.2237619586 31.041134965 8.193075142 30.3684525146 9.2958969948 9.8 30.3134491708 30.6393446036 30.3785371601 30.5384753952 30.5088191311 6.45 30.4 30.6333333333 25.0333333333 11 30.8333333333 30.4333333333 20.75
5.1 4.5 5 5.1 5.1 5.5 5.3 4.8 4.6 4.6 4.6 4.7 4.7 6.45 7.05 6.65 6.85 7.05 7 7.1 29.4955834467 8.826507906 24.9928371643 30.226286502 28.8637572938 22.0835203106 7.2 7.1 30.8703703704 31.040057876 9.9 6.9 6.9 30.7768182948 7.1 7 12.1564102564 9.5564102564 7.1 9.6 7.2 9.8 7.3 30.2843572659 7.1 7 7.2 30.461450055 6.1 7.8807843887 30.2098879263 30.6821701562 4.3983456956 30.0191643198 30.1487248999 30.8134491708 20.503030303 30.1761904762 14.7745942812 30.7132241218 30.9661434492 20.2889883586 30.1640561799 7.6457042423 30.4755853852 30.4670295079 30.5377707402 30.1222222222 19.6222222222 27.6222222222 30.3222222222 30.25 8.15 11.35
5.5 4.3 4.5 4.6 5.4 5.8 4.9 4.2 5 5 5 4.7 4.1 6.75 22.65 6.95 6.35 13.4768182948 7.05 7.1 30.1869632333 9.4570224301 12.026507906 30.7564484313 30.2685658488 29.0302373727 7.2 7.1 14.9 7.2 21.4268601941 6.6 12.0737387429 30.7746415108 7.5761904762 30.3761904762 22.3166666667 7.3 10.2166666667 30.0419755892 30.4916625669 7.4 30.3238672278 30.3 7.3 30.635446344 7.2 30.7827011897 16.3434982679 12.0923526966 30.4223216919 30.6850892186 6.2 21.9893298864 30.20209398 30.2273168347 31.0630813152 5.85 6.85 30.2111111111 30.3333333333 30.2333333333 30.2555555556 5.503030303 30.3222222222 30.4 6.35 30.5 30.8 7.25 10.05 7.45 8.35 8.15
31.05 6.5 6.6 6.2 5.5 4.6 4.1 4.5 4.6 4.1 4.4 3.8 4.2 6.75 6.35 30.2047650464 6.15 6.85 7.05 7.3 7.1 7.2 16.7603794978 30.1240453033 11.0911673208 14.5153372142 30.4618805153 1.81898463 30.2422194537 6.9 7.1270461645 30.0302373727 6.8 7.8869026671 6.8 30.4111111111 7 6.8 6.8 6.8 6.8 24.4444444444 6.4 7.15 21.8363636364 30.5083333333 7.2 6.7 6.9032244134 30.5376880965 7.2 6.9 6.6 7 4.1384487607 30.9765569041 30.4138991347 30.2239552048 30.5666666667 30.5111111111 28.1111111111 30.2570224301 12.347996552 6.35 13.0217300308 6.35 30.4 14.75 12.5067245426 12.6484520197 31.1081667897 30.4134491708 30.4406649427 13.05
NaN 6.4 7.1 31.2 6.1 6 5.8 5.9 6.1 5.7 4.4 4.8 5.4 5.5 6.15 6.25 6.15 7.05 14.95 30.2768182948 30.797178591 9.3848537679 16.763570706 8.8540925512 7.2641856825 18.2471596063 3.44984391 6.75 30.5684525146 14.2813298853 30.6240453033 6.85 10.9134491708 14.2889883586 7.05 5.9570224301 10.3333333333 6.3333333333 30.1333333333 20.8059860233 10.4644437802 6.65 6.75 6.35 6.85 6.85 7.05 7.25 17.55 30.0815230842 30.0032244134 16.3194011491 30.1805354371 9.0838046346 19.4799677164 9.675118546 25.2476254443 30.2856826954 8.8813855149 20.6111111111 30.1111111111 30.1666666667 20.05 30.4777777778 6.45 30.2564102564 6.25 30.0564102564 7.35 7.45 30.5714045971 24.85 30.496961025 31.1937398861
NaN NaN 31.3 6.4 6.1 6.5 20 6.1 6 6.1 6 5.6 6 30.45 6.95 6.25 6.55 30.39071197 17.55 6.8353191866 21.516476147 30.1598811283 8.9578339874 6.95 13.9091218061 12.45 4.1850406063 30.3266136648 6.6958969948 6.65 30.4120225406 13.2236890968 8.8393446036 6.55 5.6794273899 30.347996552 30.3555555556 6.05 8.3555555556 19.3302830782 6.35 6.35 25.6585392229 31.3839733804 6.55 17.6615508071 8.0829332032 30.5093499059 30.4490013082 7.15 9.55 30.7477344001 30.6603794978 14.4681050248 30.1417852127 16.5570224301 30.2621722674 7.8078695051 30.2883966975 20.8111111111 30.4111111111 30.4666666667 30.3761904762 30.6901371761 10.15 7.45 6.45 7.05 9.75 30.45 7.15 7.85 30.59071197 30.4589232249
NaN NaN NaN 6.2 30.3 30.1 6.1 6.6 6.4 30.7 30.2 30.3 5.5 8.45 9.85 9.85 7.05 7.15 6.85 30.2622501134 9.75 7.25 6.95 30.3223216919 18.5260343862 7.05 6.45 30.5042261031 30.4511991882 5.75 6.05 6.35 6.9501731634 9.5440446391 26.6934119078 30.4084518793 10.3666666667 30.5969040394 19.5901371761 30.1094922192 12.4694840324 6.45 9.65 7.8266010238 7.35 6.85 30.4971540342 9.8373355562 20.9176752738 30.2617989856 9.65 30.6207592179 13.2302373727 20.8748334564 8.2178056689 9.338708522 21.3934562487 8.1048156164 30.0729948341 12.8111111111 9.55 9.95 7.25 9.75 30.8111111111 31.0111111111 31.3111111111 30.9111111111 30.55 7.55 7.55 12.55 9.85 12.6615508071
NaN NaN NaN 6.1 31.1 6.4 6.5 6.9 6.6 6.6 28.65 8.35 15.9 23.45 7.35 6.95 7.15 7.15 6.65 6.85 7.15 14.75 7.15 19.4540925512 18.3134491708 10.6768182948 30.7758686137 10.6533326691 30.4705834467 6.25 6.75 30.9666666667 30.4777777778 9.8833333333 9.4897435897 6.25 6.15 6.35 21.2084518793 5.837864697 9.135208726 30.0651472445 7.05 30.4300971077 10.203030303 30.198142394 3.5768182948 6.85 6.95 9.75 30.5060112703 30.8219010501 7.25 16.1835203106 30.2574638207 30.3471417218 7.5758686137 30.578316797 13.5733912093 4.7158761576 30.4084518793 6.45 30.3333333333 6.35 30.5666666667 30.5666666667 30.2666666667 30.4666666667 30.2666666667 7.2666666667 30.4245006541 30.45 12.25 7.05
7.65 NaN NaN NaN 5.7 6.7 NaN 6.5 31 13.45 30.35 20.65 8.35 20.75 30.5578685395 14.65 14.85 30.2270461645 15.1384487607 6.95 17.05 7.25 6.85 7.15 8.3615508071 25.6946277864 31.0267895821 26.11898463 9.078511354 6.15 30.4541587328 9.55 6.45 4.5295231453 5.9948749122 6.45 30.5333333333 16.8666666667 30.6067245426 30.1434849615 30.7811298163 6.75 6.35 6.95 7.05 7.25 30.1897785367 4.522521847 7.05 9.65 28.4235829038 7.05 7.15 23.6289342698 30.4116052299 30.1349737791 30.3117382165 23.92568603 30.4648090607 6.35 6.15 6.75 6.55 30.7555555556 30.6270461645 6.95 6.35 30.0761904762 30.6761904762 30.8761904762 31.0376880965 30.1135735976 30.4311250567 30.2
7.85 7.65 7.75 NaN NaN 6.1 6.3 6.6 18.55 8.35 7.9 30.45 30.3242242458 13.25 7.25 9.85 7.05 NaN 12.0847858837 6.55 6.45 6.35 8.6333333333 30.2537203881 30.3316790289 30.8267895821 30.3856743286 30.4333333333 30.4333333333 12.35 9.95 7.15 9.65 6.85 30.4062672167 9.85 7.05 6.15 9.85 6.55 6.25 30.0207592179 6.65 15.3526087569 7.05 11.4850406063 30.3853397564 7.25 6.95 30.3705960277 12.5343272963 22.8874920661 30.3564102564 16.1 22.5564102564 30.4385891958 11.9417852127 30.4302373727 30.7937128312 7.05 9.85 30.4358404189 30.403030303 30.703030303 30.298142394 30.6777777778 9.3777777778 8.4777777778 30.3777777778 30.3777777778 27.5694840324 15.7311250567 5.6328101159 8.8660289775
9.95 7.45 10.15 7.55 NaN NaN NaN 30.5 26.15 13.45 18.35 NaN 30.0558900823 15.55 7.25 7.25 7.55 7.15 7.45 6.4768182948 30.5513641714 30.1666666667 30.7 13.91056489 21.1011704976 8.61898463 30.4570224301 14.5666666667 7.25 7.15 10.25 30.15 7.6727487108 30.9175430751 30.3242242458 8.1393193566 6.85 6.35 7.15 6.85 30.5625444306 19.9570224301 7.5591076631 6.35 18.2328411419 11.6117382165 30.7060112703 30.8236890968 30.3453558739 30.4219010501 30.6115754658 22.5002554047 3.8222222222 6.45 9.2257618163 12.1977602346 24.85 9.6911673208 30.2118446873 30.4356117652 30.5208927697 14.8169517877 30.0222222222 30.4222222222 14.6202728564 30.8083333333 30.0083333333 10.2083333333 27.3083333333 30.1183739396 10.1450715499 30.8758686137 6.2192754236 3.6726779369
7.25 7.35 7.55 7.15 7.85 7.85 8.05 NaN NaN NaN NaN NaN 10.45 30.4893446036 12.45 30.602378304 6.95 7.05 25.3687796773 7.15 7.15 30.4969040394 30.1252444916 20.5418083139 30.4922860495 30.4665805837 30.1812466759 10.8666666667 20.05 7.05 8.05 7.45 7.85 7.45 10.05 7.15 6.35 6.05 6.05 6.35 6.95 3.138708522 19.3595038309 6.25 6.45 30.5318455014 30.6801158374 13.9326039052 17.8573786367 20.7683086365 6.65 10.3909187831 4.1752543046 13.073998276 17.0847858837 10.9963442264 8.5480057157 27.0101749826 5.5578339874 30.3523409952 13.2870412155 30.5421966066 22.0380952381 30.2380952381 30.2380952381 30.2380952381 30.3450715499 6.65 3.5758686137 7.35 30.3726779369 30.4578685395 30.6716618094 30.4084518793
8.05 10.05 7.55 12.6 30.45 7.35 7.65 7.55 10.35 10.45 7.95 13.05 NaN NaN 6.95 7.35 NaN NaN 9.75 7.35 6.8134491708 4.5915219852 6.95 30.2622501134 14.6340669095 8.5267895821 30.371505315 11.4197773382 7.15 30.25 22.65 7.25 7.35 7.3 30.1 30.5 6.25 7.05 6.65 6.95 27.5574638207 7.35 30.6993623108 5.65 6.35 6.05 30.3095238095 11.863570706 30.2055575185 30.1194193466 20.8088191311 30.1723311278 30.4248334564 18.9924010611 9.6761904762 8.4501096867 6.2314757273 6.5825157082 7.2 30.4047379305 30.5671695589 30.82568603 30.3833292142 6.35 6.05 30.3703703704 30.5726779369 30.4166666667 30.4578685395 12.8716618094 30.4453558739 21.778511354 18.7333333333 30.5
7.85 7.65 15.55 7.65 7.65 7.95 7.75 7.55 7.55 10.35 7.85 7.85 1.8297141553 8.05 13.4302373727 NaN NaN 6.95 4.8 6.1570224301 7.15 8.2041568138 11.8347716914 5.7869632333 30.1666666667 16.8782210422 30.303083626 13.4198724248 30.0222222222 7.35 7.75 7.45 6.85 7.15 1.1 7.05 6.25 6.25 7.05 7.05 7.35 7.35 7.05 30.4111111111 6.45 30.5923526966 20.9419755892 30.2590193633 30.3092535051 30.7060112703 7.15 7.6329525334 6.65 30.2632972377 9.0687796773 17.7714285714 16.9333333333 13.2236890968 30.6 11.9240453033 8.6786892072 30.3282174738 5.95 26.3333333333 30.5333333333 30.5333333333 25.9333333333 30.5111111111 30.178511354 30.1333333333 23.2 24.8570224301 30.7540925512 30.5666666667
10.65 28.15 30.6 8.35 18.9 17.9 3.2 9.75 10.25 7.75 6.85 6.95 6.95 5.2450715499 7.65 NaN NaN 6.85 4.7 4.7 4.8 7.25 13.0384487607 22.0225890798 14.6578339874 30.7174833192 8.5230658168 30.4504210912 6.95 7.35 7.15 7.45 7.25 7.25 7.25 6.75 6.85 6.75 6.75 6.75 10.5094922192 9.85 14.3333333333 30.4540925512 8.3714045971 NaN 19.747996552 30.1617874766 25.9889883586 20.5467825041 31.0417852127 30.7903557635 19.8146632187 30.2684525146 10.4190387257 6.3487248999 30.2648090607 6.75 4.6911673208 6.25 7.3540925512 20.1134491708 30.3889883586 30.2333333333 30.5333333333 30.9333333333 30.4333333333 19.2666666667 30.4666666667 18.3540925512 7.9453558739 10.547996552 10.1134491708 8.05
7.85 7.85 7.85 8.05 30.05 7.65 7.65 7.55 6.65 3.5761904762 3.4761904762 8.747996552 3.6666666667 8.3333333333 7.65 NaN 4.7 4.8 4.6 4.8 4.7 30.5669472598 30.1285580409 16.5574333907 28.6326204837 8.2604794146 8.4928362784 14.8 7.35 NaN 9.65 6.85 6.85 7.2 7.05 6.95 9.65 7.15 3.8 9.65 6.8513641714 23.0666666667 18.3 5.85 NaN 13.0660289775 30.5928371643 30.747996552 30.2883656714 30.3888888889 30.2955834467 30.747996552 12.7595038309 9.0422194537 30.25 30.4042261031 13.4741510037 30.4117159916 30.2268983415 7.6994484251 5.5 30.3393446036 6.75 7.9555555556 28.3555555556 30.9555555556 30.0555555556 16.0270461645 30.4761904762 30.3134491708 30.8615508071 30.3094922192 30.5660289775 16.2328101159
