Outfile_5.asc
NCOLS 201
NROWS 151
XLLCORNER 730592.938286
YLLCORNER 2561222.529137
CELLSIZE 145.176046
NODATA_VALUE NaN
[rows 99 to 131 of 151, columns 74 to 147 of 201]
10.45 7.85 7.95 7.75 12.95 7.95 3.398142394 3.4714045971 3.9245006541 6.55 12.2666666667 6.95 3.1 7.2666666667 NaN 9.4166666667 4.7 4.8 4.6 4.7 5.1 7.05 7.25 7.15 6.65 13.2843909065 30.2032369137 5.4 14.2 6.65 6.95 30.5 7.05 7.05 6.95 7.35 3.9 6.3 6.3 12.05 30.2042261031 26.4245006541 30.2333333333 NaN NaN NaN 12.8660289775 30.4017858479 30.4062672167 30.4306599425 30.5428255525 30.4316790289 30.4524976531 10.6575575791 7.8635231517 30.053428636 30.5289342698 9.4639351726 6.95 22.7708927697 12.25 7.05 6.85 7.25 31.003030303 30.303030303 31.103030303 31.098142394 30.5777777778 30.0635231517 30.45 11.35 30.45 30.6
13.35 7.85 7.85 7.45 7.65 7.85 7.95 7.55 10.05 7.85 7.75 8.05 NaN 7.65 NaN 9.6042261031 4 4.4 30.4 4.6 4.6 4.7 7.05 9.035702243 6.95 30.1 4 7.05 9.65 6.95 21.3 7.45 7.45 9.95 9.85 21.5 1.2 6.85 6.45 6.05 5.95 30.39071197 18.4666666667 14.7969040394 NaN NaN 6.15 30.4217300308 7.05 25.45 30.4480521815 30.0217300308 30.7729948341 30.4333333333 13.2222222222 6.35 30.1 17.1129588438 29.8239042103 6.9804748005 7.35 2.4968852936 6.75 12.4758686137 30.9222222222 22.6222222222 30.4222222222 30.7202728564 5.6083333333 30.7021130107 30.5 26.6 19.35 24.45
12.85 7.85 7.65 7.55 7.35 7.45 7.55 30.55 7.75 7.65 7.65 7.65 NaN NaN NaN 30.1135735976 4.3 4.7 4.3 4.5 4.6 4.9 30.5 30.5 20.4 6.95 9.55 30.35 10.2 7.45 12.35 31.3 6.95 6.75 9.75 6.75 6.85 6.35 6.25 10.6192754236 8.2716618094 6.55 6.45 NaN NaN NaN NaN 17.0179068435 7.35 7.15 30.8555555556 30.9108185325 15.9666666667 30.1333333333 7.15 6.4 8 19.6 9.4635231517 7.7134491708 7.25 12.5333333333 7.05 5.95 9.65 30.8 30.6 7.85 8.15 30.55 20.4 8.55 9.15 21.65
7.45 17.65 7.45 7.35 30.1333333333 7.35 28.378511354 15.45 13.05 9.95 7.45 NaN NaN NaN NaN NaN 6.25 4.6 4.7 4.4 4.6 5.1 9.75 7.05 6.85 14.85 7.35 7.35 6.55 7.25 7.15 9.75 6.95 6.45 6.45 9.1 7.05 6.05 6.75 30.2681050248 12.6084518793 24.7 NaN NaN NaN NaN NaN NaN 30.7810980619 30.6969842853 20.4666666667 7.498142394 13.3023689097 7.7333333333 30.7222222222 7.9 30.5 7.3 30.4328101159 21.3384487607 19.2537203881 25.1333333333 20.0333333333 6.1901371761 6.55 7.75 30.15 10.55 28.3 10.95 19.35 8.15 19.05 4.2
24.79071197 6.4333333333 10.1 9.8 7.85 13.5333333333 8.05 7.55 7.35 7.65 7.35 7.65 7 NaN NaN NaN NaN 6.25 4.6 4.9 5.1 4.9 4.6 NaN NaN NaN NaN 30.6 6.95 6.85 6.55 6.95 6.65 NaN NaN 6.85 7.35 6.95 5.95 8.5703703704 7.05 6.55 NaN NaN NaN NaN NaN 6.25 30.2904286252 10.5659351537 16.5333333333 12.4284270273 27.717127024 25.3376787265 15.5202728564 30.5 17.4 30.6 12.7063281674 12.5923526966 30.6969040394 30.5666666667 12.25 12.55 30.3192754236 5.95 30.7 30 13.25 30.1 7.45 3.9 30.4 4
10.8666666667 7.95 7.55 7.7666666667 25.3716618094 7.95 7.45 9.95 7.95 7.85 7.75 7.65 7.65 7.65 6.55 NaN NaN NaN NaN 6.75 5.1 4.6 6.75 NaN NaN NaN NaN 5.95 6.95 NaN 5.95 6.35 6.25 NaN NaN 6.45 6.05 6.25 7.05 30.4703703704 30.2333333333 20.0333333333 6.45 NaN NaN NaN NaN 6.35 6.55 25.7333333333 7.2 7.1 23.5467825041 30.4952995056 13.2013740557 9.8 30.7 30.4 30.4 30.6564102564 12.7901371761 28.1333333333 30.6333333333 30.8537203881 9.55 12.55 5.95 30.6 9.85 7.65 9.85 30.5 19 1.5
4.1270461645 7.75 12.4681050248 7.75 7.85 15.003030303 7.85 1.2635231517 7.75 7.85 12.95 10.35 10.25 7.65 NaN 6.55 NaN NaN NaN NaN NaN NaN NaN NaN NaN NaN NaN 6.55 NaN NaN NaN NaN NaN NaN NaN NaN 6.95 5.1 5.9380952381 6.95 4.1622676031 14.3708234805 4.0743996038 6.55 30.59071197 30.0333333333 30.59071197 14.1534349239 9.6051154274 8.5559224131 30.7333333333 30.3450799339 23.0137183223 30.5681474842 30.3 30.5 30.3 30.3 7.15 7.45 7.35 30.81898463 30.5333333333 9.95 9.85 7.65 6.65 6.95 7.25 7.25 7.55 3.9 10.4 5.1
7.75 7.75 10.35 7.95 10.55 7.75 7.85 8.15 10.45 7.95 7.95 7.85 7.95 10.05 7.45 6.95 7.05 6.65 NaN NaN NaN NaN NaN NaN NaN NaN 6.05 6.75 NaN NaN NaN NaN NaN NaN NaN NaN 6.95 6.95 7.05 30.4322617446 4.2717820941 19.6014383581 6.25 12.8047871587 7.1 15.7245006541 13.647996552 30.1581491326 30.7520285504 30.7101105702 30.0037037037 30.6348730697 6.0644313952 12.6564102564 15.1 30.4 30.3 30.1 9.65 30.3063281674 14.65 30.4969040394 30.49071197 30.5666666667 17.55 7.45 3.6188440482 6.45 14.85 16 7.25 30.3202728564 8.1450715499 15.5564102564
7.85 7.85 7.95 7.95 30.3 7.95 7.75 7.75 17.95 7.95 8.05 7.95 7.85 10.55 10.55 7.15 7.15 7.25 14.95 NaN NaN NaN NaN NaN NaN 5.65 5.95 NaN NaN NaN NaN NaN NaN NaN NaN NaN 6.95 7.15 30.2670295079 7.25 7.15 30.7417852127 19.5192725435 11.5002041892 30.1600747221 30.4714045971 6.55 30.373998276 30.6033108961 30.4844898253 30.0714285714 30.2149362158 6.65 30.1768182948 5.2067245426 7.1 5.1 5.3 14.85 19.95 7.05 25.3901371761 30.8333333333 7.3333333333 31.0084518793 6.75 7.15 30.35 6.55 6.25 7.45 30.1268601941 9.4726779369 6.85
10.35 3 7.75 7.65 7.65 1 30.3 7.65 10.35 7.95 28.05 8.05 7.95 7.85 7.75 7.05 7.05 7.05 7.55 NaN NaN NaN NaN NaN NaN NaN NaN NaN NaN NaN NaN NaN NaN NaN NaN 22.2 6.25 7.8 18.3755853852 7.1384753952 7.8417852127 9.5903557635 6.55 30.5983456956 30.8145671951 30.498142394 6.85 6.65 7.9768182948 6.0714045971 13.59071197 6.9333333333 6.65 30.1615508071 30.5484520197 30.6 8.2 9.85 7.25 12.55 29.9242242458 7.15 27.75 30.4333333333 5.3954770164 7.45 6.65 30.3513641714 6.55 6.15 9.65 30.71898463 6.8453558739 28.8111111111
7.65 7.95 7.75 7.75 7.75 7.75 7.65 7 7.65 7.55 7.65 7.85 30.4 7.75 7.75 7.15 6.95 NaN 7.75 7.55 NaN NaN NaN NaN NaN NaN NaN NaN NaN NaN NaN NaN NaN NaN NaN NaN 6.15 12.2 6.35 6.45 30.32891678 30.647996552 6.65 20.7786681507 7.45 3.5183739396 6.75 6.75 7.15 7.25 18.0666666667 30.9570224301 30.29071197 30.2205792798 30.4094922192 23.2222222222 7.7 6.6 30.65 7.35 30.5013740557 30.45 30.75 7.5235829038 20.12568603 7.15 7.45 6.65 6.05 6.05 26.9666666667 30.8333333333 30.4 5.3570224301
NaN NaN NaN NaN NaN 7 7.65 7.35 7.35 7.45 12.55 10.05 8.05 18.15 7.95 6.85 6.35 NaN NaN NaN NaN NaN NaN NaN NaN NaN NaN NaN NaN NaN NaN NaN NaN NaN NaN NaN NaN NaN NaN 6.65 6.45 7.15 6.05 6.15 30.4380952381 3.3 6.65 6.65 15.2108185325 12.45 7.25 23.7084518793 30.6 8.4084518793 30.3134491708 13.7635231517 30.6 30.5 7.55 9.85 7.15 22.25 7.15 9.95 9.65 6.85 6.95 9.65 17.55 6.65 10.0111111111 4.5333333333 6.05 6.45
NaN NaN NaN NaN NaN NaN NaN 7.35 7.35 7.45 3.2 7.55 7.45 7.65 7.75 NaN NaN NaN NaN NaN NaN 5.5 NaN NaN NaN NaN NaN NaN 7.15 7.25 NaN NaN NaN NaN NaN NaN NaN NaN NaN 6.55 6.25 6.95 6.25 6.15 6.85 7.05 17.3 6.45 6.35 6.65 12.15 30.4969040394 21.19071197 30.6666666667 30.7761904762 30.3777777778 27.55 30.45 6.3 9.85 6.85 30.1188440482 7.086310514 7.35 7.05 30.49071197 21.1380712638 13.4101516281 22.9716618094 11.9761904762 6.65 6.95 30.2384487607 4.2094922192
NaN NaN NaN NaN NaN NaN NaN NaN NaN 7.45 7.45 7.55 7.75 7.35 NaN 12.65 NaN NaN 7.65 NaN 5.2 5.6 NaN NaN NaN NaN NaN 7.15 7.05 7.45 NaN NaN NaN NaN NaN NaN NaN NaN NaN 6.15 19.8555555556 6.25 6.25 6.75 6.55 6.45 6.65 6.45 6.75 30.3 6.85 15.0166666667 30.4111111111 30.2570224301 30.747996552 30.7681050248 13.1081667897 30.7477647286 30.5 7.35 7.45 14.75 6.95 7.25 5.3941262079 7.2245006541 7.25 7.35 21.3237619586 8.8777777778 1.7635231517 1.4450715499 7.25 6.65
NaN NaN NaN NaN NaN NaN NaN NaN NaN NaN NaN NaN NaN 7.45 7.75 27.55 30.55 5.6 NaN NaN 5.5 5.7 5.7 5.6 10.25 NaN 7.25 7.45 7.25 9.65 6.85 NaN NaN NaN NaN NaN NaN NaN NaN 6.15 30.4555555556 6.35 6.15 6.45 6.35 6.75 6.75 30.5 10.05 1.4 30.3635231517 26.5726779369 6.7333333333 30.3333333333 30.8666666667 30.2537203881 11.6267895821 30.798142394 9.3108185325 9.65 3.6 30.8 25.1710636516 10.45 30.4091218061 15.5375594364 7.15 22.65 30.2694840324 6.85 6.25 6.55 6.55 6.55
NaN NaN NaN NaN NaN NaN NaN NaN NaN NaN NaN NaN NaN NaN 7.45 10.25 7.65 5.3 NaN 5.2 5.4 5.5 5.2 5.9 12.95 20.35 17.6 7.45 6.75 12.45 14.65 6.85 NaN NaN NaN NaN NaN NaN NaN NaN NaN NaN NaN NaN NaN 6.25 6.65 30.5 7.65 10.4 16.84984391 30.9513641714 30.4666666667 30.5 3.3 30.3333333333 12.25 4.0333333333 7.55 7.65 7.75 9.95 10.15 12.0165163336 7.15 7.15 7.35 6.65 30.1192754236 27.9188440482 6.45 6.45 6.45 6.45
NaN NaN NaN NaN NaN NaN NaN NaN NaN NaN 7.25 22.35 7.15 7.05 6.85 7.45 7.75 5.1 5.3 5.5 5.4 5.4 5.5 5 5.2 4.65 8.2 7.15 7.05 9.65 7.05 6.95 NaN NaN NaN NaN NaN NaN NaN NaN NaN NaN NaN NaN NaN NaN 7.25 23 7.65 9.2 30.1289342698 7.25 28.9205792798 12.15 6.85 4.3333333333 6.1537203881 7.05 7.15 28.8 7.85 13.05 7.45 9.0564102564 7.05 30.5666666667 21.5 2.1084518793 1.5901371761 6.85 30.2067245426 6.75 30.2 30.7
NaN NaN NaN NaN NaN NaN NaN NaN NaN NaN 7.45 25.2 7.65 10.15 7.35 17.45 7.45 5.6 5.4 5.1 5.8 5.6 5.4 5.2 5.25 4.95 8.1 12.25 30.3 6.35 6.05 5.2 NaN NaN NaN NaN NaN NaN NaN NaN NaN NaN NaN NaN NaN 7.15 7.25 30.6 12.55 3.8 30.8002805931 7.35 22.55 14.6703703704 9.51898463 7.2333333333 6.95 30.55 7.75 7.65 7.85 9 7.25 1.5242242458 6.95 7.35 7.35 5.2666666667 1.6716618094 6.55 3.4484520197 10.7 8.7 30.7
NaN NaN NaN NaN NaN NaN NaN NaN NaN NaN 7.65 7.65 17.85 7.65 7.45 7.65 5.4 5.3 5.1 4.7 5.7 5.3 7.9 5.25 4.75 7.1 6.95 5.2 6.45 6.15 6.15 NaN NaN NaN NaN NaN NaN NaN NaN NaN NaN NaN NaN NaN NaN 7.55 14.85 7.35 12.45 7.15 7.45 27.75 7.45 7.25 1.6622501134 25.178511354 30.4333333333 7.55 30.5333333333 30.7222222222 7.95 16.7 30.55 7.35 12.45 7.15 14.85 30.4333333333 7.05 6.65 8.6094922192 6.95 6.2 6.95
NaN NaN NaN NaN NaN NaN NaN NaN NaN NaN 7.55 7.95 7.85 9.95 7.45 5.4 5.5 5.2 5.2 5.3 5.4 5.65 5.25 4.65 4.75 7.2 5.2 6.45 6.25 6.05 6.15 NaN NaN NaN NaN NaN NaN NaN NaN NaN NaN NaN NaN NaN NaN NaN 1 7.15 7.35 7.55 6.85 6.95 12.75 7.25 6.7703703704 4.5333333333 12.15 8.0666666667 7.95 10.65 9.9 6.5 11.4 7.35 4.0108185325 6.95 6.95 6.95 14.6333333333 19.9666666667 6.75 6.1660289775 10.25 6.55
NaN NaN NaN NaN NaN NaN NaN NaN NaN NaN 5.7 5.1 5.4 5.8 5.7 6.2 6.4 5.2 5.3 5.65 5.35 5.45 4.75 5.35 5.65 20 6.35 6.35 6.35 NaN NaN NaN NaN NaN NaN NaN NaN NaN NaN NaN NaN NaN NaN NaN NaN NaN NaN NaN 7.15 12.35 7.05 12.15 30.4 19.1380952381 4.0703703704 12.1333333333 7.05 7.35 6.4615508071 14.235702243 8.35 27.95 15.4 30.05 7.45 30.2450715499 14.85 6.75 19.6333333333 5.078511354 7.05 6.65 7.35 20.25
NaN NaN NaN NaN NaN NaN NaN NaN NaN 5.6 6.2 5.1 5.5 5.5 5.55 5.95 5.65 5.65 5.35 5.65 5.45 5.55 5.75 5.35 5.15 5.85 6.05 6.05 6.35 NaN NaN NaN NaN NaN NaN NaN NaN NaN NaN NaN NaN NaN NaN NaN NaN NaN NaN NaN NaN NaN 7.15 1.3 6.85 7.7374901471 1.4681050248 9.8084518793 3.6 7.05 6.95 6.75 30.15 7.85 30.55 30.2 6.65 12.15 7.25 7.35 7.35 31 9.65 7.75 10.35 7.75
NaN NaN NaN NaN NaN NaN NaN NaN NaN 8.25 28.65 7.65 5.3 30.6 5.95 5.65 5.55 5.45 5.55 5.45 5.35 5.35 5.25 5.75 5.75 5.45 6.75 6.15 6.45 NaN NaN NaN NaN NaN NaN NaN NaN NaN NaN NaN NaN NaN NaN NaN NaN NaN NaN NaN NaN NaN 6.65 14.55 6.75 1.5635231517 7.85 30.3453558739 30.2333333333 6.278511354 1.7969040394 1.498142394 15.45 28.05 13.15 6.1 6.65 10.35 7.75 7.05 7.55 30.69071197 30.4333333333 12.8666666667 4.2533326691 30.1450715499
NaN NaN NaN NaN NaN NaN NaN NaN NaN 30.35 18.25 7.95 15.25 10.4 10.2 6.05 5.65 5.55 5.45 5.35 5.25 5.15 5.45 5.55 5.45 5.75 4.1 6.35 6.65 NaN NaN NaN NaN NaN NaN NaN NaN NaN NaN NaN NaN NaN NaN NaN NaN NaN NaN NaN NaN NaN 7.2108185325 3.9618913743 7.35 6.8134491708 12.15 4.2666666667 9.7540925512 26.5 7.15 14.3615508071 6.435702243 8.05 13.45 5.8 7.25 10.65 7.95 10.35 8.25 7.95 7.85 7.95 7.35 12.65
NaN NaN NaN NaN NaN NaN NaN NaN NaN 8.05 20.65 7.75 10.5 7.7 7.6 5.85 5.55 5.75 5.75 5.95 5.45 5.55 5.65 5.15 5.85 5.45 4.2 4.8 9.55 6.65 NaN NaN NaN NaN NaN NaN NaN NaN NaN NaN NaN NaN NaN NaN NaN NaN NaN NaN NaN NaN NaN 7.25 7.65 7.35 22.95 10.15 7.05 12.9666666667 6.95 7.0615508071 8.45 8.35 30.45 12.05 3.2 7.45 26.3 30.35 7.95 7.95 7.95 11.3 6.9084518793 1.6928371643
NaN NaN NaN NaN NaN NaN NaN NaN NaN NaN 7.75 7.5 7.5 6.8 5.75 5.55 5.45 5.55 5.85 5.65 14.7 5.55 5.35 5.45 5.85 5.55 4.5 4.6 12.05 6.65 NaN NaN NaN NaN NaN NaN NaN NaN NaN NaN NaN NaN NaN NaN NaN NaN NaN NaN NaN NaN NaN NaN 7.85 7.65 8.25 9.6084518793 8.05 7.15 7.15 30.2923526966 15.35 10.45 30.65 10.65 30.15 8.55 8.15 8.15 12.95 7.95 12.75 10.25 3.7570224301 15.15
NaN NaN NaN NaN NaN NaN NaN NaN NaN NaN NaN NaN 7.4 7.8 5.35 5.85 5.65 5.95 5.45 5.75 30.6 5.35 5.45 5.85 5.45 5.45 4.4 4.3 4.3 NaN NaN NaN NaN NaN NaN NaN NaN NaN NaN NaN NaN NaN NaN NaN NaN NaN NaN NaN NaN NaN NaN NaN 11.6590193633 15.55 10.25 7.75 7.85 7.85 19.3635231517 30.3222222222 4.2 8.15 12.95 10.75 8.35 13.05 7.75 7.75 8.15 7.85 1.6726779369 4.3666666667 7.95 8.35
NaN NaN NaN NaN NaN NaN NaN NaN NaN NaN NaN NaN NaN NaN 5.55 5.75 5.65 5.85 5.75 6.05 9.7 5.45 NaN NaN NaN NaN NaN NaN NaN NaN NaN NaN NaN NaN NaN NaN NaN NaN NaN NaN NaN NaN NaN NaN NaN NaN NaN NaN NaN NaN NaN NaN 1.5969040394 20.25 10.65 20.55 7.95 1.3202728564 30.1021130107 8.9 8.15 8.35 8.25 10.45 23.25 30.6 12.85 7.65 8.25 30.55 15.65 14.85 30.35 13.05
NaN NaN NaN NaN NaN NaN NaN NaN NaN NaN NaN NaN NaN NaN NaN 5.75 17.2 5.55 5.85 5.35 5.45 NaN NaN NaN NaN NaN NaN NaN NaN NaN NaN NaN NaN NaN NaN NaN NaN NaN NaN NaN NaN NaN NaN NaN NaN NaN NaN NaN NaN NaN NaN NaN 7.25 10.25 7.85 7.95 8.05 30.45 7.05 7.25 30.35 8.05 13.05 6.4 7.95 31.15 28.15 18.15 7.95 12.85 8.25 7.75 6.91898463 7.25
NaN NaN NaN NaN NaN NaN NaN NaN NaN NaN NaN NaN NaN NaN NaN 5.45 5.35 5.45 5.65 NaN NaN NaN NaN NaN NaN NaN NaN NaN NaN NaN NaN NaN NaN NaN NaN NaN NaN NaN NaN NaN NaN NaN NaN NaN NaN NaN NaN NaN NaN NaN NaN NaN NaN NaN NaN 8.05 7.95 10.45 30.05 4.2 31.1 8.05 30.35 30.2 30.15 7.85 30.05 8.05 7.95 27.95 8.05 19.1758686137 15.35 9.65
NaN NaN NaN NaN NaN NaN NaN NaN NaN NaN NaN NaN NaN NaN NaN 5.25 5.25 5.25 NaN NaN NaN NaN NaN NaN NaN NaN NaN NaN NaN NaN NaN NaN NaN NaN NaN NaN NaN NaN NaN NaN NaN NaN NaN NaN NaN NaN NaN NaN NaN NaN NaN NaN NaN 7.75 7.75 22.35 20.05 30.6 6.8 30.4 13.25 31.1 7.95 10.45 8.05 7.95 30.55 8.05 6.6 10.35 7.65 8.35 10.45 28.25
NaN NaN NaN NaN NaN NaN NaN NaN NaN NaN NaN NaN NaN NaN NaN NaN NaN NaN NaN NaN NaN NaN NaN NaN NaN NaN NaN NaN NaN NaN NaN NaN NaN NaN NaN NaN NaN NaN NaN NaN NaN NaN NaN NaN NaN NaN NaN NaN NaN NaN NaN NaN NaN 7.85 23.15 30.7 30.35 6.9 30.45 16.7 8.25 20.95 22.9 4 10.65 7.95 7.85 10.75 13.35 30.35 15.65 8.05 30.35 30.65
NaN NaN NaN NaN NaN NaN NaN NaN NaN NaN NaN NaN NaN NaN NaN NaN NaN NaN NaN NaN NaN NaN NaN NaN NaN NaN NaN NaN NaN NaN NaN NaN NaN NaN NaN NaN NaN NaN NaN NaN NaN NaN NaN NaN NaN NaN NaN NaN NaN NaN NaN NaN NaN NaN NaN NaN NaN NaN NaN NaN NaN NaN NaN 7.65 7.95 7.75 7.85 7.75 7.85 20.45 8.05 7.95 8.05 7.85
