Outfile_2.asc
NCOLS 201
NROWS 151
XLLCORNER 730592.938286
YLLCORNER 2561222.529137
CELLSIZE 145.176046
NODATA_VALUE NaN
[rows 99 to 131 of 151, columns 75 to 149 of 201]
7.75 7.75 7.55 10.25 7.65 3.298142394 3.4714045971 3.9245006541 6.55 4.6666666667 6.85 3 4.6666666667 NaN 9.4166666667 4.6 4.5 4.5 4.3 4.3 6.45 6.75 6.95 6.55 5.4843909065 20.4032369137 5.1 11.6 6.55 6.65 30.2 7.05 6.95 6.75 6.95 1.1 1.2 1.2 6.85 30.2042261031 13.2245006541 30.1333333333 NaN NaN NaN 7.5660289775 30.0017858479 30.4062672167 30.3306599425 30.4428255525 15.1316790289 15.1524976531 10.6575575791 5.2635231517 7.253428636 11.8289342698 9.4639351726 6.85 22.7708927697 7.05 6.85 6.65 6.85 30.103030303 12.503030303 27.803030303 20.698142394 30.0777777778 5.8635231517 15.35 8.55 8.45 8.6 6.4 8.05
7.65 7.65 7.35 7.55 7.65 7.65 7.35 7.45 7.65 7.65 7.95 NaN 7.65 NaN 9.4042261031 3.8 4.2 3 4.3 4.3 4.2 6.75 6.435702243 6.45 5.7 1.2 6.75 9.55 6.85 16.2 6.95 7.15 7.15 7.05 16.4 1.2 6.75 6.25 6.05 5.95 30.19071197 13.3666666667 14.6969040394 NaN NaN 6.15 14.3217300308 6.85 6.85 17.7480521815 9.3217300308 30.6729948341 8.7333333333 5.5222222222 6.15 14.8 9.5129588438 12.2239042103 1.8804748005 7.05 2.3968852936 6.55 7.3758686137 9.3222222222 7.2222222222 7.6222222222 30.4202728564 5.4083333333 7.9021130107 6.4 3.7 16.45 16.75 16.55 7.95
7.65 7.45 7.45 7.35 7.45 7.35 7.35 7.65 7.65 7.65 7.65 NaN NaN NaN 9.3135735976 3.8 4.5 4.2 4.3 4.3 4.3 7.6 10.1 15.3 6.85 6.75 30.25 9.9 7.05 7.05 30.7 6.85 6.45 7.15 6.75 6.75 6.15 6.05 5.4192754236 8.1716618094 6.45 6.45 NaN NaN NaN NaN 17.0179068435 6.85 7.05 30.4555555556 30.6108185325 7.9666666667 9.4333333333 6.95 6.3 5.4 19.6 9.2635231517 7.5134491708 6.85 12.3333333333 6.75 5.65 6.55 30.6 30.2 7.65 7.95 12.95 13 8.45 8.95 13.95 11.45 8.15
12.55 7.35 7.35 7.9333333333 7.35 8.278511354 7.75 7.75 9.95 7.45 NaN NaN NaN NaN NaN 6.05 4.6 4.7 4.3 4.4 4.3 6.65 6.75 6.75 6.85 6.85 6.95 6.35 6.95 6.85 6.85 6.05 5.95 6.05 3.7 6.75 5.85 6.45 7.9681050248 7.8084518793 7 NaN NaN NaN NaN NaN NaN 24.8810980619 30.5969842853 10.2666666667 7.398142394 10.5023689097 7.4333333333 7.8222222222 5.2 17.6 7.1 30.2328101159 3.5384487607 6.2537203881 12.4333333333 14.9333333333 3.3901371761 6.05 7.55 12.75 10.35 5.4 8.05 8.05 7.75 8.65 4 7.75 6.85
6.3333333333 10.1 9.7 7.85 10.9333333333 7.85 7.45 7.35 7.35 7.35 7.65 7 NaN NaN NaN NaN 6.25 4.6 4.8 4.4 4.3 4.2 NaN NaN NaN NaN 30.5 6.75 6.75 6.55 6.75 6.15 NaN NaN 6.65 6.75 6.55 5.85 8.4703703704 6.85 6.45 NaN NaN NaN NaN NaN 5.95 17.6904286252 10.4659351537 13.9333333333 12.4284270273 17.517127024 7.5376787265 5.2202728564 30.1 7.2 9.8 7.3063281674 7.3923526966 30.3969040394 30.4666666667 9.65 7.15 15.9192754236 5.85 30.3 17.3 13.05 8.3 6.85 1.2 3.9 1.2 7.05 7.75
7.75 7.45 7.6666666667 22.7716618094 7.75 7.35 7.35 7.75 7.65 7.65 7.65 7.65 7.65 6.55 NaN NaN NaN NaN 6.65 4.5 4.2 6.45 NaN NaN NaN NaN 5.95 6.85 NaN 5.85 5.95 6.05 NaN NaN 5.95 5.85 5.95 6.55 3.4703703704 8.0333333333 4.4333333333 6.15 NaN NaN NaN NaN 6.05 5.95 10.5333333333 7 4.5 10.8467825041 9.6952995056 7.9013740557 9.6 30.3 9.6 7.2 30.2564102564 10.1901371761 7.9333333333 30.2333333333 30.5537203881 6.85 7.05 5.85 30.5 9.65 7.05 6.85 8.7 3.8 1.1 6.75 6.75
7.65 7.3681050248 7.65 7.65 7.403030303 7.55 1.2635231517 7.75 7.75 7.65 7.65 7.65 7.65 NaN 6.55 NaN NaN NaN NaN NaN NaN NaN NaN NaN NaN NaN 6.45 NaN NaN NaN NaN NaN NaN NaN NaN 6.85 5 5.9380952381 6.85 4.1622676031 6.7708234805 3.8743996038 6.05 30.19071197 20.1333333333 30.19071197 6.2534349239 4.0051154274 8.2559224131 30.3333333333 9.0450799339 7.8137183223 10.5681474842 30.2 30.3 7.1 7.1 6.95 6.95 6.95 30.61898463 30.3333333333 7.05 7.05 7.15 6.45 6.25 6.75 6.95 6.85 3.8 5 5 1 6.35
7.65 7.65 7.65 7.65 7.65 7.75 7.85 7.65 7.65 7.75 7.65 7.65 7.35 7.35 6.85 6.85 6.55 NaN NaN NaN NaN NaN NaN NaN NaN 5.85 6.45 NaN NaN NaN NaN NaN NaN NaN NaN 6.85 6.85 6.95 3.7322617446 4.1717820941 11.9014383581 6.05 7.7047871587 7.1 13.1245006541 5.647996552 17.8581491326 30.2520285504 30.0101105702 10.7037037037 30.3348730697 5.7644313952 7.5564102564 7.3 9.6 9.6 9.6 6.95 27.4063281674 6.95 9.5969040394 17.19071197 10.7666666667 7.15 7.15 3.2188440482 6.15 6.95 3.1 6.85 30.0202728564 5.2450715499 5.2564102564 6.45 6.45
7.65 7.65 7.65 1 7.65 7.65 7.65 7.85 7.75 7.75 7.65 7.65 7.65 7.65 6.85 6.85 6.85 7.35 NaN NaN NaN NaN NaN NaN 5.65 5.85 NaN NaN NaN NaN NaN NaN NaN NaN NaN 6.85 6.95 1.4670295079 6.75 6.85 30.6417852127 19.5192725435 11.5002041892 30.1600747221 7.5714045971 6.15 12.973998276 12.7033108961 7.9844898253 18.2714285714 16.5149362158 6.45 30.0768182948 5.2067245426 7 5 5.1 9.55 6.85 6.85 12.4901371761 30.2333333333 4.6333333333 7.0084518793 5.95 6.85 14.55 6.05 5.75 6.85 1.5268601941 1.4726779369 6.55 6.45 1.5166666667
3 7.65 7.65 7.65 1 7 7.35 7.75 7.85 12.75 7.75 7.75 7.65 7.65 6.85 6.85 6.85 7.35 NaN NaN NaN NaN NaN NaN NaN NaN NaN NaN NaN NaN NaN NaN NaN NaN 17.1 6.05 7.6 8.1755853852 4.3384753952 2.7417852127 9.4903557635 6.25 30.2983456956 30.3145671951 12.998142394 6.65 6.55 7.8768182948 5.4714045971 13.59071197 4.3333333333 6.55 11.5615508071 5.2484520197 5 5.2 7.05 6.95 7.05 9.4242242458 6.85 7.05 6.4333333333 4.7954770164 6.95 6.15 12.4513641714 6.15 5.85 6.85 30.61898463 3.9453558739 8.2111111111 4.1111111111 6.35
7.65 7.65 7.65 7.65 7.65 7.65 7 7.35 7.45 7.65 7.75 7.1 7.65 7.65 6.85 6.85 NaN 7.65 7.45 NaN NaN NaN NaN NaN NaN NaN NaN NaN NaN NaN NaN NaN NaN NaN NaN 5.95 9.6 6.25 6.25 12.02891678 30.447996552 6.25 10.3786681507 6.95 3.2183739396 6.45 6.45 6.85 6.75 7.7666666667 30.5570224301 11.09071197 7.5205792798 30.2094922192 15.4222222222 5 1.1 27.25 6.75 9.3013740557 6.85 6.85 4.5235829038 4.82568603 6.95 6.95 6.35 5.65 5.75 9.2666666667 30.8333333333 7.6 5.3570224301 2.6666666667 6.35
NaN NaN NaN NaN 7 7.65 7.35 7.35 7.35 9.95 7.35 7.75 7.85 7.65 6.85 6.35 NaN NaN NaN NaN NaN NaN NaN NaN NaN NaN NaN NaN NaN NaN NaN NaN NaN NaN NaN NaN NaN NaN 6.15 6.05 6.75 5.95 6.05 30.0380952381 3.1 6.55 6.55 7.3108185325 6.95 6.85 11.0084518793 24.6 8.0084518793 12.6134491708 5.9635231517 30.3 7.9 6.75 6.85 6.75 6.85 6.75 7.05 6.95 6.85 6.85 6.85 6.95 5.95 7.3111111111 1.8333333333 5.85 6.45 4.0761904762 3.5761904762
NaN NaN NaN NaN NaN NaN 7.35 7.35 7.35 3 7.45 7.35 7.45 7.65 NaN NaN NaN NaN NaN NaN 5.3 NaN NaN NaN NaN NaN NaN 6.95 6.95 NaN NaN NaN NaN NaN NaN NaN NaN NaN 6.15 6.05 6.75 5.95 5.95 6.35 6.65 7 6.15 6.25 6.45 6.75 22.7969040394 8.59071197 6.6666666667 30.3761904762 10.5777777778 7.05 6.95 3.2 6.85 6.85 28.0188440482 1.786310514 6.95 6.75 2.59071197 5.9380712638 8.2101516281 10.2716618094 1.5761904762 6.45 6.45 3.9384487607 3.9094922192 1.2777777778 6.85
NaN NaN NaN NaN NaN NaN NaN NaN 7.35 7.35 7.45 7.45 7.35 NaN 10.05 NaN NaN 7.65 NaN 5.2 5.2 NaN NaN NaN NaN NaN 7.05 6.95 6.95 NaN NaN NaN NaN NaN NaN NaN NaN NaN 6.05 12.2555555556 5.95 5.95 6.15 6.15 6.35 6.45 6.25 6.35 10.4 6.25 15.0166666667 30.3111111111 30.1570224301 9.747996552 30.1681050248 5.5081667897 30.6477647286 9.6 7.05 6.85 6.85 6.75 6.95 5.2941262079 4.5245006541 6.85 6.85 8.5237619586 3.3777777778 1.2635231517 1.3450715499 6.75 6.15 5.95 6.85
NaN NaN NaN NaN NaN NaN NaN NaN NaN NaN NaN NaN 7.25 7.45 14.75 10.05 5.3 NaN NaN 5.3 5.5 5.6 5.5 7.55 NaN 7.25 7.05 6.75 6.85 6.75 NaN NaN NaN NaN NaN NaN NaN NaN 6.05 15.2555555556 6.05 5.95 6.15 6.15 6.25 6.35 17.8 7.05 1.3 27.9635231517 11.0726779369 3.9333333333 10.4333333333 30.3666666667 8.9537203881 3.7267895821 5.898142394 3.8108185325 6.95 3.2 8.1 9.4710636516 7.35 4.0091218061 12.7375594364 6.85 12.05 5.9694840324 6.45 6.05 6.05 6.15 6.25 6.25 6.2
NaN NaN NaN NaN NaN NaN NaN NaN NaN NaN NaN NaN NaN 7.05 7.55 7.45 5.2 NaN 5.1 5.2 5.2 5.1 5.7 7.65 10.05 12.4 7.05 6.75 6.95 6.75 6.75 NaN NaN NaN NaN NaN NaN NaN NaN NaN NaN NaN NaN NaN 6.25 6.65 6.2 7.35 10.2 4.04984391 24.1513641714 11.4666666667 30.3 3.3 12.0333333333 12.15 4.0333333333 7.15 7.65 7.65 7.05 7.25 4.2165163336 6.85 6.85 6.95 6.45 7.4192754236 7.2188440482 6.35 6.35 5.95 6.15 3.8 6.15
NaN NaN NaN NaN NaN NaN NaN NaN NaN 6.95 22.25 7.05 6.85 6.85 7.25 7.25 5 5.2 5.1 5.2 5.1 5.3 4.9 5.1 4.65 8 6.95 6.95 6.75 6.75 6.75 NaN NaN NaN NaN NaN NaN NaN NaN NaN NaN NaN NaN NaN NaN 7.25 14.3 7.35 9 8.1289342698 6.75 1.6205792798 6.85 6.75 4.3333333333 5.8537203881 6.95 6.85 3.7 7.75 7.65 6.95 3.8564102564 6.85 7.6666666667 3.8 1.9084518793 1.3901371761 6.35 1.2067245426 6.35 5.6 3 6.05 6.25
NaN NaN NaN NaN NaN NaN NaN NaN NaN 6.95 7.2 7.25 7.15 7.15 9.75 7.15 5.3 5.1 5 5.5 5.5 5.2 5.2 5.25 4.65 8 9.45 30.1 5.95 5.95 5 NaN NaN NaN NaN NaN NaN NaN NaN NaN NaN NaN NaN NaN 7.15 7.25 30.4 9.75 3.6 3.8002805931 7.05 17.25 12.9703703704 1.61898463 6.9333333333 6.95 15.15 7.65 7.55 7.75 1 6.95 1.2242242458 6.75 7.05 6.95 5.2666666667 1.5716618094 6.35 3.2484520197 3 5.6 11.1 6.15 6.15
NaN NaN NaN NaN NaN NaN NaN NaN NaN 7.35 7.35 7.35 7.35 7.35 7.45 5 5 5 4.5 5.5 5.3 7.8 5.05 4.55 7.1 6.95 5.1 6.05 5.95 5.95 NaN NaN NaN NaN NaN NaN NaN NaN NaN NaN NaN NaN NaN NaN 7.55 9.65 7.15 6.95 6.95 7.15 9.85 7.05 7.05 1.5622501134 2.378511354 4.4333333333 6.75 21.5333333333 30.4222222222 7.75 3.7 30.45 6.85 6.75 6.95 6.95 21.4333333333 6.75 6.35 5.9094922192 6.45 3.1 6.35 7.25 3.9
NaN NaN NaN NaN NaN NaN NaN NaN NaN 7.35 7.45 7.45 9.95 7.25 5.1 5.1 4.8 5.1 5.2 5.2 5.45 5.25 4.55 4.65 7.2 5.2 6.15 6.05 5.95 5.95 NaN NaN NaN NaN NaN NaN NaN NaN NaN NaN NaN NaN NaN NaN NaN 1 7.05 7.25 7.15 6.85 6.75 7.45 7.25 1.5703703704 4.5333333333 6.85 7.7666666667 7.75 7.65 7 1 6.3 6.85 1.3108185325 6.95 6.75 6.75 6.9333333333 12.2666666667 6.45 5.8660289775 7.25 6.35 7.35 7.45
NaN NaN NaN NaN NaN NaN NaN NaN NaN 5.5 4.8 5.1 5 5.2 3.6 3.8 5 5.1 5.35 5.25 5.25 4.65 5.25 5.55 7.3 6.05 6.15 5.95 NaN NaN NaN NaN NaN NaN NaN NaN NaN NaN NaN NaN NaN NaN NaN NaN NaN NaN NaN 6.75 6.95 6.85 6.95 5.7 1.3380952381 1.3703703704 1.9333333333 6.85 6.85 1.3615508071 1.335702243 7.65 7.65 10.2 6.75 7.05 5.9450715499 6.75 6.75 6.9333333333 2.278511354 6.55 6.45 7.25 17.45 7.55 7.35
NaN NaN NaN NaN NaN NaN NaN NaN 5.6 5.8 4.7 4.9 5.1 5.15 5.45 5.25 5.25 5.15 5.25 5.15 5.15 5.35 5.05 4.95 5.55 6.05 6.05 6.05 NaN NaN NaN NaN NaN NaN NaN NaN NaN NaN NaN NaN NaN NaN NaN NaN NaN NaN NaN NaN NaN 6.95 1.1 6.85 7.5374901471 1.4681050248 4.6084518793 1 6.75 6.75 6.75 7.65 7.65 30.15 6.3 6.65 6.75 6.85 6.85 6.85 30.4 6.85 7.45 7.45 7.35 3.6 1
NaN NaN NaN NaN NaN NaN NaN NaN 7.65 7.85 7.45 5.1 19.7 5.45 5.25 5.35 5.25 5.15 5.25 5.15 5.15 5.15 5.55 5.25 5.35 6.65 6.15 6.15 NaN NaN NaN NaN NaN NaN NaN NaN NaN NaN NaN NaN NaN NaN NaN NaN NaN NaN NaN NaN NaN 6.65 6.75 6.65 1.3635231517 7.85 17.1453558739 15.5333333333 6.178511354 1.4969040394 1.298142394 7.55 15.25 7.65 3.2 6.55 7.15 7.55 6.95 7.15 7.69071197 17.1333333333 7.7666666667 4.0533326691 3.8450715499 1.2 7.15
NaN NaN NaN NaN NaN NaN NaN NaN 17.75 7.65 7.55 9.95 7.6 7.5 5.65 5.45 5.25 5.15 5.25 5.15 5.15 5.35 5.35 5.25 5.35 3.8 6.15 6.45 NaN NaN NaN NaN NaN NaN NaN NaN NaN NaN NaN NaN NaN NaN NaN NaN NaN NaN NaN NaN NaN 7.2108185325 1.3618913743 7.25 4.1134491708 6.95 1.6666666667 4.1540925512 6.2 6.95 1.4615508071 1.235702243 7.65 7.95 5.6 6.75 10.15 7.75 7.55 7.75 7.85 7.75 7.65 7.15 7.15 7.25 12.25
NaN NaN NaN NaN NaN NaN NaN NaN 7.65 10.25 7.35 10.2 7.5 7.4 5.55 5.25 5.45 5.25 5.45 5.25 5.35 5.25 4.95 5.65 5.05 3.8 4.2 6.35 6.45 NaN NaN NaN NaN NaN NaN NaN NaN NaN NaN NaN NaN NaN NaN NaN NaN NaN NaN NaN NaN NaN 7.25 7.45 7.25 9.25 7.55 6.75 2.6666666667 6.85 1.4615508071 7.85 7.65 20.75 6.95 3 6.95 13.4 7.75 7.75 7.65 7.75 3.7 6.9084518793 1.3928371643 7.25 7.15
NaN NaN NaN NaN NaN NaN NaN NaN NaN 7.65 7.5 7.5 6.7 5.45 5.35 5.15 5.25 5.45 5.35 7.1 5.35 5.25 5.25 5.55 5.25 4.2 4.2 6.35 6.45 NaN NaN NaN NaN NaN NaN NaN NaN NaN NaN NaN NaN NaN NaN NaN NaN NaN NaN NaN NaN NaN NaN 7.45 7.35 7.75 1.9084518793 7.65 6.75 6.75 1.2923526966 7.65 10.35 11.45 7.65 7.75 7.95 7.75 7.85 7.55 7.65 7.55 7.55 3.6570224301 9.85 1.3333333333 3.9345325216
NaN NaN NaN NaN NaN NaN NaN NaN NaN NaN NaN 7.4 7.8 5.35 5.65 5.35 5.15 5.15 5.45 3.7 5.15 5.15 5.65 5.35 5.45 4.4 4.3 4.2 NaN NaN NaN NaN NaN NaN NaN NaN NaN NaN NaN NaN NaN NaN NaN NaN NaN NaN NaN NaN NaN NaN NaN 8.9590193633 7.45 7.55 7.65 7.55 7.65 6.4635231517 1.3222222222 1.2 7.95 10.25 7.95 8.05 7.65 7.65 7.65 7.75 7.55 1.3726779369 1.6666666667 7.75 7.95 7.45 7.35
NaN NaN NaN NaN NaN NaN NaN NaN NaN NaN NaN NaN NaN 5.45 5.55 5.35 5.35 5.35 5.65 7.1 5.25 NaN NaN NaN NaN NaN NaN NaN NaN NaN NaN NaN NaN NaN NaN NaN NaN NaN NaN NaN NaN NaN NaN NaN NaN NaN NaN NaN NaN NaN NaN 1.4969040394 7.55 7.65 7.65 7.55 1.2202728564 1.2021130107 6.1 7.75 8.15 7.95 10.45 7.65 6.2 12.85 7.65 7.75 7.75 7.65 6.85 6.85 12.85 7.75 6.55
NaN NaN NaN NaN NaN NaN NaN NaN NaN NaN NaN NaN NaN NaN 5.35 7 5.15 5.35 5.25 5.25 NaN NaN NaN NaN NaN NaN NaN NaN NaN NaN NaN NaN NaN NaN NaN NaN NaN NaN NaN NaN NaN NaN NaN NaN NaN NaN NaN NaN NaN NaN NaN 7.25 7.55 7.55 7.75 7.55 7.55 6.85 6.95 24.55 7.75 7.65 1.1 7.65 30.55 17.85 7.75 7.75 7.75 7.75 7.65 1.61898463 6.95 8.878511354 6.55
NaN NaN NaN NaN NaN NaN NaN NaN NaN NaN NaN NaN NaN NaN 5.35 5.15 5.15 5.35 NaN NaN NaN NaN NaN NaN NaN NaN NaN NaN NaN NaN NaN NaN NaN NaN NaN NaN NaN NaN NaN NaN NaN NaN NaN NaN NaN NaN NaN NaN NaN NaN NaN NaN NaN NaN 7.65 7.65 10.15 15.25 3.8 30.5 7.85 12.85 1.1 7.65 7.65 7.75 7.65 7.65 10.35 7.85 3.9758686137 12.75 6.85 1.1 8.8856743286
NaN NaN NaN NaN NaN NaN NaN NaN NaN NaN NaN NaN NaN NaN 5.25 5.15 5.25 NaN NaN NaN NaN NaN NaN NaN NaN NaN NaN NaN NaN NaN NaN NaN NaN NaN NaN NaN NaN NaN NaN NaN NaN NaN NaN NaN NaN NaN NaN NaN NaN NaN NaN NaN 7.55 7.55 6.85 7.15 1.1 1.3 1.6 7.55 6.3 7.55 10.25 7.75 7.65 12.65 7.65 1 7.55 7.55 7.95 10.25 10.35 7.65 8.4570224301
NaN NaN NaN NaN NaN NaN NaN NaN NaN NaN NaN NaN NaN NaN NaN NaN NaN NaN NaN NaN NaN NaN NaN NaN NaN NaN NaN NaN NaN NaN NaN NaN NaN NaN NaN NaN NaN NaN NaN NaN NaN NaN NaN NaN NaN NaN NaN NaN NaN NaN NaN NaN 7.75 7.85 1.2 7.15 3.9 12.85 3.7 7.85 7.95 3.8 1.2 7.75 7.65 7.65 7.75 7.65 7.65 7.75 7.65 12.95 7.65 4.3666666667 7.75
NaN NaN NaN NaN NaN NaN NaN NaN NaN NaN NaN NaN NaN NaN NaN NaN NaN NaN NaN NaN NaN NaN NaN NaN NaN NaN NaN NaN NaN NaN NaN NaN NaN NaN NaN NaN NaN NaN NaN NaN NaN NaN NaN NaN NaN NaN NaN NaN NaN NaN NaN NaN NaN NaN NaN NaN NaN NaN NaN NaN NaN NaN 7.55 7.75 7.55 7.55 7.55 7.65 10.25 7.55 7.65 7.75 7.65 1.4267895821 4.1084518793
