Outfile_1.asc
NCOLS 201
NROWS 151
XLLCORNER 730592.938286
YLLCORNER 2561222.529137
CELLSIZE 145.176046
NODATA_VALUE NaN
[rows 99 to 131 of 151, columns 75 to 149 of 201]
7.4 7.5 7.45 7.9 8.55 8.498142394 9.9714045971 12.0245006541 6.45 9.9166666667 6.8 7.85 11.0666666667 NaN 1.5666666667 4.65 4.5 4.5 4.2 4.35 6.75 6.9 7.6 6.95 6.4343909065 5.9532369137 5.9 14.998 6.75 6.7 4.6 7.2 6.95 7.4 7 14.971 14.97 10.5 7.05 4.9542261031 5.4745006541 4.8333333333 NaN NaN NaN 4.7660289775 1.4517858479 5.2562672167 5.2306599425 2.4428255525 4.6816790289 2.2024976531 5.8575575791 6.1135231517 4.803428636 1.9789342698 2.0639351726 7.1 2.7208927697 7.55 6.95 6.7 6.7 4.853030303 4.653030303 4.653030303 4.798142394 5.0277777778 9.3135231517 9.5 17 18.4 13.25 11 7.8
7.3 7.9 10.4 8.4 7.9 12.3 7.1 7.25 8 7.5 8.75 NaN 7.55 NaN 1.6042261031 3.7 4.2 7.35 4.45 4.75 4.55 6.95 10.135702243 7.05 8.25 15.011 7.05 6.95 8 13.9 7.65 8.3 6.75 7 12.55 14.1 7.05 6 6.2 6 5.99071197 3.0166666667 1.6969040394 NaN NaN 5.95 1.9717300308 6.8 7 2.7480521815 1.6217300308 2.2729948341 8.8833333333 5.8722222222 6.4 4.5 1.8129588438 2.4239042103 12.2804748005 8.45 12.9968852936 7.1 4.9258686137 2.2222222222 4.9222222222 4.9722222222 4.6202728564 5.8083333333 5.8521130107 13.05 18.4 11.5 13.25 11.9 9.25
7.6 7.45 7.3 7.85 8.45 7.25 7.35 10.15 7.55 8.45 7.35 NaN NaN NaN 1.5135735976 3.7 4.65 4.45 4.35 4.4 4.5 5.45 5.85 5.7 6.75 6.75 7.15 4.5 7.05 7.45 4.8 7.25 6.85 7.65 7 6.65 6 6.3 5.8692754236 6.0216618094 6.65 6.65 NaN NaN NaN NaN 1.8679068435 7.3 7.65 2.7555555556 1.6608185325 5.1166666667 1.6833333333 7.1 9.8 5.75 4.65 1.7635231517 5.0134491708 6.7 4.8333333333 6.65 5.8 6.8 1.6 1.7 8.15 8.35 8.35 4.6 8.4 17.35 11.55 11.75 9.55
7.35 7.85 8.3 5.1333333333 8.3 5.378511354 7.45 7.55 7.8 7.3 NaN NaN NaN NaN NaN 5.95 4.45 4.6 4.2 4.4 4.2 6.7 6.8 6.6 6.85 7.85 7 6.55 7.3 7.05 7.35 6.45 6.15 6.35 11.05 6.65 6.15 6.6 6.1181050248 5.5084518793 4.55 NaN NaN NaN NaN NaN NaN 2.0810980619 2.3469842853 2.7666666667 4.848142394 5.4023689097 5.0833333333 5.9222222222 5.55 5.6 4.95 4.5828101159 9.4384487607 8.5537203881 4.7833333333 2.2833333333 10.4901371761 5.8 9.85 8.1 14.45 6.1 10.6 14.05 8.05 12.5 15.95 9.7 8.15
12.5833333333 5.3 4.3 8.65 8.5333333333 8.1 7.25 7.7 7.3 9.3 7.55 4.25 NaN NaN NaN NaN 6.35 4.7 4.8 4.35 4.45 4.7 NaN NaN NaN NaN 4.8 6.75 6.9 6.9 7.1 6.3 NaN NaN 6.7 6.8 6.65 5.9 8.9703703704 6.95 6.6 NaN NaN NaN NaN NaN 6.2 2.4904286252 2.7159351537 3.9833333333 8.2784270273 2.317127024 5.4376787265 5.8202728564 5.45 4.8 4.55 4.8063281674 4.6923526966 4.8969040394 3.0166666667 7 7.6 8.4692754236 5.7 7.85 5 7.65 9.8 7.7 19.85 25.044 16.8 7.05 13.4
7.7 7.3 4.9166666667 4.8216618094 9 7.25 7.25 9.8 7.4 7.5 8.1 7.7 7.45 6.45 NaN NaN NaN NaN 6.5 4.55 4.55 6.6 NaN NaN NaN NaN 6.35 6.9 NaN 6 5.9 5.7 NaN NaN 6.15 6.35 6.05 6.9 12.6703703704 5.2333333333 15.0973333333 6.1 NaN NaN NaN NaN 6.2 6.3 5.4333333333 4.4 16.85 6.1467825041 4.8452995056 5.7513740557 4.9 4.6 4.5 4.5 4.7064102564 4.9901371761 5.4833333333 8.1333333333 2.5537203881 6.8 6.85 6.1 4.8 7.05 6.8 7.55 9.65 14.7 24.915 6.9 6.9
8.1 4.7681050248 7.5 8.1 4.503030303 9.35 9.5135231517 8.25 7.6 8.6 7.6 8.75 7.7 NaN 6.45 NaN NaN NaN NaN NaN NaN NaN NaN NaN NaN NaN 6.6 NaN NaN NaN NaN NaN NaN NaN NaN 6.95 5.7 7.7380952381 7.1 10.7122676031 14.9608234805 9.2743996038 6.05 2.74071197 4.8333333333 5.89071197 6.5534349239 8.9051154274 6.0059224131 5.3333333333 6.8950799339 5.1637183223 5.8181474842 4.45 4.7 4.6 4.45 8.25 7.15 6.95 5.41898463 5.3833333333 8 7.2 6.75 6.35 6.15 6.7 6.6 6.75 14 5.4 5.7 24.955 6.6
7.55 7.45 8.45 7.5 7.4 7.45 7.35 7.5 7.5 7.75 7.65 7.55 7.35 8.85 7 7 6.5 NaN NaN NaN NaN NaN NaN NaN NaN 5.65 6.4 NaN NaN NaN NaN NaN NaN NaN NaN 7.65 7 7.9 9.0322617446 8.6717820941 14.9324383581 6.1 9.1047871587 4.8 5.2245006541 5.997996552 5.0581491326 6.2020285504 5.4601105702 8.8537037037 2.9848730697 6.2644313952 5.0064102564 4.85 4.55 4.45 4.7 7 4.7063281674 7.3 2.3969040394 16.09071197 24.9256666667 6.85 6.9 8.4188440482 6 6.7 7.6 6.85 5.8702728564 5.8950715499 5.6564102564 6.85 6.6
8.1 7.55 8.15 11.25 11.75 8.05 8.05 8 7.6 7.95 9.7 8.2 8.75 8.25 7 6.95 6.8 7.35 NaN NaN NaN NaN NaN NaN 5.4 5.8 NaN NaN NaN NaN NaN NaN NaN NaN NaN 7.9 7.65 11.8170295079 7.05 6.95 14.1417852127 4.4192725435 6.4002041892 5.6100747221 5.0214045971 6.5 5.773998276 5.0533108961 5.5344898253 9.9714285714 6.5649362158 6.45 5.0268182948 6.2067245426 4.45 5.65 5.65 9.15 7.3 6.85 5.3401371761 13.0833333333 18.0333333333 11.7584518793 6.15 7 6.8 6.25 5.8 6.6 15.2768601941 15.5226779369 6.65 6.85 16.8666666667
7.85 8.65 7.5 7.4 9.2 4.35 7.1 8.15 7.6 8.75 9.7 8.1 7.5 8.3 6.85 6.95 6.8 7.15 NaN NaN NaN NaN NaN NaN NaN NaN NaN NaN NaN NaN NaN NaN NaN NaN 4.35 6.45 5.45 6.3755853852 15.0504753952 15.0267852127 15.0053557635 6.35 5.4483456956 5.3145671951 5.998142394 6.8 6.7 6.0768182948 5.6714045971 6.14071197 21.2833333333 6.45 5.1115508071 5.9984520197 5.7 5.75 7.25 9.15 7 1.7742242458 7 6.8 11.9333333333 12.1454770164 9.25 6.05 4.7013641714 6.15 6.1 6.7 6.11898463 9.8953558739 6.4611111111 8.5611111111 7.1
7.7 7.8 7.5 8.65 7.5 8.05 4.4 7.4 7.3 7.6 7.6 4.35 10.1 8 6.85 6.95 NaN 7.35 7.1 NaN NaN NaN NaN NaN NaN NaN NaN NaN NaN NaN NaN NaN NaN NaN NaN 6.2 4.8 6.35 6.35 15.02491678 5.597996552 6.2 5.4286681507 8.05 14.6183739396 6.85 6.8 7.3 8.05 5.3666666667 7.0570224301 6.04071197 5.8205792798 5.1094922192 5.9222222222 5.8 18.85 6.95 7.7 2.0513740557 7.15 7 14.2735829038 24.96468603 7.35 7.15 6.3 6.1 6.05 7.7166666667 14.0333333333 5.5 13.0070224301 15.7666666667 7.05
NaN NaN NaN NaN 4.05 7.5 8.95 7.9 7.8 7.2 7.3 7.55 7.5 8 6.7 6.1 NaN NaN NaN NaN NaN NaN NaN NaN NaN NaN NaN NaN NaN NaN NaN NaN NaN NaN NaN NaN NaN NaN 6.05 6.2 7.2 6.35 6.65 14.5380952381 9.8 6.8 6.95 4.8108185325 8.9 7.1 6.7084518793 4.75 6.0584518793 5.3134491708 8.5635231517 5.65 6.1 7.15 7.8 7.15 7.15 6.95 7.1 8.15 7.65 9.4 6.85 6.85 5.85 14.5611111111 16.5333333333 6.15 7 20.1261904762 13.7761904762
NaN NaN NaN NaN NaN NaN 7.15 7.25 7.05 7.75 9.05 7.85 7.8 7.2 NaN NaN NaN NaN NaN NaN 5.2 NaN NaN NaN NaN NaN NaN 7.25 6.95 NaN NaN NaN NaN NaN NaN NaN NaN NaN 6.3 6.5 7.55 6.2 6.2 6.5 6.9 4.55 6.3 6.35 6.45 6.95 5.1969040394 6.09071197 8.9666666667 13.1261904762 6.3777777778 7.85 7.1 9.75 7.15 7.05 4.8688440482 13.936310514 7.95 7.3 16.94071197 24.9890712638 6.1601516281 5.4716618094 11.2261904762 6.45 6.85 14.7384487607 12.4094922192 12.2277777778 7.7
NaN NaN NaN NaN NaN NaN NaN NaN 7.65 11.95 7.2 7.7 7.65 NaN 7.1 NaN NaN 7.05 NaN 5 5.7 NaN NaN NaN NaN NaN 7.25 7.65 6.95 NaN NaN NaN NaN NaN NaN NaN NaN NaN 6.1 2.0555555556 6.6 6.3 6.7 6.9 6.85 6.85 6.35 6.35 5.75 6.45 5.0666666667 6.8611111111 11.3570224301 6.347996552 4.9181050248 6.1081667897 5.1977647286 4.55 8.3 7 6.8 7.1 7.4 16.7941262079 19.1245006541 7.65 6.8 7.9237619586 7.8277777778 17.1635231517 11.2950715499 7 6.2 6.35 7
NaN NaN NaN NaN NaN NaN NaN NaN NaN NaN NaN NaN 7.1 8 6.95 7.3 4.95 NaN NaN 5.2 5.55 5.3 5.2 8.3 NaN 7.05 6.95 6.85 7 6.65 NaN NaN NaN NaN NaN NaN NaN NaN 6.1 5.0555555556 6.3 6.05 6.7 6.7 6.75 6.95 5.7 7.6 14.2 5.7135231517 23.2226779369 10.8833333333 10.9833333333 5.1166666667 8.1037203881 9.0267895821 10.348142394 10.7108185325 7.55 9.15 4.85 1.8210636516 7 11.5591218061 5.6375594364 7.2 7.4 9.8694840324 7.65 6.45 6.1 6.4 6.35 5.9 11.6
NaN NaN NaN NaN NaN NaN NaN NaN NaN NaN NaN NaN NaN 6.75 8.35 7.2 4.75 NaN 5.5 5.7 5.1 5.2 5.1 7.2 8.25 7.15 7 6.95 7.45 6.85 6.9 NaN NaN NaN NaN NaN NaN NaN NaN NaN NaN NaN NaN NaN 6.55 6.65 24.951 7.75 5.75 15.29984391 13.4013641714 10.5666666667 5.45 8 15.2333333333 6.8 10.3333333333 6.65 8.1 9.9 7 7.75 13.5165163336 6.6 6.8 6.95 6.6 5.2692754236 4.6688440482 6.85 7 6.25 6.15 18.9 6.3
NaN NaN NaN NaN NaN NaN NaN NaN NaN 6.65 6.65 6.8 6.65 6.75 7.1 7.7 5 5.15 5.4 5.05 4.9 4.8 4.85 5.35 4.6 10.3 6.75 6.8 6.95 6.85 6.75 NaN NaN NaN NaN NaN NaN NaN NaN NaN NaN NaN NaN NaN NaN 7.35 5.7 7.35 13.85 5.7289342698 7.3 12.1705792798 6.7 6.85 17.2833333333 6.1037203881 6.65 6.75 14.8 8.2 9.65 7.7 24.9584102564 7.6 5.4166666667 14.7 25.0624518793 21.1401371761 6.95 18.6567245426 6.75 9.2 20.1 6.3 6.15
NaN NaN NaN NaN NaN NaN NaN NaN NaN 6.9 4.25 7.05 7.15 7.7 6.9 6.85 4.95 5.05 4.95 5.3 5.25 5.1 5.1 4.95 4.45 8.25 6.7 4.35 6.2 6 5.3 NaN NaN NaN NaN NaN NaN NaN NaN NaN NaN NaN NaN NaN 7 12 5.7 7.8 14.3 10.7502805931 8.1 7 2.0703703704 18.26898463 16.7833333333 6.85 8.15 7.35 7.5 9.1 9.55 7.1 16.3242242458 6.8 7.6 8.25 19.8166666667 12.7216618094 6.6 10.5484520197 8 9.4 13.7 6.35 6.15
NaN NaN NaN NaN NaN NaN NaN NaN NaN 7.15 7.1 7.65 7.1 7.05 6.95 4.85 4.8 5.1 4.15 5.35 4.95 5.2 5.05 4.5 6.8 6.75 5.9 6.15 6.1 6.05 NaN NaN NaN NaN NaN NaN NaN NaN NaN NaN NaN NaN NaN NaN 7.1 7.25 8.75 9 7.2 7.2 7.5 7.7 7.05 10.2122501134 16.728511354 17.9833333333 6.8 14.8333333333 4.7722222222 8.7 13.65 8.2 6.9 6.95 7 7 15.9333333333 7 6.5 9.9594922192 6.8 9.7 6.45 8.15 17.15
NaN NaN NaN NaN NaN NaN NaN NaN NaN 7.15 8.1 7.05 7.1 7.05 4.8 4.8 4.65 4.9 4.9 4.75 5.25 4.85 4.35 4.5 7.65 5.25 6.15 6.15 5.8 6 NaN NaN NaN NaN NaN NaN NaN NaN NaN NaN NaN NaN NaN NaN NaN 10.75 7.15 7.25 7.9 6.85 7.7 7.85 7.3 19.1203703704 14.4833333333 6.55 5.2166666667 13.7 7.5 4.75 17.7 13.8 7.3 15.5608185325 7.75 7.05 6.9 16.8333333333 2.5166666667 6.65 8.9160289775 8.15 7.35 7.55 8.5
NaN NaN NaN NaN NaN NaN NaN NaN NaN 4.85 4.45 5 5 5.6 10.95 9.25 4.85 5 4.9 5.05 5 4.45 5.15 5.4 6.95 5.85 5.95 5.7 NaN NaN NaN NaN NaN NaN NaN NaN NaN NaN NaN NaN NaN NaN NaN NaN NaN NaN NaN 6.75 6.8 7 7.05 11.8 25.0890952381 24.9793703704 12.4833333333 6.75 6.8 10.8115508071 12.035702243 9.25 8.85 5.85 6.85 6.95 12.4950715499 7.1 7 21.4833333333 19.078511354 6.7 6.7 8.4 9.35 21.85 15.85
NaN NaN NaN NaN NaN NaN NaN NaN 4.85 5.05 4.45 4.7 5.1 5.2 5 5.2 5.2 5.25 4.95 5.05 5.05 5.05 4.6 4.8 5.25 5.85 5.85 6.05 NaN NaN NaN NaN NaN NaN NaN NaN NaN NaN NaN NaN NaN NaN NaN NaN NaN NaN NaN NaN NaN 7 13.8 7.25 5.1374901471 14.1681050248 11.3084518793 11.6 6.75 7.15 7.55 7.9 8.9 12 24.93 6.7 6.95 6.9 7.7 7.65 1.5 7.2 10.85 12.75 12.85 24.94 14.2
NaN NaN NaN NaN NaN NaN NaN NaN 8.25 8 10.8 4.85 4.3 5 5 5.1 5 5.3 5.1 4.95 4.95 4.95 4.95 4.85 5.2 6.6 6.15 5.95 NaN NaN NaN NaN NaN NaN NaN NaN NaN NaN NaN NaN NaN NaN NaN NaN NaN NaN NaN NaN NaN 8.85 7 7.65 10.8635231517 13.75 20.0453558739 9.0833333333 7.028511354 13.7969040394 14.048142394 8.1 11.25 7.95 10.2 6.35 7.2 9.7 7.05 6.95 18.69071197 18.9333333333 5.3166666667 14.7533326691 18.4950715499 17.45 13.05
NaN NaN NaN NaN NaN NaN NaN NaN 7.45 7.5 7.75 7.6 7.4 9.3 5.1 5.15 5.2 5.2 5 5.1 5 4.95 5.25 4.7 5 3.6 6.1 6.95 NaN NaN NaN NaN NaN NaN NaN NaN NaN NaN NaN NaN NaN NaN NaN NaN NaN NaN NaN NaN NaN 5.0108185325 12.7118913743 7.6 13.9634491708 7.15 14.1666666667 13.6040925512 12.75 7.55 14.6615508071 14.435702243 7.9 7.55 9.2 6.85 10.55 11.85 8.2 9.05 10.95 21.55 7.45 8.55 8.05 11.85 8.15
NaN NaN NaN NaN NaN NaN NaN NaN 7.2 8.6 7.05 7.3 9.05 8 4.95 5.15 5.15 5.1 5.1 4.85 5 5 4.75 5.3 4.7 3.55 4.05 6.65 6.3 NaN NaN NaN NaN NaN NaN NaN NaN NaN NaN NaN NaN NaN NaN NaN NaN NaN NaN NaN NaN NaN 8.25 10.9 7.45 10.6 11.35 6.95 17.1166666667 7 15.2115508071 7.65 10.4 8.35 7.05 7.5 7.1 8.05 8.75 7.9 9.8 9.2 13.95 15.3084518793 16.4428371643 8.5 7.5
NaN NaN NaN NaN NaN NaN NaN NaN NaN 7.9 8.05 8.55 6.8 4.9 5.05 4.95 5.2 5.1 5 4.25 5.1 4.8 5.1 5.1 5 3.8 3.95 6.4 6.2 NaN NaN NaN NaN NaN NaN NaN NaN NaN NaN NaN NaN NaN NaN NaN NaN NaN NaN NaN NaN NaN NaN 8.85 9.3 9.95 13.1084518793 10.6 8.15 7 10.8923526966 7.9 11.85 12 8.75 9.35 9.15 11.85 9.8 8.05 10.35 9.2 10.45 19.8570224301 9.2 25.0393333333 11.2845325216
NaN NaN NaN NaN NaN NaN NaN NaN NaN NaN NaN 7.15 7.3 5.2 5.2 5.25 5.15 4.95 5 11.75 5.2 5.3 5.05 5.05 5.15 4.2 4.15 4.2 NaN NaN NaN NaN NaN NaN NaN NaN NaN NaN NaN NaN NaN NaN NaN NaN NaN NaN NaN NaN NaN NaN NaN 6.6590193633 11 12.55 8 8.25 8.65 13.9635231517 20.9222222222 10.05 10.2 15.6 8.75 7.75 13.05 9.75 8.2 8.7 8.8 14.0226779369 20.8666666667 8.8 14.55 8.25 7.2
NaN NaN NaN NaN NaN NaN NaN NaN NaN NaN NaN NaN NaN 4.85 5.15 5.5 5.15 5 5.05 4.4 5 NaN NaN NaN NaN NaN NaN NaN NaN NaN NaN NaN NaN NaN NaN NaN NaN NaN NaN NaN NaN NaN NaN NaN NaN NaN NaN NaN NaN NaN NaN 12.4969040394 9.85 12.55 10 10.1 24.9742728564 11.4021130107 13.95 8.45 8.55 10.6 8.55 11.95 13.65 8 8.85 13.2 9.95 9.6 7.65 7.7 9.3 7.9 6.8
NaN NaN NaN NaN NaN NaN NaN NaN NaN NaN NaN NaN NaN NaN 4.95 4.55 5 4.9 5.1 4.85 NaN NaN NaN NaN NaN NaN NaN NaN NaN NaN NaN NaN NaN NaN NaN NaN NaN NaN NaN NaN NaN NaN NaN NaN NaN NaN NaN NaN NaN NaN NaN 16.55 14.15 24.939 9.45 9.6 9.5 6.95 7.55 9.65 15.35 8.6 18.45 11.95 9.5 8.4 8.7 7.55 11.25 8.6 15.85 11.76898463 6.9 7.628511354 6.85
NaN NaN NaN NaN NaN NaN NaN NaN NaN NaN NaN NaN NaN NaN 5 5.15 5.05 5 NaN NaN NaN NaN NaN NaN NaN NaN NaN NaN NaN NaN NaN NaN NaN NaN NaN NaN NaN NaN NaN NaN NaN NaN NaN NaN NaN NaN NaN NaN NaN NaN NaN NaN NaN NaN 9.45 9.55 18.3 12.9 25.049 10.45 12.5 19 24.97 10 10.05 8.75 12.2 7.75 9.6 8.15 18.8758686137 8.05 6.95 10.45 11.4356743286
NaN NaN NaN NaN NaN NaN NaN NaN NaN NaN NaN NaN NaN NaN 4.9 5.1 5 NaN NaN NaN NaN NaN NaN NaN NaN NaN NaN NaN NaN NaN NaN NaN NaN NaN NaN NaN NaN NaN NaN NaN NaN NaN NaN NaN NaN NaN NaN NaN NaN NaN NaN NaN 7.65 10.65 8.6 7.85 24.913 14.65 14.8 8.3 18.45 9.95 18.25 9.55 8.4 8.7 12.65 11.45 8.15 8.25 8.25 8.9 12.4 13 15.3570224301
NaN NaN NaN NaN NaN NaN NaN NaN NaN NaN NaN NaN NaN NaN NaN NaN NaN NaN NaN NaN NaN NaN NaN NaN NaN NaN NaN NaN NaN NaN NaN NaN NaN NaN NaN NaN NaN NaN NaN NaN NaN NaN NaN NaN NaN NaN NaN NaN NaN NaN NaN NaN 9.65 12 13.5 7.7 16.7 11.5 11.7 11 8.25 17.6 21.65 13.55 14.4 8.8 8.05 9.5 9.1 7.75 9.1 9 8.2 14.6666666667 8.75
NaN NaN NaN NaN NaN NaN NaN NaN NaN NaN NaN NaN NaN NaN NaN NaN NaN NaN NaN NaN NaN NaN NaN NaN NaN NaN NaN NaN NaN NaN NaN NaN NaN NaN NaN NaN NaN NaN NaN NaN NaN NaN NaN NaN NaN NaN NaN NaN NaN NaN NaN NaN NaN NaN NaN NaN NaN NaN NaN NaN NaN NaN 9.15 9.8 9.45 23.4 7.95 9.25 8.2 11.35 10.65 10 10.2 17.9267895821 8.7584518793
