Outfile_4.asc
NCOLS 201
NROWS 151
XLLCORNER 730592.938286
YLLCORNER 2561222.529137
CELLSIZE 145.176046
NODATA_VALUE NaN
[rows 33 to 65 of 151, columns 74 to 147 of 201]
6.6 6.7 6.8 6.9 6 6.1 6.1 6.6 6.4 6.1 6.8 7.1 5.4 7.1 17.5 12.5 7.7 30.3 10.2 10 27.1 6.6 19.3 16.9 6.8 4.2 30.2 30.4 30.1777777778 30.3761904762 30.4666666667 8.7666666667 30.4761904762 30.4777777778 14.4 30.7 12.5393193566 30.2533326691 7 8.1540925512 29.7 16.3333333333 30.1111111111 30.3166666667 30.5777777778 30.4 31.1660289775 30.4134491708 8.5084518793 7.8183739396 4.8535234292 7.15 6.85 30.6666666667 20.3111111111 7.85 7.55 7.65 10.45 7.75 7.85 8.25 8.15 7.95 30.25 13.05 15.35 10.45 10.25 8.25 10.55 9.85 12.65 7.95
6.8 6.6 6.6 7 5.1 16.9 6.6 6.4 6.2 7 6.2 6.8 6.9 9.8 30.5 29.5 30.4 9.8 9.8 7.3 7.8 7.7 24.3 6.7 4.4 12.1 30.1 12 13.1777777778 30.6761904762 7.3 30.5666666667 30.5761904762 30.5777777778 30.7 7.2 7.3564102564 10.7134491708 9.9084518793 11.5 10.6666666667 8.0111111111 30.8666666667 30.5726779369 7.2635231517 30.5311250567 30.1135735976 30.3 8.8666666667 6.95 6.95 7.05 6.95 30.4666666667 7.55 7.55 7.85 7.55 7.75 7.75 10.25 19.45 30.15 8.05 8.25 7.95 7.85 7.75 7.95 8.25 30.15 7.95 7.35 15.1
6.6 6 30.4 7 19.4 5.8 4 30.2 6.9 6.5 6 6.8 7.4 30.9 7.3 31.2 30.7 7.5 7.4 8 7.4 30.3 4.1 14.4 6.7 4.3 16.9 5.1 20.7777777778 13.5761904762 30.5666666667 30.4666666667 22.2761904762 22.5777777778 30.4 12.613394791 7.2858309864 7.4761904762 7.1 30.2570224301 30.547996552 30.6376880965 5.6533326691 4.4768182948 14.6222222222 30.2946277864 10.1376880965 30.5245006541 30.4 7.05 6.95 9.4777777778 7.15 7.15 7.55 7.55 7.85 30.4108185325 22.75 30.7 7.85 18.25 17.75 7.95 12.95 13.35 10.75 10.45 18.25 15.45 12.85 30.25 7.65 7.65
7.5 6.7 6.7 7 6.5 6.7 30.5 14 6.8 30.7 6 6.8 7 6.5 6.6 7.4 12.6 10 4.1 9.2 30.2 30.8 5.2 7 30.6 30.6 30.3 30.2021130107 13.1847858837 30.2761904762 9.9 9.9 30.4761904762 16.8777777778 19.2 17.6602895721 14.6874920661 30.3666666667 9.4570224301 8.278511354 9.5578685395 30.373998276 4.5393193566 7.114274771 30.5730772833 17.2928371643 30.2856743286 14.9333333333 7.85 7.35 7.45 14.85 7.15 9.75 7.75 7.75 10.25 12.75 7.65 30.85 8.35 20.45 7.85 7.55 8.15 8.15 30.4 7.85 7.55 30.35 7.85 10.65 7.55 12
30.6 30.3 6.8 7.5 6.4 9.8 9.8 6.8 6.5 5.4 6 6.4 6.6 6.7 30.4 25.1 12.5 30.5 15.1 6.7 8 7 4.6 30.5 6.8 14.2 4.1 6.9 30.503030303 30.5555555556 28.2333333333 30.578511354 30.6578685395 30.173998276 7.4399385949 30.236717456 7.1 26.0666666667 10.3333333333 6.7 17.2533326691 9.9399385949 30.0032369137 30.4660289775 30.5615508071 1.81898463 11.6570224301 2.79071197 4.6270461645 6.536717456 22.45 9.65 7.55 7.35 9.75 30.15 7.65 10.35 12.95 12.85 30.6 9.95 7.25 7.15 10.05 9.95 30.55 9.95 7.05 7.15 16.8 30.9 7.95 10.25
30.5 7.3 15.4 6.8 30.4 30.8 7.1 23.2 6.8 6.8 6.6 17.6 6.9 6.9 7.1 20.5 7.7 10.4 30.4067245426 8.3 30.4 30.4 4.3 4.2 5 17.9257618163 4.3635231517 3.8777777778 10.2 30.3555555556 7.1 23.0111111111 6.9 30.6564102564 30.598142394 6.9 10.378511354 30.0333333333 30.1084518793 6.7 6.7 27.7067245426 15.7477647286 1.6533326691 26.2205792798 30.19071197 30.4570224301 30.3666666667 7.65 7.55 7.15 6.75 8.1923526966 19.95 30.678511354 9.85 10.45 13.05 7.75 30.414274771 13.25 7.45 7.35 7.15 7.45 7.85 10.05 7.15 7.15 30.6 10.15 7.55 7.65 7.35
7.8 7.6 7.7 6.8 30 6.8 6.5 6.9 6.9 6.3 6.2 7.4 7 6.9 22.5399385949 23 30.4 7.9 7.9 31.2 30.7 23.3 30.6 30.6 7.9450715499 7.1135735976 9.7134491708 30.5761904762 30.6 30.9883656714 7.1 7.8 10.9350406063 22.9768182948 9.7134491708 30.2856743286 7.1 30.3245006541 25.7969040394 30.4081667897 30.5242242458 7 5.3135735976 6.9 6.1245006541 3.9 30.3856743286 7.95 12.85 30.1067245426 22.75 18 7.25 30.2384487607 30.1892557464 9.55 7.25 30.55 10.55 30.4660289775 8.25 7.95 7.45 10.25 30.35 7.55 7.35 NaN NaN 7.35 25 30.25 8.1 6.4
19.714274771 7.9 7 6.5 7.3 6.5 6.5 6.8 7.3 6.3 6 6.8 7.4328101159 7.7 10.5 7.9 7.7 7.9 30.5 31 7.6 10.2 23.3 6.9188440482 30.2081667897 7.3 30.5245006541 7.7 15.1 7 14.1375594364 7.9 30.0112944531 23.0112111039 30.1666666667 30.3570224301 30.09071197 5.1205792798 30.6533326691 30.3450715499 27.4 9.8 19.7622501134 5.2245006541 30.4333333333 7.3540925512 19.5714045971 7.75 10.55 30.15 9.85 7.15 30.6002805931 9.95 30.4726779369 14.75 7.15 7.35 30.45 27.1615508071 30.3484520197 7.75 30.35 7.55 7.35 17.55 7.75 NaN NaN 7.95 31.3 30.4 7.25 30.3
6.9 7.2 6.2 12 7.6 7 7 6.7 6.2 5.9 6.8 7.1 6.8 13.2 7.6 7.5 10.4 7.7 7.7 7.8 12.8 30.2 7.5 12.3 NaN 26.11898463 11.0570224301 30.7714317131 30.4 6.9 16.9578339874 7.3967854397 7.6068038428 5.9390996564 30.49071197 12.5333333333 7 9.5901371761 30.2768182948 4.5108185325 30.7602895721 15.3726779369 4.9666666667 12.2333333333 30.4570224301 7.15 7.25 9.85 30.3 7.05 9.95 14.85 7.05 7.65 7.45 7.25 10.0245006541 30.35 17.55 30.4714045971 7.75 17.75 7.05 7.25 6.95 7.65 7.45 7.45 7.85 7.75 17.85 30.45 9.85 31.1
7.2 12.1 6 3.8 7 15.1 7.5 6.8 6.3 6.2 7.3 7.4 7 25.3 6.9 7.3 30.39071197 7 7 19.9 27.4 10.2 8.1 12.5 8.1 14.078511354 30.0333333333 30.1745942812 30.6497823999 6.9 7 30.3326039052 13.8027049172 5.9463669952 6.5570224301 4.5856743286 30.4267895821 30.3946277864 4.4311250567 29.9399385949 22.336717456 12.5716618094 6.59071197 6.0570224301 22.1666666667 5.5928371643 7.9660289775 30.0032369137 7.25 7.05 9.85 6.95 7.65 7.25 7.35 9.65 7.15 9.95 17.75 9.95 30.6267895821 7.25 10.15 7.75 7.25 30.9374901471 7.15 30.8067245426 30.4 30.4 30.5 30.4 30.1 30.8
13.2892557464 6.8 6.1 24.614274771 6.5 7.1 7.1 6.2 6.5 6.7 6.9 14.9 31.09071197 7.1 30.49071197 6.9 7.3 5.6376880965 6.8 15.1 30.2 30.6 30.3 7.8 7.4 7.5 16.1245006541 7.1 30.2678148254 30.6690276405 7.3937128312 19.263570706 21.2874258846 30.6661434492 24.7666666667 9.5928371643 9.4946277864 30.2242242458 5.6242242458 5.6081667897 6.9 15.578511354 30.3333333333 4.4453558739 6.6267895821 5.4858309864 9.85 30.7 6.7 6.6 7.1 17.3 7.3 7.5 31 7.35 9.95 30.5969040394 7.45 30.5333333333 7.45 7.25 10.05 27.25 7.45 20.05 30.7500529685 6.95 14.627426912 4.6862387519 19.7374901471 7.55 7.25 20.3
6.8 6.2 7.2928371643 6.2 6.2 6.1 6.3 12.7 5.9 30.1135735976 7.2 30.2540925512 30.7 30.4084518793 12.4205792798 12.4 7.4 12.7 9.9 7.2 25.3205792798 9.2027355997 9.7 8.1 17.4 12.4 13.5716618094 30.8237619586 30.4165769424 11.0827350258 5.9935268607 7.2 9.7 13.6859420902 12.4 7.1 8.3393193566 7.1222222222 1.4768182948 7.0267895821 30.2084518793 19.8 2.1245006541 30.4376880965 7.4 7.4 30.3 6.5 6.7 6.9 7.1 5.2 6.9 9.9 7.6 10.3 7.35 7.45 22.6205792798 18.078511354 24.75 30.2333333333 6.85 12.55 9.85 9.65 30.2483481745 30.3171833406 6.65 6.65 12.25 7.35 6.95 30.5484520197
30.3570224301 6.3 6.1 4.5267895821 30.4081667897 6.3 6.7 6.5 6.6 30.2714045971 7.2 7.1 8.978511354 7.9 7.3 19.9 7.2 7.2 7.1 30.5477647286 6.9 6.8 30.405300936 30.5 10 7.2 7.3 30.1602895721 10.4788989167 30.3823451376 30.3523179633 12.5 7.1 7 7.2 26.0770074531 7.3 6.9 13.1726779369 5.375 6.9 18.978511354 30.4205792798 18 30.4450715499 7.4 7.5 6.7 30 5.4 7.1 7.9 30.4 7.8 7.8 7.6 12.8 7.25 10.05 28.4969040394 9.85 20.1333333333 7.15 6.95 30.2333333333 6.85 6.95 7.05 6.95 6.85 10.05 12.75 30.6419755892 30.6172058324
30.51898463 8.69071197 30.4333333333 5.1084518793 4.5969040394 6.9726779369 6.998142394 6.6 19.8714045971 30.1245006541 30.6 18.778511354 11.7716618094 30.536717456 13.1477647286 7 7.2 5.3 7.1 6.8 30.1 7.2 14.1203870548 17.7 7.2 10.1 11.2356325411 26.1230521815 16.1125225222 11.5111111111 25.3 30.5444444444 30.7666666667 30.5111111111 6.9 15.1 7.5 6.9 7 30.193742273 30.0328910438 7.1134799922 10.7533326691 7.3477647286 7.4 7.7 30.3 6.8 6.7 6.7 30.7 7.3 30.3 22.8 12.7 9.9 7.3 12.5 9.65 7.15 30.5333333333 17.5703703704 12.35 19.95 30.6555555556 30.5200953027 30.6375594364 30.5356117652 15.0451780206 6.65 7.45 7.45 8.2633899069 6.65
30.9928371643 30.8666666667 15.9666666667 6.9 2.2245006541 9.91898463 6.9 7.1 30.4856743286 30.3333333333 7 30.5716618094 7.3 6.8 7.3 7.1 6.8 7 7.1 6.9 10.9528140863 6.9 7.7 6.95 12.9082403764 30.6111266977 30.5773862895 12.4222222222 4.909201947 7.1934562487 10.91898463 8.8257543607 6.8523179633 30.5961624635 14.9440446391 30.6393193566 30.3521773816 30.5643423404 14.0601229154 30.4555555556 8.0352414614 30.4126205685 5.9831464622 29.9108185325 30.5 5.3 7 7.5 30.6 30.8 30.2 1.5 6.8 30.7 7.6 7.8 7.6 15.2 30.15 30.5242242458 7.35 30.4564102564 30.8847858837 30.2094922192 22.2333333333 30.5961321867 30.1897640738 30.0043547631 30.2485805095 30.5282174738 20.7889883586 31.0298755254 30.9 30.8448045212
7.1 6.9 6.6 6.7 20.2333333333 19.0555555556 8.2176157029 30.3660740412 10.0151186864 30.3954770164 10.2 5.8 30.0730772833 7.2 6.9 30.6 12.1 5.3 30.4 14.8 8.2380952381 30.1181350989 6.2570952919 9.55 30.3921691488 27.129996399 30.8377707402 9.4328101159 10.9755884172 8.9524976531 30.6268601941 30.5526087569 30.5972305644 30.2235015266 30.2571936115 6.9 6.3 30.3983456956 16.9870537214 14.9333333333 5.4203870548 25.9650123622 12.6459542766 17.9 30.6 30.1 7.7 14.9 30.5 7.1 7 9.8 7.4 7.7 10.1 7.7 7.2 30.2 31.1 30.7 30.1 30.4 30.0021130107 7.35 24.4242242458 30.7777777778 30.2073155329 10.9361506991 13.1851093871 30.6651186864 30.8071068402 30.6860514612 30.5786892072 30.8240453033
30.2761904762 30.3761904762 17.8761904762 1.6761904762 11.3733912093 2.530910846 6.7 6.9 8.4333333333 7.5 6.6 5.7 6.7 14.7047650464 12.3 6.5 6.3 6.3 30.5 30.4 30.4242242458 13.136570247 7.9059860233 30.9564102564 7.3535234292 30.4242677032 30.7564102564 30.4564102564 10.6134491708 19.2729365995 30.4690355763 30.3994767825 21.0870664144 27.2862387519 10.3048669366 6.5 6.6 2.390937233 30.9623737794 30.1777777778 11.2987079739 30.2287676428 18.0326256917 7.1 7.6 21.9 30.3 7.3 7.9 7.5 15.2 7.5 30.6 9.9 30.2 7.6 24.4 30.4 30.4 29.6 30.4 7.15 9 7.25 9.65 7.35 7.45 7.15 30.4178356538 30.5714045971 30.6433447023 30.1081667897 30.4163426646 13.5020891032
7.4 30.3666666667 9.0666666667 24.5666666667 14.4994767825 30.4420761414 11.6777777778 30.4540925512 6.7 9.1590193633 13.5714317131 30.0205792798 14.6615508071 14.3556550252 6.2 6 30.8 22.5 6.2 30.5 30.3108185325 6.15 5.947996552 6.4570224301 7.4111111111 1.6761904762 4.1847858837 10.6031712291 17.7419755892 11.0223216919 30.2300313266 30.2512334657 30.6094922192 23.9635231517 16.8393193566 13.2081667897 6.7 6.9388009261 30.1533326691 12.2 7.0575587721 7.1 10 7.4 7.3 15 12.5 7.1 7.6 14.1 7.4 5.3 27 30.8 25.1 30.6 5.4 8.1 18.1 4.3 30.2 7.45 7.35 7.35 30.1021130107 7.35 19.85 7.75 22.35 20.8167852127 30.8333333333 30.5130438755 7.55 30.0288320124
30.5 30.4111111111 14.9 15.2 7.8 7.7 7.5 30.8477344001 7 22.298142394 30.1067245426 6.3 30.5270461645 9.6333333333 6.5 6.4 6.1 20.4 30.6 30.2 25.3 5.473998276 6.35 30.378511354 2.7666666667 4.1555555556 14.5162167619 30.2036784889 7.5916625669 5.2467825041 5.1866660024 30.4158451277 6.9761904762 27.9199035803 28.9074243814 25.6831998385 15.7477712359 9.3108185325 22.9178307106 2.2533142958 4.8528929542 19.32899873 7.4 7.2 7.4 7 6.3 30.8 9.6 30.8 30.9 10 22.1 30.3 30.3 24.5 30.8 30.6 15.9 31 30.3 9.85 12.15 7.05 12.8083333333 30.603030303 9.85 28.5678658549 30.1092865378 31.1363636364 30.2425352804 6.95 30.6405617714 30.5694784217
8.5 10.8 7 7.9 8.2 10.7 30.5 30.5959052512 20.5 15.2 30.6245006541 7.4 15.3540925512 5.7714045971 19.898142394 10.4183739396 6.4 30.5 30.7 6.55 30.5 28.153428636 30.2042261031 15.5258747098 4.8512401769 15.205947185 4.622947292 30.2240421083 30.7 30.8874258846 30.1049951428 21.5526087569 30.1845735102 9.3714006833 6.45 28.2833333333 30.5866660024 30.3553296488 4.5959802891 6.4384487607 30.4450715499 30.6 9.3 1.1 6.7 9.6 30.8 9.3 30.5 30.6 7.9 30.5 30.7 25.7 23 7.2 20.7 30.6 29.5 30.7 6.55 6.75 30.8 6.85 30.4083333333 30.303030303 7.45 7.85 30.4955834467 30.4555555556 7.25 30.0733230525 12.2682195417 30.3768182948
30.1 13.8 8.3 13.4 30.6 10.6 7.4 9.7 16.2801310486 7.3 8.3205792798 30.578511354 9.2 30.3856743286 24.7928371643 7.9768182948 14.9067245426 30.6 30.5 18.4 22 11.4328101159 5.7647589624 7.23974395 4.8526087569 23.205371548 4.8309458229 6.45 6.45 23.4573786367 12.9434852841 7.9513608481 12.8987842103 6.65 6.45 9.7681335412 26.0383284761 7.3406199178 12.020302182 4.0618913743 6.9 14.8 30.2 1.5147188482 9.5222222222 30.1179068435 7.6067245426 6.1 6.2 30.3 28.2 30.6 6.7 9.6 19.9 6.9 30.2 30.4 30.7 31.1 31 10.2 27.6 6.45 20.6079276146 15.2017858479 30.8854866991 7.15 30.5084518793 30.6666666667 7.15 5.9997840537 14.959220178 10.5222222222
NaN 8.2 13.6 13.5 8.1 8 10.1 6.7 10.5923526966 6.8 5.5726779369 30.4666666667 30.6570224301 5.9 5.6892557464 5.4384487607 30.7477647286 24.4 5.3 30.6 30.5 30.4564102564 18.6439023225 7.2064766961 3.3383284761 8.5856512967 30.4959439454 9.0469069309 6.15 6.3380712638 12.5636825423 5.0309458229 30.3721177144 2.1935268607 4.1760070601 30.4 2.7046589586 6.8749999779 1.7303300294 9.2222222222 6.3 30.5032369137 8.4399385949 24.3847858837 30.603030303 7.2 6.5 11.9399385949 1.6032369137 13.9 30.5 30.6 30.8 9.5 6.8 10.5 7.8 30.6 30.6 20.5 30.5 30.6 7.15 30.8 10.5 30.7758686137 13.5557238518 6.95 30.3225890798 30.2666666667 30.3872459465 30.2428255525 30.738943094 30.3
NaN 10.6 8.4 11.4 30.8666666667 30.6 7.7245006541 10.2 7.2 12.2 15.7858309864 30.1267895821 28.8666666667 10.6333333333 30.078511354 6.2 30.336717456 23.1556550252 5.8 25.4 6.55 6.6777777778 30.153008771 8.5380712638 30.2540925512 10.59071197 30.3714045971 30.3234705095 30.2190076619 3.7152126241 5.0422599133 2.2951511893 30.14690064 7.5191643198 16.3175015521 5.1222222222 30.0535791641 30.3319287483 9.9218743513 19.0847858837 30.4564102564 22.7 1.6533326691 30.2622501134 30.6555555556 18.6969040394 7.1 7 11.9618913743 30.3047650464 6.8 30.4 9.55 30.3 30.4 10 30.3 30.5 6.75 6.65 30.4 30.5 6.45 30.9 30.5 30.9242242458 30.4925555291 7.05 30.397178591 30.35 30.9199993357 30.4936229055 7.3222222222 19.7
8 8.1 8 8.8 8.4 8.2 30.5245006541 8.2 7 5.2 10.6242242458 5.6081667897 30.6267895821 30.5245006541 30.6 6.4 30.6270461645 10.4726779369 13.3094922192 5.5556550252 22.6380952381 6.75 NaN 13.4801158374 6.85 NaN 11.2801158374 5.7 5.4 7.4355337841 1.7270461645 30.375118546 6.9892557464 30.5169601147 7.309201947 2.4428255525 4.8650123622 4.6251885585 4.5912577986 9.3714045971 20.4166666667 6.9 19.91898463 30.278511354 9.7 6.7 23.378511354 6.6 30.5615508071 30.3730772833 6.6 30.4 6.45 30.6 19.8 30.4 9.2 30.6 31.3 24.9 30.3 30.2 31 19.3 15.3 30.6 30.4564102564 6.95 30.956182661 30.4230769231 30.6948749122 7.4127291329 4.6147188482 7.1
8.2 8.1 8 10.7 8.6 25.5 17.1 10.8 8.2 23.2393193566 30.2179068435 15.6399385949 14.9135735976 30.3714045971 16.4245006541 6.4 5.8 6.7 30.4270461645 10.7134491708 14.85 30.3384487607 30.5800907618 30.1708640506 30.3180308381 6.2171063627 30.32568603 4.4520223583 7.1511372672 7.329530349 5.3564484313 30.5477344001 17.2654743095 7.4014383581 30.7570952919 7.5539126131 4.5537203881 15.6621165671 10.3314757273 13.5015305025 30.8111111111 14.3111111111 30.7333333333 30.5333333333 30.5540925512 15.9111111111 30.3333333333 30.49071197 30.21898463 12.7928371643 7 13.1399385949 30.1 22.4 30.4 30.9 6.55 9.2 30.7 7.3 30.3 4.4 6.25 6.55 9.3 30.3 6.45 6.35 6.85 6.45 31.0555555556 30.303030303 30.2083333333 6.9
NaN 8.1 8.3 13.4 30.5 10.5 30.6 21.2 13.5 12.3615508071 7 30.3316790289 5.7333333333 7.6042261031 30.3761904762 30.2856743286 6.7 30.5 23.9666666667 30.7540925512 30.3333333333 18.3800614577 13.73974395 10.8379713052 27.5935268607 17.5286328389 9.8164250941 26.9704444133 4.4355130099 4.20510641 7.1829743404 12.1194011491 19.9102466654 1.8637223453 2.8610823404 30.1666666667 12.0333333333 5.7573786367 7.4666666667 16.2888888889 30.3666666667 7.0666666667 13.678511354 6.7 30.3622501134 30.4267895821 30.5666666667 30.5570224301 29.8570224301 30.5453558739 30.3376880965 17.136717456 30.2556550252 17.7047650464 30.2 30.8 6.45 6.55 6.55 17 30.1 6.25 7.2 9.8 30.4 6.5 29.5777777778 6.55 30.2666666667 30.1111111111 8.3969040394 30.1923526966 30.4047650464 5.4
NaN NaN 10.7 15.9 13.2 13.4 20.6 15.7 7.7 7.3 9.7 6.7 6.2 6.6 6.7 8.4856743286 6.8 6.4 11.19071197 25.4333333333 8.0333333333 22.0564102564 14.6874920661 30.2096966 30.6760070601 30.4412124542 1.7730769231 1.4703703704 1.3384487607 1.58611562 9.4224392339 1.6786041427 6.9865717317 9.4107229978 3.0904286252 2.6990906338 17.8870537214 1.5714045971 19.688854364 13.3870090087 30.2761904762 5.8761904762 30.2578685395 8.3384487607 22.0858309864 7.9858309864 30.4928371643 30.6666666667 30.39071197 30.5333333333 30.4245006541 10.7270461645 30.5615508071 25.2484520197 23.2 6.65 6.65 6.45 6.65 6.85 6.45 6.35 30.5 30.6 6.45 9.9 6.15 10.9761904762 30.4666666667 6.35 30.4761904762 30.6777777778 30.7 30.5
NaN NaN NaN 7.4 4.3730772833 30.5 21.1666666667 30.5666666667 7.3 6.8 6.4 30.0570224301 6.8 21.0333333333 NaN 7 30.1892557464 6.0892557464 18.2540925512 9.39071197 17.1084518793 30.2111111111 30.2006911303 30.2 7.6236890968 2.8873015873 4.8111111111 1.9733912093 1.9253443262 1.6237619586 1.4257618163 4.0158552292 4.1715970431 9.1376880965 2.4018572798 4.7428255525 11.588701459 5.3226430481 7.5 30.8874920661 10.203030303 5.503030303 30.098142394 18.0556550252 30.7188440482 30.5242242458 12.3946277864 14.7134491708 8.3666666667 29.09071197 30.5333333333 30.578511354 7.9578685395 30.273998276 30.8 30.7 6.35 6.45 6.15 30.1 30.7 6.75 30.7 6.9 12 16.9079276146 30.4017858479 30.447996552 6.55 30.5111111111 30.4761904762 30.3777777778 5.3 4.5
NaN NaN NaN NaN 7.7 30.7768182948 7.4 7.3 7.3 NaN NaN NaN NaN NaN NaN NaN 6.9 18.7666666667 30.2333333333 NaN 30.6 30.4542351217 5.3324338008 20.8120225406 5.7238672278 4.9467825041 6.7635231517 3.973998276 4.9939846865 7.0353511597 1.3694840324 4.3546089565 9.2442146898 3.9333333333 6.903628582 30.4400453809 5.6041568138 10.900414722 30.2513641714 30.1768182948 30.113394791 9.9083333333 30.6067245426 5.2 30.4 10.3 9.8222222222 14.9768182948 30.4267895821 8.6856743286 15.6 30.278511354 18.6578685395 31.473998276 7.4 6.85 6.35 6.45 6.55 6.55 30.7 30.2 30.6 30.4 30.6 6.45 29.203030303 6.35 21.2333333333 16.5333333333 28.3166666667 30.3564102564 5.4 30.6
NaN NaN NaN 5.1 30.7 10.313394791 30.2564102564 13.198142394 7.5 NaN NaN NaN NaN NaN NaN NaN NaN NaN NaN NaN NaN NaN 6.6 7.6726619182 4.706906681 2.1640145061 9.5033841227 5.9245352062 5.4487992076 2.110477637 24.4827596463 6.9824898728 6.9662474188 30.3260253956 4.5603925074 25.3034638077 12.5 27.6 30.403030303 22.1083333333 16.5 14.2 8 20.2 5.5 5.2 5.6083333333 30.503030303 7 30.4333333333 23.878511354 30.3892557464 23.9533326691 30.6399385949 30.6222222222 6.65 6.35 30.2222222222 6.55 6.15 20.8222222222 5.85 30.7222222222 30.4179068435 30.4079276146 24.2202728564 4.7268601941 6.91898463 30.6333333333 30.4333333333 6.65 30.0564102564 30.5 30.5
NaN NaN NaN 10.5 10 10.2 30.5 30.3067245426 13.0289342698 NaN NaN NaN NaN NaN NaN NaN NaN NaN NaN NaN NaN NaN NaN NaN 6.5 6.6310207061 15.6119610908 8.9451780206 10.6578339874 5.7708927697 5.1444444444 20.1302373727 15.3354980438 12.6948841404 5.2603794978 5.1302373727 9.9 30.3861401162 30.7492758406 14.3884651411 4.4395346585 6.7108185325 1.2 1.3 5.3 12.9 27.7079276146 30.6017858479 13.747996552 11.6570224301 30.1111111111 8.5761904762 27.9192754236 30.6333333333 30.6333333333 6.55 7.05 30.7333333333 6.35 30.3333333333 6.25 6.05 5.95 7.288759456 4.3757841239 20.0177163727 5.85 30.2813855149 5.85 30.3774851991 6.15 7.9450715499 30.5 30.9
NaN NaN NaN NaN NaN NaN NaN NaN NaN NaN NaN NaN NaN NaN NaN NaN NaN NaN NaN NaN NaN NaN NaN NaN NaN NaN NaN 13.4578339874 11.2397668798 7.7686485301 10.7801158374 10.7874258846 7.69071197 30.1047379305 5.29071197 7.9874258846 20 7.5780270252 30.1885969716 22.3240421083 9.5281824662 7.1089609265 6.5635231517 6.6393193566 6.6242242458 5.3108185325 30.5 6.7 30.6714045971 30.69071197 31.1666666667 30.6555555556 30.7716618094 18.8666666667 30.3666666667 30.0666666667 30.1666666667 8.6666666667 30.8666666667 30.1666666667 6.85 6.35 30.7033841227 7.4093499059 30.5058650915 6.65 6.45 5.75 5.85 26.2648090607 21.0060726134 8.3923526966 30.7768182948 19.6564102564
NaN NaN NaN NaN NaN NaN NaN NaN NaN NaN NaN NaN NaN NaN NaN NaN NaN NaN NaN NaN NaN NaN NaN NaN NaN NaN NaN 6.8 3.0874258846 1.9282389099 2.2282334925 30.3333333333 30.1360678439 7.3690047263 5.0120225406 NaN NaN 6.6 9.1360678439 20.2 5.1393446036 8.0721177144 12.3166666667 9.3681050248 12.4333333333 26.903030303 1.8768182948 14.4556550252 4.5134491708 11.2540925512 30.4333333333 19.79071197 30.3333333333 30.5 25 9.9 7.05 19.95 5.5 6.8 7.05 30.473998276 30.2578685395 30.8578339874 21.5355337841 30.6245352062 6.45 6.65 6.55 30.9380712638 16.2536979496 4.9077225718 8.3714045971 31.0644313952
