Outfile_1.asc
NCOLS 201
NROWS 151
XLLCORNER 733748.947016
YLLCORNER 2561541.418206
CELLSIZE 137.483444
NODATA_VALUE NaN
[rows 78 to 116 of 151, columns 89 to 177 of 201]
30.3 5.34 3.9 5.44 15.3 5.44 5.54 4.34 30.2 1.1 3.6 5.14 24.6 10.1 3.1 20.3 4.94 24.9 30.2 6.54 15.3 7.8 5.3 10.2 30.5 14.2 5.2 5.1 30.4 15.2 5.84 5.84 6.54 6.94 6.84 6.84 16.7 11.8 6.94 12.34 10.04 30.6 30.5 30.2 7.1 5.83 5.93 6.03 6.19 5.99 5.89 5.99 6.39 6.59 6.59 5.1 6.69 6.99 6.69 6.79 5 1 3.7 6.2 1 7.41 7.11 7.01 1.3 3.7 9.71 7.31 7.31 1.1 7.61 7.41 25.21 7.51 7.51 7.2 7.41 7.51 7.31 7.51 7.31 7.11 7.6 12.71 7.21
29.9 24.3 6.24 5.24 5.44 5.54 16.9 5.34 4.94 4.64 30 4.54 4.94 4.94 4.74 5.14 5.04 5.44 7.1 10.1 30.5 5 7 30.1 12.3 30.4 5.3 5.2 6.04 5.84 8.3 13.3 8.3 3.2 1.1 16.7 30.4 12.24 30.3 30.4 7.54 21.7 30.3 19.3 9.3 6.43 30.1 6.19 6.19 6.49 7 6.79 6.69 6.79 6.99 11.1 9 5 6.99 6.89 6.69 1.1 1 1.1 10.2 3.7 3.6 7.31 7.31 7.11 12.61 14.8 6.53 7.51 7.81 7.51 7.61 7.61 7.41 7.31 7.51 14.91 7.41 7.31 7.21 7.21 5 7.11 7.21
5.94 5.94 5 3 5.94 5.84 6.04 5.24 5.44 5.14 5.34 5.14 5.04 5.14 7.4 30.3 5.04 22.8 30.4 5.1 30.2 11.7 5 11.6 6.54 30.4 5.1 5.2 5.84 22.4 5.74 27.6 6.44 21.7 30.6 9.9 30.6 14.5 30.5 30.4 22.1 7.14 30.3 14.9 6.33 6.13 6.33 6.29 6.39 7.09 7.3 6.89 6.69 6.79 6.99 3.6 6.69 6.69 6.79 1.3 5 1.1 3 1.2 3 6.13 7.11 10.01 7.51 7.2 7.51 7.41 6.63 6.63 6.83 10.21 7.31 7.41 7.71 7.41 12.41 7.31 5 9.81 7.21 7.21 7.11 7 9.71
6.04 5.94 30.1 3.2 6.14 6.04 6.24 6.24 6.14 6.34 30.3 5.44 10.9 4.54 4.54 4.74 4.94 5.34 7.1 27.3 30.2 30.6 30.5 30.7 24.1 6.24 5.7 21.6 1.2 10.5 6.14 30.2 7.2 30.3 7.2 7.3 30.7 6.94 30.6 12 7.24 22.3 7.29 9.8 7.03 6.93 6.99 7.09 6.99 7.09 9.79 6.99 6.69 6.79 6.99 30.2 5 6.69 6.79 6.89 6.99 5.7 3.2 1.2 1.1 6.29 5 1 1 16.1 8.8 7.51 1 7.41 30.01 1.4 7.51 7.41 7.41 1.1 7.51 7.31 7.21 7.31 7.11 7.11 7.11 12.2 7.21
6.04 6.04 6.24 6.04 30.3 14.3 6.24 6.24 6.04 11.6 6.04 26.7 19.2 5.74 5.84 11.4 24.2 7.6 5.44 12.1 6.04 30.4 12.3 30.2 30.3 30.2 5.1 29.8 16.5 30.6 14.9 30.6 14.1 14.2 30.3 30.2 26.8 11.6 6.94 30.7 6.79 6.89 6.99 7.19 7.39 7.09 7.3 7.29 7.19 6.99 6.59 6.79 6.99 6.89 6.99 7.09 9.2 11.6 6.99 6.79 6.99 8.4 1 3.1 3 6.19 5 1 6.13 6.13 6.13 6.73 6.53 6.63 28.5 1.1 30.4 1.1 7.41 7.31 7.41 10.11 7.11 7.31 7.11 7.21 7.41 7.11 7.21
5.94 9.1 5.94 6.04 11.6 5.84 6.04 6.04 6.04 6.04 5.94 5.94 5.84 5.94 30.3 30.4 5.94 5.44 6.2 5.74 5.74 3.2 7.1 11.8 7.1 7.1 20.1 4.99 5.69 6.19 7 6.09 9.8 16.8 5.3 30.2 7.2 9.7 7.04 6.79 6.69 6.79 6.99 6.99 9.79 7.1 7 9.1 6.79 7.19 10.37 6.99 6.99 7.19 6.79 6.99 30.3 21.7 6.99 6.89 6.79 7.1 6.1 7.1 1 3 1 6.19 5.59 5.53 6.23 6.43 6.73 6.53 7.71 7.41 1.2 7.61 7.51 7.51 7.41 7.21 7.31 5.1 7.31 7.21 7.11 7.11 27.1
3.6 30.1 7.1 19.4 30.3 10.2 7.2 30.2 6.04 5.94 3.6 21.7 5.84 6.04 9 6.04 7.8 7.8 19.2 9.1 30.3 5.44 3.5 5.2 30.1 3.2 5.49 5.49 9.7 9.1 30.4 30.3 11.7 9.1 9.7 16.7 5.89 30.4 30.2 6.79 6.69 10.6 6.59 7.2 7.29 16.8 6.99 6.79 10.1 6.59 6.79 7.67 6.89 6.59 6.49 6.89 6.99 7.29 6.99 6.89 6.89 6.89 3.7 3.8 1.2 5.6 6.49 1.1 1.1 5.69 6.13 6.73 7.31 7.41 20.01 3.7 7.41 7.51 7.51 3.2 7.31 7.51 7.21 7.3 9.81 7.11 7.11 7.11 7.21
5.74 1.1 5.64 6.04 5.94 6.04 9 6.44 5.94 5.94 7 16.7 6.14 24.9 6.04 6.24 6.14 5.8 19 6.04 6.14 5.74 5.1 6.24 30.3 30.2 30.2 7.2 30.4 30.3 30.1 30.4 14.2 30.3 24.8 5.79 12.2 6.79 14.6 7.2 9.2 16.6 7 7 12.2 30.4 30.3 6.69 6.69 6.59 6.59 6.59 15.57 7.67 7.27 6.39 3.8 5.8 7.19 6.89 6.79 1.1 1.2 1.3 6.59 6.49 6.79 6.69 1.1 3.6 6.79 6.53 6.63 7.51 7.51 7.41 7.31 7.31 3.8 7.41 7.51 9.81 3.2 9.81 7.21 7.31 7 14.6 7.11
7.8 5.6 6.29 18.3 7.1 5.2 6.24 4 6.2 30.2 5.49 5.49 5.49 5.59 5.2 5.99 6.19 6.19 9 7 12.7 30.6 6.19 7.2 30.4 11.8 9.9 30.4 30.4 30.7 11.9 14.4 26.5 5.89 21.7 9 19.1 19.8 6.59 6.59 30.3 6.59 7.1 6.49 30.5 30.4 30.3 30.2 6.69 6.59 6.59 6.59 9.1 7.97 7.07 7.6 1.2 5.1 8.4 3 1.1 1.1 6.59 30.4 7.8 6.2 6.49 7 6.59 5.7 6.59 29 6.83 6.63 7.51 7.51 7.41 3.7 7.21 7.61 1.1 7.21 7.51 7.21 7.21 7.21 5.41 5.41 5.31
5.1 5.79 5.1 9.6 11.6 5 20.2 3.2 30.2 5.39 5.49 5.99 5.89 7 7.1 5.2 5.1 30.3 6.09 6.09 5.3 21.9 16.7 30.4 9.1 17.2 7.2 30.6 22.4 19.6 19.9 24.4 6.39 6.29 6.29 24.9 5.89 6.79 6.69 6.59 6.49 6.79 7.1 6.19 7 30.3 30.3 6.89 12.8 30.1 5 6.59 6.69 10.17 7.27 6.97 7.37 15.8 23.5 1.1 6.39 1.1 3.7 6.29 5.1 7.1 6.2 30.3 6.3 6.69 6.69 6.79 3.8 6.83 7.41 7.51 7.41 3.7 12.61 30.3 7.21 7.21 7.51 5.51 5.71 5.31 5.51 3.7 4.63
7.7 7.6 7.7 5.2 9.6 9 12.7 3.6 3.1 5.99 5.59 5.79 7.2 5.99 5.69 30.3 5.99 7.1 5.1 6.19 30.5 14.1 30.5 5.3 22.2 17.6 7.2 30.5 12.2 11.7 6.19 6.29 6.49 30.3 6.29 16.7 16.9 30.7 6.59 6.99 6.69 6.69 6.49 6.49 7.6 22.3 6.39 6.59 6.39 30.3 30.4 11.8 24.4 10.2 17.27 6.97 6.87 11.7 1.5 3.7 3.6 7.07 30.3 6.39 6.39 6.39 6.29 6.59 6.49 6.29 6.29 3.7 6.69 6.89 7.41 9.81 7.21 7.8 7.41 7.11 7.31 7.31 5.41 5.31 5.31 5.61 4.73 4.53 4.53
24.7 7.8 18.5 5.69 5.59 15.3 5 12.7 5.6 3 5.99 5.69 19.2 5.79 5.69 5.99 5.99 6.09 6.19 11.6 11.7 6.19 17.9 30.3 30.4 30.2 14.1 19.3 16.8 5.99 5.69 14.8 5.99 5.79 30.6 30.2 6.09 17.8 9.9 7.9 6 6.49 6.59 7.8 6.49 6.49 6.39 6.39 14.1 6.19 9.1 14.8 11.6 6.49 1.1 16.7 1.3 30.5 9.1 3.7 1 1.1 1.1 1 5.99 6.09 6.49 6.29 6.39 6.39 6.29 6.49 1.2 6.39 6.49 7.31 7.31 7.41 7.31 7.21 12.31 5.41 5.41 4.43 4.43 4.53 4.53 NaN NaN
5.39 7.8 30.3 6.3 7.8 25.1 5.2 5.6 5.29 5.49 5.29 5.99 6.09 7 7.7 5.2 5 8.2 5.89 20.7 5.7 5.2 3.1 24.1 5.9 17.9 14 14.2 9 6.29 5.99 10.4 5.59 9.3 30.7 5.99 30.6 7.8 9.6 10.4 9.1 5.2 25.9 6.49 28.4 6.29 14 6.29 22.2 24.7 12.2 30.4 9.7 6.29 6.39 6.49 6.77 6.29 6.09 6.67 7.07 6.97 3.6 1 5.99 5.99 6.09 6.09 6.09 6.49 6.39 3.6 6.19 6.49 6.39 6.49 30.3 7.1 7.21 7.21 5.31 5.51 4.63 4.53 4.53 4.53 NaN NaN NaN
6.19 5.79 5.1 7.2 5.99 5.19 6.09 5.89 5.89 14.2 30.2 5.59 6.29 5.1 6.09 7.3 1.2 7.9 7 11.7 5.89 5.79 5.6 14.7 30.3 9 30.2 11.6 30.5 6.39 6.89 30.5 30.4 21.6 30.4 17 30.3 25.4 11.7 19.1 21.2 5.1 7.7 5.1 10.3 6.09 6.39 6.49 6.79 6.69 6.69 6.59 7.1 6.49 5.6 6.29 30.47 9.57 6.97 6.97 6.77 1 7.07 6.09 6.09 6.09 6.87 6.97 5.99 5.79 6.39 6.39 7.7 6.29 6.09 7.37 7.37 9.7 5.41 4.53 4.43 4.43 4.53 NaN NaN NaN NaN NaN NaN
12.2 6.19 9.2 6.19 1.1 5.19 5.69 6.09 30.1 5 5.39 16.7 5.79 30.4 9.9 30.2 30.3 5.1 9.6 21.5 30.2 1.1 21 11.8 30.2 12.4 7.1 30.4 11.5 11.7 6.39 30.4 30.4 11.8 30.5 30.5 6.19 6.29 9.9 30.5 14.7 17.3 30.5 26.9 30.2 6.19 21.8 7.47 24.9 26.8 30.2 30.1 7 6.49 3.1 6.19 9.97 7.47 7.17 30.1 6.87 6.97 7.07 6.87 6.19 6.97 6.87 6.67 10.6 5.99 4.8 8.7 10.2 6.39 6.19 4.59 5.57 4.69 4.43 4.43 4.43 4.43 NaN NaN NaN NaN NaN NaN NaN
6.39 6.19 6.19 7.7 3.9 5.29 5.79 21.8 9.1 1.1 30.3 9.7 5.79 5.99 30.6 19.4 15.3 30.5 17.4 5.1 14.7 6.3 18.5 9.6 30.3 10.4 1.1 27.8 30.6 30.6 14.8 30.4 19.8 15.1 30.2 30.3 7 6.09 12.9 30.4 9.7 3.2 24.6 10 30.3 6.29 7.27 6.3 14.2 30.6 30.5 19.2 26.6 3 6.49 6.39 7.27 3.2 7.27 7.07 30.3 6.97 6.19 6.29 7.95 7.07 6.87 6.67 8.3 6.09 26.2 6.3 30.3 5.2 27.4 4.29 5.04 4.84 1 NaN NaN NaN NaN NaN NaN NaN NaN NaN NaN
6.29 19.8 1.3 6.1 5.39 5.99 5.29 7.2 6.19 6.09 5.69 27.3 5.39 5.69 30.5 20.3 12.1 5.7 9.2 14.7 5.89 21.7 5.6 30.3 1.2 18 6.09 30.3 30.6 30.5 30.7 15 30.4 5.59 5.99 5.2 30.3 22.4 12.3 17.7 5.1 12.8 5.2 12.3 9 11.3 6.97 6.77 11.6 14.1 7.57 9.97 22.1 5.6 6.59 6.69 6.59 6.39 7.27 7.27 9.57 7.65 6.49 6.09 7.85 7.65 6.87 3.9 7.07 5.89 6.29 6.29 6.2 6.59 6.29 4.74 5.04 4.84 NaN NaN NaN NaN NaN NaN NaN NaN NaN NaN NaN
5.79 6.19 3.8 3.7 9.1 5.29 6.19 6.09 30.2 5.99 6.19 5.1 5.59 5.49 6.29 7 9.1 27.3 6.19 5.1 7.5 9.9 5.1 8.3 8 8.2 9 9.3 30.7 30.7 27.5 5.79 5.59 5.49 30.5 30.3 7 22.3 12.1 30.3 30.3 26.7 7.6 6.49 1.2 6.97 6.77 7.17 14.1 11.7 3.7 5 9 5.1 6.1 5.1 6.39 6.39 7.37 7.37 7.65 10.25 7.85 7.85 7.65 7.75 7.75 6.67 7.6 6.97 6.59 9.77 6.39 10.5 4.79 4.84 5.04 4.84 NaN NaN NaN NaN NaN NaN NaN NaN NaN NaN NaN
5.69 5.2 6.29 5.89 5.69 5.79 6.19 6.09 6.09 6.19 5.89 30.4 5.49 5.39 30.4 7.2 16.7 29.8 30.5 19 30.2 30.4 6.09 6.29 15.4 21.7 6.39 30.4 6.49 5.69 5.49 9 9.1 30.3 30.4 12.4 22.6 14.9 12.3 17.3 14.6 7.3 7.7 6.59 6.29 7.75 6.77 6.87 30.4 9 9.77 7.07 7.37 7.07 5.6 3.1 6.59 3 6.19 25.17 20.35 30.2 7.85 7.75 7.65 7.65 7.65 7.85 6.67 6.77 1 9.87 4.79 4.89 5.14 5.14 5.14 NaN NaN NaN NaN NaN NaN NaN NaN NaN NaN NaN NaN
11.7 6.19 6.09 5.79 5.89 5.99 26.6 6.29 3.7 5.29 7.1 7 5.29 NaN 11.5 12.1 7.1 7.1 11.9 17.1 30.3 9.1 21.2 30.2 12.8 5.3 21.5 11.1 13.4 30.5 9.1 9 14.2 27.3 30.5 19.9 7.2 17.2 12.1 12.1 12.2 27.2 7.1 6.59 29.1 8.15 8.7 7.75 11.9 9.1 7.17 7.17 7.07 9.6 1.1 1.2 6.49 6.29 6.19 15.75 16.45 7.55 7.65 7.65 7.65 7.65 7.85 7.65 7.65 6.87 5.27 5.47 4.89 4.99 5.14 4.84 4.94 NaN NaN NaN NaN NaN NaN NaN NaN NaN NaN NaN NaN
6.19 6.09 6.19 5.99 13.7 1 1.1 6.29 6.09 1.1 5 5.69 NaN 5.29 7 9.6 10.1 7 7.1 30.2 29.2 9 12.1 6.29 30.6 10.4 21.9 30.7 21.4 6.19 30.7 5.99 6.09 30.3 7.2 7 14.6 30.3 30.4 5.2 1.1 7.1 8.35 3.3 6.69 3.8 7.95 7.95 30.2 11.9 10.65 8.05 7.17 19.7 7.17 15.85 11.7 9.1 8.25 8.15 18.45 21.4 7.95 11.05 1.1 7.75 22.85 12.85 7.95 5.07 12.8 4.79 4.99 4.94 4.94 5.04 NaN NaN NaN NaN NaN NaN NaN NaN NaN NaN NaN NaN NaN
6.19 6.09 6.19 6.29 1.1 1.1 8.7 5.69 3 9.7 3.1 11.5 NaN NaN NaN 9.8 14.1 7 7.1 14 7.1 9 3.1 5 30.5 6.29 9.1 14.3 6.09 30.1 30.6 5.89 6.09 12.2 9 9.6 22.1 7.2 30.4 5.8 6.59 3.6 8.45 8.25 30.2 8.05 13.15 7.75 20.45 8.05 13.35 13.25 7.95 8.05 10.55 8.05 8.05 13.15 8.05 10.95 10.55 1.2 7.85 7.85 7.85 10.15 7.65 7.55 5.95 5.37 5.47 4.69 4.79 4.84 4.94 4.94 NaN NaN NaN NaN NaN NaN NaN NaN NaN NaN NaN NaN NaN
6.19 6.19 6.29 6.19 6.1 5.79 5.09 5 5.09 5.7 7 NaN NaN NaN NaN 5.79 7 7 6.09 9 11.6 5 7.1 7.1 30.5 6 27.3 21.8 27 6.09 9.1 30.3 5.69 7.2 7.1 9.7 14.6 14.3 7 7.7 6.59 11.2 1.1 18.55 15.95 8.05 8.35 7.75 15.15 7.75 8.05 8.25 8.25 8.05 7.95 8.15 8.15 8.05 8.25 8.05 17.95 17.8 7.85 10.1 8.05 12.95 7.55 5.85 1.2 5.57 4.39 4.59 4.74 4.84 4.94 4.94 NaN NaN NaN NaN NaN NaN NaN NaN NaN NaN NaN NaN NaN
5.79 6.29 6.09 6.19 5.79 5.09 5.69 30.1 5 3.1 5.89 NaN NaN NaN NaN NaN 5.69 5.99 6.09 9.1 16.5 17.6 30.3 5.1 5.2 7.9 11.8 9.3 30.5 12.8 5.1 24.8 5.79 5.39 5.69 11.6 6.69 6.69 6.59 6.59 6.69 3.7 7 1 10.15 30.25 30.4 7.85 7.75 7.65 1 8.15 15.75 8.25 8.05 20.85 8.05 8.25 8.05 8.05 7.95 10.1 8.15 5.2 8.05 8.05 7.55 1.3 5.2 4.59 4.49 4.59 4.94 4.64 4.64 NaN NaN NaN NaN NaN NaN NaN NaN NaN NaN NaN NaN NaN NaN
5.39 5.59 5.29 8.8 5.99 5.29 5.89 3.1 13.1 7 NaN NaN NaN NaN NaN NaN 10.1 9 18.1 3.1 17.1 7.1 7.1 7.9 8 13.5 30.3 24.3 12.4 9.6 6.49 30.4 11.6 6.19 3.1 6.19 9 6.49 6.89 6.69 6.59 6.59 8.35 7.45 7.45 7.95 7.15 7.35 6.95 6.85 6.85 1.3 6.3 30.4 10.75 30.25 8.05 8.15 8.05 10.65 7.75 5.2 1.1 8.05 8.05 10.65 6.25 4.09 4.49 4.39 4.39 4.84 4.94 4.64 4.64 NaN NaN NaN NaN NaN NaN NaN NaN NaN NaN NaN NaN NaN NaN
5.29 NaN 5.79 5.19 5.69 5.89 5.1 3 3 5.99 5.69 NaN NaN NaN NaN NaN 5.69 30.1 14.2 17.8 7.3 30.4 12.2 5.1 5.3 7.1 30.3 30.1 14.8 17.1 6.19 30.5 6.29 6.19 5.29 5.79 3 6.49 6.69 5.9 5.69 5.59 1.1 1 5.79 5.99 7.05 7.05 7.15 7.15 6.75 12.25 6.85 6.85 10.95 3.7 8.05 8.05 15.65 8.25 7.65 6.4 10.55 6.2 7.95 5.25 3.59 4.89 4.39 4.39 4.29 4.64 4.94 4.74 4.64 NaN NaN NaN NaN NaN NaN NaN NaN NaN NaN NaN NaN NaN NaN
5.29 NaN NaN 5.19 5.19 5.09 5.69 5.6 3.1 1 1 5.59 NaN NaN NaN NaN 5.69 5.99 7.1 7.2 3 5.2 12.2 10.5 7.1 7 14.8 30.2 7.6 10.2 9.7 3.3 15 5.89 5.69 5.19 5.19 7.1 5.79 5.69 5.69 1.1 5.79 1.1 8.8 5.89 1.1 5.1 7.15 6.95 3.8 6.85 6.85 6.85 6.95 7.35 10.65 1 8.05 7.75 1.1 7.95 18.05 30.25 5.95 3.69 4.19 4.59 4.69 4.29 4.44 4.64 4.84 4.74 4.74 NaN NaN NaN NaN NaN NaN NaN NaN NaN NaN NaN NaN NaN NaN
NaN NaN NaN NaN 5.99 5.99 3 1 5 3.1 6.09 5.69 9 NaN 9 5 5 3.1 7.2 7.1 12.7 19.8 22.8 7.1 7.1 9 7.2 14.8 5.2 6.29 1.1 21.8 3.2 9.1 5.89 5.69 5.39 5.19 5.69 5.69 5.69 1 1.1 3.8 20.9 5.49 7.35 7.15 6.85 6.75 1.3 6.55 3.7 6.85 6.95 1.2 7.35 7.35 6.75 10.25 30.35 8.15 13.15 7.75 3.69 4.49 4.49 4.39 4.29 4.59 4.64 4.74 4.94 4.64 4.64 NaN NaN NaN NaN NaN NaN NaN NaN NaN NaN NaN NaN NaN NaN
NaN NaN NaN NaN 5.59 5.99 5.99 3 3 3 5.59 5.59 9.1 22.1 7 5.39 9.6 5.1 7.2 7.1 26.7 5 12.3 7.1 7 7.1 9.7 6.19 12.2 6.29 6.09 7.1 3.3 5.59 5.79 5.89 5.69 5.39 5.69 5.6 5.59 5.1 12.7 7.6 5.59 5.69 7.25 7.15 7.35 7.25 7.15 6.95 4.89 6.55 12.15 7.15 6.85 6.85 6.95 6.95 6.95 12.95 7.75 12.15 4.29 4.79 4.49 6.19 6.19 4.29 4.54 4.84 4.84 4.64 NaN NaN NaN NaN NaN NaN NaN NaN NaN NaN NaN NaN NaN NaN NaN
NaN NaN NaN NaN 5.99 5.99 5.99 1 7 3 1 1 7 7 30.2 5.49 5 7 30.3 12.2 7.2 5.39 15.3 9.7 7 10.2 6.09 30.3 6.29 6.09 5.69 5.69 30.2 1.1 5.7 5.39 5.89 5.69 5.39 5.19 5.39 1.1 1.1 5.59 7 1.3 5.69 5.19 6.2 5.69 5.8 1.1 4.79 6.55 6.65 6.55 5.2 6.35 6.35 6.55 6.15 23.15 6.95 5.89 6.29 4.39 NaN NaN NaN NaN NaN NaN NaN NaN NaN NaN NaN NaN NaN NaN NaN NaN NaN NaN NaN NaN NaN NaN NaN
NaN NaN NaN NaN 5.59 5.59 1 5.99 1 5.99 5.59 7 7 7.1 7 5.39 5 7.6 5.1 17.3 3.7 5.49 7 14.7 5 5.3 8.1 6.09 6.29 5.79 5.59 5.89 5.69 1 5.79 5.59 5.29 7.1 5.39 5.09 5.49 15.8 3.1 5.79 11.7 5.59 5.29 3.1 5.39 5.49 5.29 3 5.19 5.19 7.8 4.79 6.45 6.45 6.85 6.65 6.65 6.95 4.89 5.19 5.09 NaN NaN NaN NaN NaN NaN NaN NaN NaN NaN NaN NaN NaN NaN NaN NaN NaN NaN NaN NaN NaN NaN NaN NaN
NaN NaN NaN NaN 5.69 5.69 5.69 5.69 5.1 6.09 5.99 6.03 6.53 12.6 3 5.39 6.09 6.09 5.79 5.99 7 17.2 7 7.7 5 17.8 1 6.09 6.19 5.79 5.59 5.69 5.79 5.79 5.59 5.69 5.69 14.7 5.09 5.39 10.1 5 5.3 3.1 7.7 3.7 1 30.3 5.29 1.1 5.39 3 5.39 4.99 4.89 4.89 5.29 3 5.19 4.99 4.99 5.29 10.3 5.19 NaN NaN NaN NaN NaN NaN NaN NaN NaN NaN NaN NaN NaN NaN NaN NaN NaN NaN NaN NaN NaN NaN NaN NaN NaN
NaN NaN NaN NaN NaN NaN NaN 5.59 3 5.99 6.19 5.79 6.13 8.6 5.79 5.59 5.99 7 6.09 6.29 5.69 7.2 12.1 7.1 5.7 5.2 9 6.09 5.69 5.79 5.79 7 5.79 3.6 1 5.59 5.59 5.69 5.69 5.29 5.19 1.2 5.19 5.49 1.1 3.7 30.4 5.59 6.3 5.29 3.6 5.49 5.49 5.69 5.89 5.79 5.29 3.1 5.7 17.8 8.3 4.89 5.09 NaN NaN NaN NaN NaN NaN NaN NaN NaN NaN NaN NaN NaN NaN NaN NaN NaN NaN NaN NaN NaN NaN NaN NaN NaN NaN
NaN NaN NaN NaN NaN NaN NaN NaN 5.59 6.09 5.99 5.59 7 6.43 3.1 5.49 5.79 5.79 5.99 5.99 17.2 7.2 13.4 5 9.7 5.1 7.1 7 5.59 5.89 5.89 3.6 5.69 3.1 3 5.59 5.19 1.1 16.8 5.69 5.49 5.19 5.19 3 3.6 5.89 5.99 5.69 5.79 5.89 1.2 5.79 5.69 30.5 5.1 5.69 5.59 5.49 10.8 8.9 7.7 4.99 3.8 NaN NaN NaN NaN NaN NaN NaN NaN NaN NaN NaN NaN NaN NaN NaN NaN NaN NaN NaN NaN NaN NaN NaN NaN NaN NaN
NaN NaN NaN NaN NaN NaN NaN 5.59 5.69 6.09 5.99 5.59 6.03 17.7 5.93 7.1 5.49 5.49 5.79 30.2 30.3 3.1 7.8 5.2 8.3 10.2 12.2 7.1 5.69 5.89 24.3 5.69 5.59 5.79 3 1 5.59 5.69 24.7 5.49 1 5.99 5.69 8.8 5.19 16.2 5.69 5.89 5.69 5.59 5.79 23.4 3.6 5.79 5.69 5.59 7.55 7.05 5.5 15.8 5.19 5.09 NaN NaN NaN NaN NaN NaN NaN NaN NaN NaN NaN NaN NaN NaN NaN NaN NaN NaN NaN NaN NaN NaN NaN NaN NaN NaN NaN
NaN NaN NaN NaN NaN NaN NaN 5.69 5.69 5.69 5.69 5.69 6.23 6.13 6.13 6.13 9.6 6.33 6.43 8.2 8.5 3 5.7 10.3 3 30.3 7 3 1 5.89 6.09 1.3 5.69 5.79 5.79 1 7.6 3.2 3.1 3.2 5.69 5.29 5.79 5.19 3.8 8.9 3 1.1 5.69 5.99 5.69 5.89 5.69 5.99 5.99 18.8 7.45 7.25 7.45 7.15 4.3 5.19 NaN NaN NaN NaN NaN NaN NaN NaN NaN NaN NaN NaN NaN NaN NaN NaN NaN NaN NaN NaN NaN NaN NaN NaN NaN NaN NaN
NaN NaN NaN NaN NaN NaN NaN NaN NaN NaN 5.59 5.59 NaN 6.03 6.03 6.03 1 11.3 1.3 1.1 1 26.3 6.1 6.09 8.1 15.8 5.59 3 5.69 5.79 5.99 11.6 5.79 5.69 5.89 9.2 30.2 5.69 8.2 5.59 5.59 5.49 5.29 5.39 1.1 7.6 1.2 1 1.1 3.7 5.69 5.69 5.89 5.99 5.69 5.59 5.69 7.35 7.35 12.05 1.2 NaN NaN NaN NaN NaN NaN NaN NaN NaN NaN NaN NaN NaN NaN NaN NaN NaN NaN NaN NaN NaN NaN NaN NaN NaN NaN NaN NaN
NaN NaN NaN NaN NaN NaN NaN NaN NaN NaN NaN NaN NaN NaN 6.43 6.43 1 30.4 6.53 1 5.99 6.39 1 3.1 13.2 5.69 5.69 5.69 1.1 3.7 7.75 5.79 5.79 3.6 5.79 5.69 5.89 5.49 1.1 30.3 8.6 1 8.8 5.59 1.1 5.29 5.39 1.3 5.19 5.19 5.69 5.69 6.19 3.6 5.69 5.69 26.4 5.19 7.25 7.05 18.8 NaN NaN NaN NaN NaN NaN NaN NaN NaN NaN NaN NaN NaN NaN NaN NaN NaN NaN NaN NaN NaN NaN NaN NaN NaN NaN NaN NaN
NaN NaN NaN NaN NaN NaN NaN NaN NaN NaN NaN NaN NaN 6.43 1 6.53 5.1 6.83 6.53 5 1.1 6.29 5.69 1 5.69 5.79 1.3 7.45 7.1 1.2 7.45 10.05 5.69 3.6 5.99 5.89 1 5.59 1.1 3.9 5.39 5.49 3.1 5.49 5.49 5.39 5.29 5.19 5.29 5.29 9.6 5.49 5.89 17.8 5.79 5.79 1.1 5.39 6.95 6.95 6.95 NaN NaN NaN NaN NaN NaN NaN NaN NaN NaN NaN NaN NaN NaN NaN NaN NaN NaN NaN NaN NaN NaN NaN NaN NaN NaN NaN NaN
