Outfile_4.asc
NCOLS 201
NROWS 151
XLLCORNER 730592.938286
YLLCORNER 2561222.529137
CELLSIZE 145.176046
NODATA_VALUE NaN
[rows 0 to 32 of 151, columns 74 to 147 of 201]
NaN NaN NaN NaN NaN NaN NaN NaN NaN NaN NaN NaN NaN NaN NaN NaN NaN NaN NaN NaN NaN NaN NaN NaN NaN NaN NaN NaN NaN NaN NaN NaN NaN NaN NaN NaN NaN NaN NaN NaN NaN NaN NaN NaN NaN NaN NaN NaN NaN NaN NaN NaN NaN NaN NaN NaN NaN NaN NaN NaN NaN NaN NaN NaN NaN NaN NaN NaN NaN NaN NaN NaN NaN NaN
NaN NaN NaN NaN NaN NaN NaN NaN NaN NaN NaN NaN NaN NaN NaN NaN NaN NaN NaN NaN NaN NaN NaN NaN NaN NaN NaN NaN NaN NaN NaN NaN NaN NaN NaN NaN NaN NaN NaN NaN NaN NaN NaN NaN NaN NaN NaN NaN NaN NaN NaN NaN NaN NaN NaN NaN NaN NaN NaN NaN NaN NaN NaN NaN NaN NaN NaN NaN NaN NaN NaN NaN NaN NaN
NaN NaN NaN NaN NaN NaN NaN NaN NaN NaN NaN NaN NaN NaN NaN NaN NaN NaN NaN NaN NaN NaN NaN NaN NaN NaN NaN NaN NaN NaN NaN NaN NaN NaN NaN NaN NaN NaN NaN NaN NaN NaN NaN NaN NaN NaN NaN NaN NaN NaN NaN NaN NaN NaN NaN NaN NaN NaN NaN NaN NaN NaN NaN NaN NaN NaN NaN NaN NaN NaN NaN NaN NaN NaN
NaN NaN NaN NaN NaN NaN NaN NaN NaN NaN NaN NaN NaN NaN NaN NaN NaN NaN NaN NaN NaN NaN NaN NaN NaN NaN NaN NaN NaN NaN NaN NaN NaN NaN NaN NaN NaN NaN NaN NaN NaN NaN NaN NaN NaN NaN NaN NaN NaN NaN NaN NaN NaN NaN NaN NaN NaN NaN NaN NaN NaN NaN NaN NaN NaN NaN NaN NaN NaN NaN NaN NaN NaN NaN
NaN NaN NaN NaN NaN NaN NaN NaN NaN NaN NaN NaN NaN NaN NaN NaN NaN NaN NaN NaN NaN NaN NaN NaN NaN NaN NaN NaN NaN NaN NaN NaN NaN NaN NaN NaN NaN NaN NaN NaN NaN NaN NaN NaN NaN NaN NaN NaN NaN NaN NaN NaN NaN NaN NaN NaN NaN NaN NaN NaN NaN NaN NaN NaN NaN NaN NaN NaN NaN NaN NaN NaN NaN NaN
NaN NaN NaN NaN NaN NaN NaN NaN NaN NaN NaN NaN NaN NaN NaN NaN NaN NaN NaN NaN NaN NaN NaN NaN NaN NaN NaN NaN NaN NaN NaN NaN NaN NaN NaN NaN NaN NaN NaN NaN NaN NaN NaN NaN NaN NaN NaN NaN NaN NaN NaN NaN NaN NaN NaN NaN NaN NaN NaN NaN NaN NaN NaN NaN NaN NaN NaN NaN NaN NaN NaN NaN NaN NaN
NaN NaN NaN NaN NaN NaN NaN NaN NaN NaN NaN NaN NaN NaN NaN NaN NaN NaN NaN NaN NaN NaN NaN NaN NaN NaN NaN NaN NaN NaN NaN NaN NaN NaN NaN NaN NaN NaN NaN NaN NaN NaN NaN NaN NaN NaN NaN NaN NaN NaN NaN NaN NaN NaN NaN NaN NaN NaN NaN NaN NaN NaN NaN NaN NaN NaN NaN NaN NaN NaN NaN NaN NaN NaN
NaN NaN NaN NaN NaN NaN NaN NaN NaN NaN NaN NaN NaN NaN NaN NaN NaN NaN NaN NaN NaN NaN NaN NaN NaN NaN NaN NaN NaN NaN NaN NaN NaN NaN NaN NaN NaN NaN NaN NaN NaN NaN NaN NaN NaN NaN NaN NaN NaN NaN NaN NaN NaN NaN NaN NaN NaN NaN NaN NaN NaN NaN NaN NaN NaN NaN NaN NaN NaN NaN NaN NaN NaN NaN
10.1 NaN NaN NaN NaN NaN NaN NaN NaN NaN NaN NaN NaN NaN NaN NaN NaN NaN 10.3 8.1 NaN NaN NaN NaN NaN NaN NaN NaN NaN NaN NaN NaN NaN NaN NaN NaN NaN NaN NaN NaN NaN NaN NaN NaN NaN NaN NaN NaN NaN NaN NaN NaN NaN NaN NaN NaN NaN NaN NaN NaN NaN NaN NaN NaN NaN NaN NaN NaN NaN NaN NaN NaN NaN NaN
14.65 NaN NaN NaN NaN NaN NaN NaN NaN NaN NaN NaN NaN NaN NaN NaN NaN 10.35 14.961 8.65 NaN NaN NaN NaN NaN NaN NaN NaN NaN NaN NaN NaN NaN NaN NaN NaN NaN NaN NaN NaN NaN NaN NaN NaN NaN NaN NaN NaN NaN NaN NaN NaN NaN NaN NaN NaN NaN NaN NaN NaN NaN NaN NaN NaN NaN NaN NaN NaN NaN NaN NaN NaN NaN NaN
19.936 NaN NaN NaN NaN NaN NaN NaN NaN NaN NaN NaN NaN NaN NaN 15.04 15.11 10.55 12.15 8 NaN NaN NaN NaN NaN NaN NaN NaN NaN NaN NaN NaN NaN NaN NaN NaN NaN NaN NaN NaN NaN NaN NaN NaN NaN NaN NaN NaN NaN NaN NaN NaN NaN NaN NaN NaN NaN NaN NaN NaN NaN NaN NaN NaN NaN NaN NaN NaN NaN NaN NaN NaN NaN NaN
9.25 NaN NaN NaN NaN NaN NaN NaN NaN NaN NaN NaN NaN 10.95 15.091 15.007 14.969 11.95 14.85 15.022 14.85 NaN NaN NaN NaN NaN NaN NaN NaN NaN NaN NaN NaN NaN NaN NaN NaN NaN NaN NaN NaN NaN NaN NaN NaN NaN NaN NaN NaN NaN NaN NaN NaN NaN NaN NaN NaN NaN NaN NaN NaN NaN NaN NaN NaN NaN NaN NaN NaN NaN NaN NaN NaN NaN
12.45 NaN NaN NaN NaN NaN NaN NaN NaN NaN 9.05 12.2 10.7 12.15 14.3 11.7 15.004 15.028 13.25 5.5 6.45 NaN NaN NaN NaN NaN NaN NaN NaN NaN NaN NaN NaN NaN NaN NaN NaN NaN NaN NaN NaN NaN NaN NaN NaN NaN NaN NaN NaN NaN NaN NaN NaN NaN NaN NaN NaN NaN 9 NaN 10.35 NaN NaN NaN NaN NaN NaN NaN NaN NaN NaN NaN NaN NaN
NaN NaN NaN NaN NaN NaN NaN NaN NaN NaN 15.038 15.062 14.983 15.009 15.083 14.65 15.02 12.95 13.3 11.4 10.35 NaN NaN NaN NaN NaN NaN NaN NaN NaN NaN NaN NaN NaN NaN NaN NaN NaN NaN NaN NaN NaN NaN NaN NaN NaN NaN NaN NaN NaN NaN NaN 9.95 14.983 10.1 6.1 15.007 14.953 15.123 9.2 15.019 5.1 8.6 NaN NaN NaN NaN NaN NaN NaN NaN NaN NaN NaN
NaN NaN NaN NaN NaN NaN NaN NaN NaN 14.961 15.279 15.058 15.062 15.01 14.996 14.986 9.3 13.45 13.85 15.031 15.018 14.985 NaN NaN NaN NaN NaN NaN NaN NaN NaN NaN NaN NaN NaN NaN NaN NaN NaN NaN NaN NaN NaN NaN NaN NaN NaN NaN NaN NaN NaN NaN 15.082 12.65 11.65 15.009 9.05 11.3 15.073 7.95 11.75 7.85 14.7 9.55 NaN NaN NaN NaN NaN NaN NaN NaN NaN NaN
9.2 NaN NaN NaN NaN NaN NaN NaN 15.136 12.75 15.057 15.058 12.35 8.2 15.079 14.956 9.9 15.059 14.25 11.6 15.154 6.05 NaN NaN NaN NaN NaN NaN NaN NaN NaN NaN NaN NaN NaN NaN NaN NaN NaN NaN NaN NaN NaN NaN NaN NaN NaN NaN NaN NaN NaN 13.2 14.97 15.102 15.047 12.3 15.037 15.107 15.079 12.4 14.963 15.017 8.95 9.2 NaN NaN NaN NaN NaN NaN NaN NaN NaN NaN
12.65 NaN NaN NaN NaN NaN 14.98 8.85 15.265 5.8 15.111 5.35 10.25 14.958 14.8 9 14.999 9.6 14.974 15.001 15.015 10 13.8 NaN NaN NaN NaN NaN NaN 8 NaN NaN NaN NaN NaN NaN NaN NaN NaN NaN NaN NaN NaN NaN NaN NaN NaN NaN NaN NaN NaN 13.45 11.25 14.6 10.85 15.056 14.1 10.95 14.993 14.55 15.059 10.1 8 10.2 10.9 NaN NaN NaN NaN NaN NaN NaN NaN NaN
9.95 5.9 NaN NaN 15.032 15.037 15.099 15.107 15.156 15.171 15.073 13.7 15.098 8.2 14.35 14.8 13.9 10.65 10.2 9.9 14.982 14.65 8.8 NaN NaN NaN NaN NaN NaN 2.4666666667 11.25 8.9 NaN NaN NaN NaN NaN NaN NaN NaN NaN NaN NaN NaN NaN NaN NaN NaN NaN NaN NaN 10.75 2.65 14.05 15.06 14.15 11.4 11.65 15.042 15.197 13 5.0118913743 9.25 8.05 8.4 NaN NaN NaN NaN NaN NaN NaN NaN NaN
8.8 12.45 19.954 13.55 19.969 15.093 15.053 15.225 15.181 15.071 15.101 14.958 10.3 14.985 13.7 11.2 9.35 15.128 10.85 14.15 8.6 11.05 4.8 12.4 8.6 NaN NaN NaN NaN 2.3203703704 6.6833333333 2.5 14.964 15.015 9.6 15.002 14.992 NaN NaN NaN NaN NaN NaN NaN NaN NaN NaN NaN NaN NaN NaN NaN 15.178 14.35 5.1 14.75 15.008 14.65 15.03 14.959 10.75 9.65 9.9 14.929511354 8.85 8.65 NaN NaN NaN NaN NaN NaN NaN NaN
9.6 5.45 6.05 20.147 12.7 14.962 15.018 11.7 10.15 15.014 11.65 15.015 15.043 12.35 10.85 15.039 12.85 9.7 14.8 15.202 10.9 10.85 14.979 9.7 9.55 11.8 12.55 5 13.05 14.9 11.15 15.022 14.973 14.988 12.15 15.145 15.049 12.45 9.65 NaN NaN NaN NaN NaN NaN NaN NaN NaN NaN NaN NaN 15.013 14.958 9.65 14.1 11.7 15.083 14.35 5.7257618163 14.959 10.75 14.85 8 10.95 5.4540925512 NaN NaN NaN NaN NaN NaN NaN NaN NaN
19.946 10.9 12.85 19.979 17.55 15.132 15.033 12.55 14.5 9.2 15.072 15.013 15.02 15.032 11.55 11.65 14.3 11.95 9.3 9.6 15.031 14.35 14.964 14.963 13.35 14.55 15.006 14.978 8.85 15.019 14.15 15.002 12.6 15.01 9.6 6.2 15.011 15.208 15.037 13.8 15.022 9.35 NaN NaN NaN NaN NaN 8.3 NaN 15.235 11.55 9.15 12.45 14.994 15.05 4.95 9.7 15.063 15.084 11.8 15.047 11.05 10.65 10.55 NaN NaN NaN NaN NaN NaN NaN NaN NaN NaN
20.143 5.55 7.5 20.053 15.151 15.113 13.8 6.1 15.063 14.955 14.1 14.55 14.55 13.95 15.051 10.65 10.1 10.15 12.4 15.05 14.967 14.9 11.85 15.038 15.119 15.047 15.023 12.55 12.45 10.55 2.8666666667 12.55 11.6833333333 15.0633703704 14.951 5.35 15.057 5.55 15.114 15.048 14.4 15.007 15.057 10.95 14.991 10.5 10.2 9.8 13.75 9.85 15.006 11.05 10.05 11.95 9.75 14.55 13.1 15.02 14.1 15.136 14.4 15.052 8.7 9.65 15.052 10.75 NaN NaN NaN NaN NaN NaN NaN NaN
5.65 13.05 8.5 9.6 15.069 15.181 15.09 14.951 6.9 10.05 14.7 14.5 10.6 13.35 15.06 12.75 9.05 12.15 5.65 15.064 11.1 10.1 15.003 9.3 13.3 10.65 13.45 8.7 15.094 6.8013641714 2.7666666667 12.8 6.8833333333 15.024 11.4 9.4 5.3 14.15 9.4 14.9 8.05 10 9.4 15.094 15.022 15.027 14.8 12.35 10.95 14.978 14.984 15.003 9.35 5.6789342698 8.8 2.4884487607 11.95 15.003 14.8 14.45 15.009 8 11 14.983 10.45 9.7 15.009 11.6 12.2 15.06 14.96 5.25 15.042 15.022
10.55 7.35 11 12.05 14.997 7.85 15.131 15.004 9.7 12.95 13.05 15.063 13.8 10.7 15.129 8.65 5.4 11.2 5.65 11.8 14 5.5 11.75 15.042 9.1 12.45 10.7 9 5.2380952381 11.2703703704 15.035 2.15 10.9 14.0513641714 13.25 9.55 8.35 5.35 5 4.8 4.7 14.976 15.049 11.25 15.169 11.95 14.986 14.974 10.4 12.75 11.85 14.2002805931 14.967 14.7 15.022 15.057 3.2040925512 14.8 10.8 12.4 9.8 15.161 13.8 14.979 14.956 10.9 14.965 10.65 9 14.55 14.75 15.065 15.001 14.984
10.35 7.9 8.95 7.65 9.5 8.85 10.75 10.4 12.1 15.112 9.65 12.1 11.9 15.023 14.961 15.021 15.136 11.5 11.2 6.75 14.974 7.95 11.1 11.65 9.05 8.05 15.052 14.997 14.969 13 14 8.45 11.6 14.2333333333 15.06 13.4 11.1 15.196 13 12.25 13.05 15.1299244652 14.9649137706 11.7 15.0419588438 14.993 15.04 14.6 10.35 5.35 7.75 9.8 15.009 10.6 14.9785006541 9.7 14.9483333333 11.4 3.26898463 15.091 9.8 15.043 12.15 14.962 10.05 14.964 10.6 10.3 15.033 14.995 9.45 11.65 11.7 14.974
7.4 8.05 16.45 8.4 11.4 6.6 15.077 NaN 14.955 15.078 15.122 15.237 15.047 10.45 10.15 15.023 14.954 15.106 9 15.054 10.05 9.15 14.983 6.673998276 15.1497777778 15.095 15.0067777778 14.9347777778 8.6 10.85 9.75 8.45 12.8 11.1 15.005 9.3064102564 10.85 14.25 9.75 11.45 10.1 11.75 5.4685127644 5.5991289 15.047142394 10.65 15.065 15.067 14.55 14.35 10.9 8.9 11.4 15.0930925512 7.4 13.1 15.036 14.97 14.96 14.55 14 14.976 15.059 11.45 9.4 9.3 7.85 14.991 14.976 15.006 9.4 11.9 12.4 11.6
14.8579276146 9.35 7.45 7.8 7.05 9.05 NaN 8.55 NaN 8.55 15.1552222222 15.0919342698 15.101 12.4 11.85 15.155998276 9.9 5.703030303 14.955 12.8 8.35 10.55 13.2 15.017 13.7761904762 8.75 6.0761904762 12.6761904762 11.4445644158 15.0728182626 5.997178591 8.75 3.05 6.0117382165 5.7666666667 15.0416666667 6.7714045971 12.4 15.01 11.05 15.0860664066 15.0810225406 6.2547379305 7.0404286252 6.7711282852 14.9471371761 15.1974922192 10.6 8.8289342698 14.05 14.05 13.35 7.95 15.0203333333 11.4 11.8 14.85 11.5 10.2 15.0212369137 15.1 14.952 14.989 14.99 15.01 11.8 5.15 9.2 4.75 15.024 11.55 10.5 8.45 12.15
8.1 8.45 7.75 13.7 8.8 8.4 7.9 7.6 NaN 8 6.753030303 10.25 6.0333333333 15.1743333333 14.966 15.081 11.3 13.3 11.7270461645 14.985 13.25 6.1453558739 12.9 9.05 6.2111111111 6.3611111111 6.4611111111 6.0611111111 7.1609550211 8.5012482872 7.5277777778 6.2374258846 10.0580151505 3.52568603 2.9880983798 5.8833333333 15.1380925512 7.3111111111 15.028 9.35 15.004 15.001 10.3 14.0773928005 6.8421877893 3.2166666667 5.8622501134 15.043 11.5 13.55 5.8656866083 12.6 10.65 7.4 9.5 11.1 9.85 15.081 10 13.45 11.35 5.3 12.2 14.964 11.2 14.991 9.4 8.55 10.6 8.95 12.1 9.15 11.9 14.955
13.2 10.7 10.95 19.989 9.05 7.5 8.75 8.4 7.45 6.9055555556 8.8 15.017 15.024 6.2166666667 3.4333333333 9.75 3.7111111111 10.3 15.032 14.9983333333 9.45 15.029 9.4 11.35 6.8166666667 14.2666666667 6.8666666667 6.7166666667 12.0200953027 12.6208927697 10.4120225406 15.0190453033 15.0180685946 13.6314757273 15.066057876 15.1423333333 10.8 15.052 8.15 14.1 12.5325157082 9.9 8.75 15.071 15.1975575791 14.9863333333 15.007511354 14.6 2.347996552 2.6585207206 2.9982350545 8.95 15.1373623108 8 8 7.9 2.6032369137 14.7 9.8 14.979 5.4 15.025 2.1 12.15 15 12.65 15.039 14.45 9.7 2 9 15.029 10.8 1.65
20.15671197 10.5 19.938 15.011 8.7 15.0116666667 9 8.25 7 15.1403333333 14.9413333333 10.65 14.75 5.7 15.056 15 15.0946666667 15.14 13.55 9.45 14.955 8.85 10.65 14.9675555556 5.7761904762 6.0761904762 5.6261904762 5.5261904762 15.1009522925 7.5897640738 14.9775602819 15.0297379305 8.05 14.9992105808 3.3055555556 11.45 14.55 10 13 12.9523689097 10.8036979496 10.4 8.15 2.5100148419 9.6 3.2245006541 15.0926666667 15.101 14.988 14.968 6.3159705015 15.087708522 6.9 8.15 2.5737619586 13.55 10.4 13.3 14.963 14.05 14.969 5.15 15.096 15.041 9.95 15.015 14.961 15.148 12.45 11.7 11.7 10.05 5.35 NaN
19.9256666667 3.3611111111 9.95 15.1411111111 7.9 15.0741111111 7.9 14.9511111111 15.0395006541 7.95 12.6833333333 11.8 6.2584518793 12.7 15.064 14.98 6.2261904762 15.164 15.014 15.084 15.0171050248 9.85 11.8094922192 13.25 14.956 5.4277777778 5.9277777778 6.8277777778 2.6277777778 7.0117382165 14.9648969948 14.7851191813 15.004584533 11.617305074 15.060030303 8.5 15.073 15.031 8.05 14.919030303 10.2297798013 15.0234285714 7.85 5.9637297639 5.3768601941 5.7134491708 6.3270461645 6.7953558739 9.3 15.022 15.0656892072 15.04471197 15.0097204931 8.8 10.55 10.2 5 5.35 15.014 15.044 14.964 10.65 5.3 5.85 12.9 10.45 10.7 13.5 14.959 9.55 14.4 10.75 15.022 12.9
6.95 7.1 8 3.0666666667 6.8 3.0166666667 7.15 8.1 9.7 10.85 8.65 8.9 8.55 11.45 14.952 11.05 15.0067858837 9.35 10.4 10.05 11.55 12.75 4.9647188482 14.9433333333 5.7021130107 5.3 5.95 5 6.1694840324 15.022 10 15.1422609479 6.0055555556 15.108030303 14.4083333333 15.0033333333 14.9433333333 11.5 13.05 15.1457777778 14.9851904762 9.35 7.8 15.119 5.3777777778 5.1635231517 5.2594922192 8.95 10.05 10.4068038428 15.164 14.35 15.1402373727 12.3 6.9753443262 10.9 11.9 13.8 8.9 13 15.042 8.65 11.35 15.028 15.052 13.15 13.4 14.85 10.6 15.047 13.6 11.8 5.1 8.6
8.6 8.3 8.25 7.35 6.8 6.55 7 10.65 12.8 8.25 8.7 7.75 7.55 11.75 15.002 14.952 15.2011130107 8.4 14.987 11.7 14.964 4.95 4.9 5.15 5.3 5.35 6.15 6.05 6.3277777778 7.0761904762 11.4 7.9 14.9819040394 6.6423526966 2.2047650464 8.6 15.029 5.5618913743 15.0363333333 15.0054491708 9.05 14.9926666667 15.0031111111 9.55 5.9277777778 15.003 2.1722222222 10.6594922192 6.8389532194 7.8853397564 14.9957003671 10.95 7.9 11.2 7.35 14.15 8.05 5.25 14.968 15.011 15.09 13.45 13.4 10.45 15.025 14.7 15.043 15.086 15.047 15.018 14.05 15.097 15.077 9.8
