Outfile_1.asc
ncols         201
nrows         151
xllcorner     733748.947016
yllcorner     2561541.418206
cellsize      137.483444
NODATA_value  -9999
[rows 78 to 116 of 151, columns 86 to 171 of 201]
1 3.7 3.6 7 5 16.7 5.2 5 5.5 5.5 4.7 14.1 9 24.1 5 3.1 5 16.7 5 5.1 3.1 8.3 6.3 7.7 30.2 5 5.1 3.1 1 30.4 5.2 5 5 5.9 5.9 6.7 7 7.1 6.9 1 6.2 7 6.9 7.3 20.8 3.1 1.2 5.7 6.25 6.05 5.95 6.05 6.35 6.15 6.05 6.65 6.65 6.65 5.1 7.15 7.15 7.05 7.15 7.9 9.2 11.9 26.7 30.5 12.45 7.25 7.35 13.8 16.8 12.25 7.45 7.75 30.4 10.15 7.45 7.65 7.55 7.45 5.8 7.45 7.55 7.55
3 3.2 6.1 3 1 6.2 5.6 5.6 5.3 6.1 5.4 5.1 4.4 7.1 4.4 5.1 5.2 4.7 5 5.1 5.3 3.1 5 8.8 5.3 23.1 3.1 5.8 10.2 5 5.2 5.9 5.8 12.2 14.6 7 18.2 30.1 1.2 1 6.9 3.7 3 7.5 3.6 28.8 6.1 30.6 6.35 1.1 6.35 6.35 6.55 3 6.95 6.85 7.05 6.85 9.2 30.5 5.3 7.05 7.15 9.55 30.5 9 9.1 12.8 30.4 30.3 7.35 7.55 7.25 7.55 3.1 7.05 7.75 15.15 7.35 30.15 7.65 14.45 10.25 7.65 7.55 7.65
30.2 9 6.2 6 6.3 12.7 9.7 6.2 6.1 6 5.3 5.5 5.1 5.1 5 5.1 5.2 3 5.1 5.2 30.1 3 5 3.6 6.1 7.7 26.2 6.4 1.3 5 5 5.9 3.1 5.9 3.2 6.5 1 13.1 5.7 1.1 3.6 3.3 13.1 3.2 7.2 3 3.3 6.65 6.35 6.25 6.45 6.35 7.15 3.1 7.15 7.15 7.05 7.15 9.1 7.05 6.95 7.25 21.8 7.7 14.4 9.6 30.2 30.5 6.55 7.45 7.55 7.45 14.8 12.75 7.65 7.15 7.05 6.85 12.65 7.55 7.55 7.55 9.95 7.45 10.05 30.5
5 30.3 6.2 6.1 6.3 3.6 7.2 6.1 6 6 6 6 6.2 1.1 5.3 7.1 4.6 4.8 4.6 5.2 5.3 3 3 3.1 3.1 5.2 10.1 6.1 6.3 7.1 1.2 9.1 5.1 6.1 30.3 5.6 3 3.1 8.2 4.7 6.9 5.7 1 7.4 3.1 7.15 3.1 7.15 7.35 7.15 7.25 7.25 7.15 7.25 7.05 9.55 6.95 6.85 12.8 17.7 6.95 9.65 9.75 7.05 7.2 14.3 30.3 30.4 6.35 17.6 9 9 9.1 11.6 7.65 29.3 7.55 10.15 30.2 7.65 9.95 9.95 19 7.45 10.05 7.65
6.2 6 5.1 6.2 6.2 6.1 6.2 1.1 1 6 6 6 3.6 6.2 1.2 1 5.7 5.8 9 30.2 5 5.6 3 6.1 1.1 3.2 1.1 1.1 3 5.1 3 11.6 9.1 3.2 1.1 1.2 30.4 3.1 3 1.1 1 7 3.1 6.75 7.15 7.25 7.15 9.75 9.85 5.7 7.15 7.35 7.05 6.85 6.85 7.05 6.85 12.05 7.05 1.2 3.7 6.95 6.95 30.35 7.2 16.7 9.6 30.4 6.55 5.1 9 6.25 6.35 6.65 6.75 6.95 6.95 1.1 30.5 15.7 16.8 7.45 7.45 7.45 30.25 7.55
10.4 6.2 6 6.2 8.7 6 6.1 3.6 6 6 6 6 6.1 6.2 6 6.1 6 1 5.1 5.8 5.3 9 5.6 5.6 7.2 3.2 1.1 3 3 5 4.85 5.55 5.55 8.2 6.45 5.7 3.7 5.1 1.1 3.1 3.1 7 7.05 6.95 6.85 7.05 7.05 7.15 8.2 3.1 1.1 6.95 6.85 7.55 6.95 6.75 6.95 6.95 7.05 6.4 3.8 6.95 6.95 7.15 6 9 5.8 9.1 7.1 11.7 6.35 5.95 5.75 6.45 6.55 6.85 6.65 7.55 7.35 21.7 7.55 7.75 7.65 7.95 9.95 7.35
6.2 16.7 5.8 21.7 1.3 3.1 1.1 3.7 5 3 1 6 6.2 30.2 3.7 6 6 1 6 30.3 5 1 1 5 5.4 24.3 30.3 5 7 5.15 5.35 5.8 1 1 1.1 3.8 3.7 8.2 6.2 6.15 3 3.6 7.05 6.85 7.1 6.65 3 7.05 1.3 7.05 6.95 5.1 6.95 6.85 7.75 6.75 6.65 6.55 14.65 9.65 6.95 6.95 6.95 7.15 9.75 11.7 14.2 14.2 7.1 6.85 30.2 9 5.85 6.45 6.75 7.65 7.35 7.55 14.2 7.55 7.55 30.35 15 12.35 7.35 7.45
6.2 14.2 30.2 5.8 30.2 5.7 6 6.2 6 1 6 6 6.2 3.1 3.6 6 3 6 6 6.1 7.1 1 6 6 5.8 10.2 6.4 1.1 5.1 1.1 3.1 6.1 6.3 3.6 1.2 3.7 30.1 3 5.75 3 7.05 8.4 3.3 3.6 3.6 3 3 3 13.8 1 6.85 6.75 6.85 6.95 7.05 10.15 7.55 7.55 6.75 30.2 7 7.05 7.05 7.15 30.3 16.7 30.1 6.95 6.55 6.75 6.95 16.2 30.1 6.75 6.75 6.75 7.55 7.45 7.75 7.45 10.05 30.9 7.25 7.55 7.25 30.3
5.85 9.7 6.25 20.3 30.2 6.35 17.2 13.4 10.2 6.2 9.1 19.2 1.2 5.55 5.55 5.75 5.55 5 5.85 6.15 6.35 1 3 5 5.1 6.45 8.3 5.8 1.1 3.1 1 1 1.2 1 1 21.4 5.85 5 1 1.1 3.1 6.75 7.05 13.2 6.85 3.1 6.65 1 6.3 1 3.6 6.75 6.85 7.05 6.85 1.2 11.25 9.75 5 30.2 7.7 14.7 30.2 30.5 11.6 6.85 1.1 24.3 9 6.55 8.3 6.75 7 7.05 3.6 6.65 6.75 7.45 27.55 10.35 30.4 7.35 7.75 21.7 7.25 7.35
5.95 7 10.3 22.8 5.95 5 3 1.2 5 7.6 30.5 1.2 5.75 5.65 5.95 5.95 3.2 3 5 5 5.1 6.35 6.35 5.2 3.9 1.2 1 3.7 3.1 3 3 3 5.6 3.2 1 6.25 6.45 6.15 3 5.85 6.85 6.75 6.75 6.85 6.85 3 6.45 10.7 6.1 6.2 6.85 5 1.1 5 7.05 6.95 7.65 9.65 6.85 7.55 12.1 3 26.6 7.05 11.6 30.4 6.55 5.2 15.6 9.2 30.3 30.4 6.65 6.75 6.95 14 6.85 7.65 7.55 7.95 11.9 7.45 1.1 7.35 7.35 7.55
5 5.55 5.85 5 5.3 15.1 5 3.3 1.1 5.2 30.3 7 5.95 5.55 5.85 3 6.35 6.05 5.7 6.35 10.9 7.7 6.45 3.1 1.2 3 5.1 3.1 1 8.1 1 3 1.1 6.15 6.25 6.25 3.7 6.35 3.6 1 1.3 6.85 6.65 6.85 6.45 6.45 6.45 5 18.2 6.75 6.45 6.45 5.1 3.7 1.1 6.5 30.1 7.35 7.15 9.65 9 14 25.7 9.2 9.85 1 6.75 6.65 6.85 6.45 6.55 6.75 6.65 6.65 11.8 6.95 7.35 12.75 7.35 30.15 10.3 7.45 17.45 7.35 7.15 5.65
5.85 5.85 1.1 3 7.8 14.7 5.85 6.05 7.6 7.7 5 7 30.4 6.05 5.95 1.1 5.85 6.05 5.95 6.25 6.25 6.15 1 3.7 6.35 7.6 8.7 1.1 1.2 21.2 1 1 5.85 5.75 3 5.95 6.05 30.1 1 5.85 6.1 8.1 5 9.6 6.55 6.35 5 6.45 6.45 6.75 6.35 1.2 6.55 3.8 5.8 8.8 6.45 19.2 6.1 9.1 1.2 6.2 14 16.8 19.4 19.2 26.8 6.75 6.25 6.65 6.45 6.45 6.65 6.85 6.55 16.9 6.85 6.85 7.55 7.35 7.35 7.15 7.35 7.35 5.55 5.65
7.1 6.25 6.35 5.35 7.7 5.3 11.6 15.5 18.3 15.3 17.2 5.65 5.65 5.55 6.05 6.35 10.8 17.8 20.2 5.1 12.2 5.95 9.6 9.8 5.2 7.1 1.2 7.1 12.7 11.6 3.9 1.2 5.95 6.05 30.3 6.15 11.4 1.2 6.05 28.8 5.1 3.2 5.1 6.2 5.3 1.1 6.45 20.1 6.55 26.7 6.55 15.7 5.8 3.2 1.1 14.8 6.95 6.85 6.55 6.85 6.35 6.45 6.95 12.45 7.25 30.7 30.4 6.45 6.35 6.35 6.25 6.25 6.95 6.75 30.4 6.45 6.85 12.55 6.95 1.2 3.2 7.15 7.45 5.65 5.55 4.95
6.45 6.25 6.35 6.35 6.05 5.3 3.3 6.25 5.25 6.25 5.75 5.85 1 1 5.75 6.15 5 6.15 5.6 9.1 30.2 3.1 6.3 5.95 6.05 7 5.6 1 1.1 1.1 1 1.1 6.15 6.25 1.2 1 3.7 6.3 1.1 6.4 30.2 1.2 1.1 1.1 10.2 5 5 5 6.15 6.85 6.95 6.95 6.75 6.65 6.65 3.1 6.95 7.2 6.85 7.55 7.05 7.05 7.05 7.25 16.7 7.15 6.25 6.35 6.35 6.95 7.05 6.15 6.45 6.45 6.45 28.6 6.85 6.85 7.25 7.45 5.7 5.55 4.65 4.75 4.65 4.85
6.25 6.25 6.35 13.1 6.25 1 6.35 30.5 5.35 5.95 6.15 3.1 5 5.45 1 5.75 1 3 3.1 30.2 5.1 3 3.6 1 21.7 19.8 1.1 3.8 5.6 3 3.1 9 1.1 6.45 1.1 1 1 1.3 6.2 5.75 6.35 3 3.3 3.2 3.2 5.3 3.7 24.7 6.05 30.5 7.15 28.2 1.1 1.2 11.3 3.1 6.75 24.8 6.55 9.75 7.55 6.95 5.7 12.35 7.25 30.35 7.15 6.35 7.05 9.65 6.95 12.2 6.35 16.6 30.4 18 6.95 6.45 4.55 5.95 4.95 4.85 4.65 4.65 4.75 -9999
6.25 6.15 6.25 6.35 6.25 6.15 12.7 30.3 5.25 6.05 1 1.1 9 3 3 5.75 5.75 1 1 17.6 9.7 13.2 5.1 3 9.1 7 3.1 1.1 17.6 30.2 5.2 3.6 8.3 5.6 1.1 3 3 28.3 5.8 3 5.95 5 1 3.1 12.3 20.7 3 5 6.15 9.95 30.4 1.1 10.1 1.2 1.2 1 9.6 7.05 6.45 7.25 30.4 7.25 6.85 8.7 6.95 6.55 6.35 7.85 6.95 6.95 12.35 30.4 6.25 30.3 29.3 30.2 30.7 30.5 4.75 5.2 5 30.3 -9999 -9999 -9999 -9999
6.25 6.15 6.35 6.25 3 9 9 5.45 5.95 5.35 3.2 6.25 6.15 5.85 3 5.45 5.75 1 5 4.6 14.7 1.1 3 5.95 3.7 7.1 1.2 9.1 5 6.35 7.6 8.7 1 3.5 3.1 3.1 5.65 5.85 5.3 5 3.1 18.3 7.6 5.2 7.7 20.1 3 11.8 9.2 12.45 6.85 1 3.6 7.45 7.45 8.2 9.8 6.95 6.85 6.35 6.75 9.85 7.25 7.05 7.65 6.35 6.35 8.05 7.85 6.85 9.1 7.25 5.95 6.55 6.75 30.8 6.85 6.65 5.1 5.2 5.1 -9999 -9999 -9999 -9999 -9999
5.85 6.45 5.85 6.05 6.15 9 9 1 5.65 5.85 6.15 3.2 6.15 6.15 5 5.45 5.45 6.15 3 1 30.3 6.35 7.7 3.1 3 5.1 7 5.3 5.2 11.7 1.1 3.1 3 30.3 5.55 5.45 5.55 3.8 18.3 3.3 23.4 5.6 5.6 12.7 20.3 17.7 6.35 16.7 7.05 6.95 12.05 3.6 1.1 9 10.1 6.3 12.7 9.2 5.1 6.45 6.65 7.25 7.45 7.55 7.65 7.85 12.95 12.85 7.85 7.75 6.95 7.9 7.05 6.55 13.55 6.55 7.9 5.05 4.9 5.1 5.1 -9999 -9999 -9999 -9999 -9999
6.05 5.85 5.1 6.05 5 6.15 5.85 5.85 6.25 6.25 6.15 6.25 6.25 5.95 5 5.45 5.45 1 3 1 5.6 1.1 1 3.6 8.2 6.35 6.25 30.3 3.9 6.35 1.2 6.25 5.75 5.45 1.1 23.7 3 12.7 8.2 18.2 5.7 5.6 5.7 3.2 15.9 18.2 6.95 6.55 7.65 6.95 7.05 1.1 1 7.35 7.25 7.55 7.25 7 9.7 6.85 27.2 6.45 7.25 7.65 5.1 10.25 7.95 7.75 7.65 7.65 7.85 9.55 7.05 30.7 7.35 4.85 4.95 5.2 5 5.3 -9999 -9999 -9999 -9999 -9999 -9999
-9999 5.95 17.7 3.8 6.15 6.15 5.85 5.85 6.05 3.7 6.15 9.1 5.25 3.1 3 5.45 -9999 1 3 3.1 3 1.1 3 1 1 3.8 1 5.1 12.7 27.3 14.7 12.2 21.8 1.1 1.2 3.7 24.2 3.1 8.2 3.2 3 3.1 3 3.2 8.4 3 7.15 6.3 7.95 30.4 10.25 3.6 3.7 7.15 7.25 7.25 21.2 9.2 26.7 6.35 6.65 6.55 8.05 7.55 8.05 7.65 7.85 10.25 7.65 7.65 7.75 12.85 7.45 5.65 5.85 4.85 4.85 5.4 5.3 4.9 -9999 -9999 -9999 -9999 -9999 -9999
5.85 5 6.15 6.65 6.15 6.15 6.25 14.1 30.2 14.3 6.35 5.95 21.6 12.6 5.95 -9999 5.45 3 3 5.1 3 3 1.2 1 1 3.1 6.35 3.8 5.2 1.1 7.6 30.2 6.25 8.8 6.25 6.45 1.3 3.3 3.1 8.2 5 5.6 5 11.6 5.9 8.45 22.5 6.85 19 8.15 7.85 1 3.7 8.05 7.95 9.75 3.2 7.35 10.65 1.2 18.7 10.55 8.15 8.05 9.2 15.55 10.75 30.2 7.55 10.25 7.85 10.35 5.35 17.8 4.65 4.95 5.3 5 5.3 -9999 -9999 -9999 -9999 -9999 -9999 -9999
5.95 5.95 3.1 6.45 6.45 6.35 6.15 9 21.6 9 6.25 7 3 7.1 1.1 -9999 -9999 -9999 5.6 1.1 3 3 1 3.1 1 12.2 5.1 3.1 6.15 1.2 1.3 6.25 1.1 8.6 5.95 5.85 3 1.1 13.3 5.9 20.8 8.3 7.2 6.75 16.5 13.75 8.65 6.2 7.95 8.05 7.65 7.75 8.05 7.95 8.05 8.25 7.95 8.05 7.95 13.15 7.95 8.25 19.65 7.85 30.5 7.85 30.15 13.05 7.65 7.75 7.85 5.95 5.55 5.35 4.65 5.25 4.9 5.1 5.3 -9999 -9999 -9999 -9999 -9999 -9999 -9999
6.15 7 6.15 6.35 6.15 6.25 6.25 11.6 5.95 5.25 5.2 5.35 14.1 10.7 -9999 -9999 -9999 -9999 5.95 5.7 3.1 6.25 11.1 3.6 5.1 5.7 3.2 5.1 24.8 3 1.2 1.2 6.55 1 1.1 5.85 3 3 8.2 3.1 8.2 5.1 5.2 7.05 9.3 30.7 8.55 8.35 7.85 30.05 7.65 7.85 7.55 8.05 20.75 8.05 8.15 7.95 7.95 8.15 7.95 8.45 8.25 7.75 5.1 7.95 30.5 30.35 7.95 10.25 6.15 30.3 5.35 4.55 4.75 5.4 5 5.1 5.3 -9999 -9999 -9999 -9999 -9999 -9999 -9999
6.25 6.25 6.15 6.05 5.85 5.95 6.25 6.05 5.35 5.95 10.7 5.2 7.1 5.85 -9999 -9999 -9999 -9999 -9999 6.15 6.35 6.25 6.1 6.3 3.4 30.5 12.7 5.1 7.6 1.1 1 1.2 30.5 5.4 3.1 6.05 5.55 5.95 16.3 6.85 6.95 6.75 6.85 7.05 30.5 6.1 30.5 12.65 8.15 16.9 8.05 7.85 7.65 30.2 8.15 8.05 7.95 7.95 7.95 8.15 8.55 8.25 8.15 7.65 5.1 8.05 5.3 13.45 20.75 8.05 30.2 7.8 4.55 4.55 4.65 5 5.3 5.3 -9999 -9999 -9999 -9999 -9999 -9999 -9999 -9999
6.15 6.25 5.85 5.45 5.25 5.25 19.1 6.05 5.35 6.05 9.8 7.1 5.6 -9999 -9999 -9999 -9999 -9999 -9999 1 6.6 1.3 30.2 13.3 5.8 8.4 5.2 10.4 30.5 29.5 1.2 6.3 15.8 6.35 8.7 3.8 6.25 7.1 6.65 3.9 6.85 6.95 6.85 6.75 6.85 11.25 7.55 7.65 7.75 17.35 30.25 7.45 6.95 6.95 30.7 30.3 11.7 8.15 8.25 8.35 8.05 10.65 8.15 10.25 5.2 9.2 18.15 15.55 13.35 6.25 4.45 4.75 4.65 4.55 4.9 5.1 4.9 5.2 -9999 -9999 -9999 -9999 -9999 -9999 -9999 -9999
5.95 5.95 8.3 5.35 -9999 5.85 5.35 6.15 5.95 5 30.2 9.8 6.35 5.95 -9999 -9999 -9999 -9999 -9999 5.75 1 2.4 30.2 8.1 1 3.3 5.1 7.8 5.6 10.7 3.1 3.2 8.3 6.55 3.7 6.35 6.35 5.75 6.15 9.7 6.85 6.95 7.1 5.95 5.95 29.3 30.3 6.05 6.25 7.15 7.35 9.95 7.15 6.95 7.15 7.05 7.05 10.85 16.7 8.45 8.45 16.05 13.55 7.95 24.5 13.25 19.1 10.85 5.35 3.75 4.95 4.65 4.45 4.55 4.9 5.1 5 5.2 -9999 -9999 -9999 -9999 -9999 -9999 -9999 -9999
5.25 5.45 5.45 5.25 -9999 -9999 5.25 5.45 5.55 5.85 30.1 7 30.3 30.2 5.75 -9999 -9999 -9999 -9999 5.75 5.75 3 3.1 7 17.7 30.5 10.2 8.3 5.6 3.1 3 5 5.1 5.7 7.1 8.2 5.95 5.95 5.95 5.85 8.2 6.05 5.95 5.85 19.1 5.95 30.4 30.7 6.05 19.3 5.1 7.05 6.95 30.4 6.95 6.75 9.75 6.85 7.35 8.15 30.4 8.25 30.05 30.3 15.35 8.05 8.15 6.65 3.85 4.65 4.85 4.65 5.05 4.7 4.9 5 5.1 5.3 -9999 -9999 -9999 -9999 -9999 -9999 -9999 -9999
-9999 -9999 5.15 -9999 -9999 -9999 -9999 6.35 6.35 12.3 16.6 5 9.7 6.35 5.95 1.1 -9999 1.1 25.2 5 7 3 3 5.2 10.7 15.2 10.9 30.1 1 3 3.1 5 6.25 9.1 1.2 30.3 1.1 5.95 5.75 5.45 5.75 5.95 6.15 5.85 14.2 30.3 9.3 27.3 5.55 30.45 7.65 7.05 6.95 30.2 6.65 30.4 6.55 7.05 30.4 7.35 7.25 7.05 7.75 7.65 7.75 8.05 10.85 3.65 4.85 4.85 4.65 4.75 4.65 5 5.2 5 5.3 5.1 -9999 -9999 -9999 -9999 -9999 -9999 -9999 -9999
-9999 -9999 -9999 -9999 -9999 -9999 -9999 5.95 6.45 6.45 9.7 7.2 9.7 5.75 5.85 2.6 3.1 3 5.65 3.1 5 3 3.1 1.2 10.3 3.1 5.7 18.3 3.1 3 6.35 3 6.25 6.45 3.3 12.3 5.85 5.85 5.85 5.85 5.45 5.95 7.2 5.85 30.4 30.5 5.2 5.75 5.85 30.45 9.85 7.35 9.95 6.85 6.75 5.05 6.55 7.05 6.85 6.85 6.95 7.05 6.95 6.85 12.85 10.75 19.05 4.45 5.15 4.75 6.35 6.35 4.65 5 5.2 5.3 5.3 -9999 -9999 -9999 -9999 -9999 -9999 -9999 -9999 -9999
-9999 -9999 -9999 -9999 -9999 -9999 -9999 6.35 6.55 6.45 30.4 10.3 30.5 9.3 30.7 30.4 3.1 30.4 5.65 7.7 5.7 3 3.1 18.2 5.65 3.2 3.2 3.1 5 6.25 6.2 6.35 6.25 5.95 5.85 1.1 16.7 9.7 5.35 5.75 5.85 5.45 5.35 5.95 11.8 30.2 5.65 3.2 30.4 5.95 5.85 19.9 5.95 12.1 9 5.15 6.85 6.45 6.85 5.2 6.15 6.35 6.25 6.45 7.65 6.85 6.45 6.45 4.65 -9999 -9999 -9999 -9999 -9999 -9999 -9999 -9999 -9999 -9999 -9999 -9999 -9999 -9999 -9999 -9999 -9999
-9999 -9999 -9999 -9999 -9999 -9999 -9999 5.95 5.85 30.4 6.35 30.3 6.15 6.05 3.2 3.1 8.2 30.5 5.75 5.1 5.1 30.4 3.2 30.4 5.65 3.1 3.4 10.1 12.7 7.1 6.45 6.35 6.05 6.05 5.95 5.95 16.8 6.05 5.85 5.45 3.3 5.45 5.25 5.85 5.2 27.3 5.95 30.3 5.85 5.35 30.1 5.55 5.55 5.55 30.3 5.25 5.45 7.7 5.15 6.75 6.35 6.65 6.65 6.55 6.85 5.25 5.35 5.15 -9999 -9999 -9999 -9999 -9999 -9999 -9999 -9999 -9999 -9999 -9999 -9999 -9999 -9999 -9999 -9999 -9999 -9999
-9999 -9999 -9999 -9999 -9999 -9999 -9999 5.85 6.05 6.15 5.75 30.2 6.35 6.35 6.25 6.85 7.9 7.2 5.55 6.35 6.45 6.05 6.25 10.7 3.1 3 30.2 10.1 5.2 16.6 6.25 6.45 5.85 5.75 6.15 5.95 6.05 6.05 5.75 5.85 25.9 5.25 5.65 5.5 5.3 30.5 12.2 7.7 24.4 30.4 30.7 5.25 16.6 5.55 30.3 5.95 5.35 5.15 5.05 5.15 7.2 5.25 5.25 5.25 5.25 7.6 5.25 -9999 -9999 -9999 -9999 -9999 -9999 -9999 -9999 -9999 -9999 -9999 -9999 -9999 -9999 -9999 -9999 -9999 -9999 -9999
-9999 -9999 -9999 -9999 -9999 -9999 -9999 -9999 -9999 -9999 6.15 19.7 6.25 6.35 6.05 6.35 30.2 6.15 5.85 6.35 5.7 6.25 6.45 6.15 3 3.1 3.4 7.3 5.2 6.2 6.25 5.85 5.85 5.85 3.3 6.15 14.3 24.2 5.95 5.95 5.85 6.05 5.25 5.45 9 5.15 5.85 9.1 21.8 30.4 5.95 30.6 5.65 9.3 5.75 5.85 5.65 5.85 5.95 5.65 12.5 14.8 5.5 30.2 5.05 5.05 -9999 -9999 -9999 -9999 -9999 -9999 -9999 -9999 -9999 -9999 -9999 -9999 -9999 -9999 -9999 -9999 -9999 -9999 -9999 -9999
6.45 -9999 -9999 -9999 -9999 -9999 -9999 -9999 -9999 -9999 -9999 5.95 6.15 6.15 5.85 3.2 6.95 30.7 5.85 6.15 6.05 6.05 5.85 3 5.8 30.4 5.2 3 5 3.3 10.8 5.95 5.85 5.85 21.7 5.85 30.3 12.3 6.05 5.65 30.5 3.8 5.65 5.85 5.15 5.15 30.3 30.4 5.95 5.95 6.05 6.05 6.25 30.2 5.75 5.85 30.3 27.4 5.95 5.75 5.65 30.5 9.7 5.3 5.35 14.1 -9999 -9999 -9999 -9999 -9999 -9999 -9999 -9999 -9999 -9999 -9999 -9999 -9999 -9999 -9999 -9999 -9999 -9999 -9999 -9999
6.55 -9999 -9999 -9999 -9999 -9999 -9999 -9999 -9999 -9999 5.75 5.75 6.35 6.15 5.75 6.25 7.7 6.15 20.2 5.75 5.75 5.85 7.6 3.8 7.1 10.1 15.3 9.6 7.7 3.1 3.3 5.75 5.85 11.2 5.85 6.25 6.05 30.3 14.1 6.25 5.95 5.6 5.45 11.5 6.05 5.95 24.3 5.65 30.3 6.05 5.95 6.25 6.25 6.05 7.2 30.3 6.25 6.15 5.85 7.65 7.25 30.4 9.6 5.25 5.75 -9999 -9999 -9999 -9999 -9999 -9999 -9999 -9999 -9999 -9999 -9999 -9999 -9999 -9999 -9999 -9999 -9999 -9999 -9999 -9999 -9999
6.15 6.05 -9999 -9999 -9999 -9999 -9999 -9999 -9999 -9999 5.75 5.75 5.95 5.85 5.75 6.45 6.35 6.25 6.35 3.1 6.55 6.45 30.4 7 7 7.2 5.2 7.3 3 3 9.6 30.2 5.95 5.75 9.1 6.05 6.15 5.95 14.5 15.2 24.8 25.6 14.6 5.35 5.55 5.95 5.65 17 26.9 24.8 30.7 6.05 5.95 6.25 6.05 6.05 6.15 6.15 30.8 12.75 24.75 7.05 7.35 21.8 5.75 -9999 -9999 -9999 -9999 -9999 -9999 -9999 -9999 -9999 -9999 -9999 -9999 -9999 -9999 -9999 -9999 -9999 -9999 -9999 -9999 -9999
6.25 6.35 6.15 -9999 -9999 -9999 -9999 -9999 -9999 -9999 -9999 -9999 -9999 6.05 5.95 -9999 6.25 6.15 6.25 30.3 30.2 9 30.3 26.7 9.1 9.2 6.45 30.1 12.2 5.85 7 5.85 6.05 6.05 21.2 6.15 5.75 6.05 6.2 5.1 6.05 7.2 6.05 5.95 5.65 5.65 5.65 9.3 11.3 30.5 16.9 30.3 11.8 6.25 6.05 6.05 6.25 6.05 6.15 6.25 7.25 7.15 7.15 21.9 -9999 -9999 -9999 -9999 -9999 -9999 -9999 -9999 -9999 -9999 -9999 -9999 -9999 -9999 -9999 -9999 -9999 -9999 -9999 -9999 -9999 -9999
6.15 6.35 6.35 -9999 -9999 -9999 -9999 -9999 -9999 -9999 -9999 -9999 -9999 -9999 -9999 -9999 -9999 6.55 6.65 21.7 5.4 6.75 9.1 6.35 6.35 30.4 30.3 7 5.75 5.85 6.25 11.7 30.5 7.65 5.85 6.15 10.9 6.25 5.85 5.95 5.65 11.6 5.9 9 26.8 16.7 5.85 14.2 5.55 5.95 21.8 5.45 5.75 5.95 6.05 5.95 30.3 6.15 6.15 24.5 5.55 7.15 21.85 9.1 -9999 -9999 -9999 -9999 -9999 -9999 -9999 -9999 -9999 -9999 -9999 -9999 -9999 -9999 -9999 -9999 -9999 -9999 -9999 -9999 -9999 -9999
6.05 5.75 5.85 -9999 -9999 -9999 -9999 -9999 -9999 -9999 -9999 -9999 -9999 -9999 -9999 -9999 6.75 29.2 6.85 5.3 6.75 6.65 7.7 14.2 6.75 6.05 30.4 6.25 6.15 30.6 22.95 30.2 9.1 10.05 7.55 5.85 30.3 5.95 5.95 9 5.75 30.4 9.3 5.85 5.65 12.2 5.55 5.35 5.65 5.55 5.85 5.85 5.65 5.9 5.85 5.85 5.3 6.25 5.95 14.1 5.45 7.15 7.05 6.95 -9999 -9999 -9999 -9999 -9999 -9999 -9999 -9999 -9999 -9999 -9999 -9999 -9999 -9999 -9999 -9999 -9999 -9999 -9999 -9999 -9999 -9999
