Outfile_4.asc
NCOLS 201
NROWS 151
XLLCORNER 730592.938286
YLLCORNER 2561222.529137
CELLSIZE 145.176046
NODATA_VALUE NaN
[rows 33 to 65 of 151, columns 74 to 147 of 201]
8.7 5.4 8.6 8.45 6.75 7.3 6.7 8.65 6.4 6.5 7.8 10.15 6.1 8.15 15.041 14.962 9.65 15.016 15.006 14.958 5.6 5.2 5 5.05 5.35 5.05 6.25 6.45 6.9277777778 6.8261904762 14.9846666667 7.1666666667 5.8261904762 6.4777777778 5.2 6.2 15.0673193566 9.2533326691 12.45 13.6540925512 13.55 15.0703333333 6.6611111111 15.0916666667 5.9277777778 6.2 6.5160289775 12.0634491708 6.9084518793 6.4183739396 3.4035234292 9.15 11.6 15.0566666667 6.6111111111 14.988 10.65 10.6 13.25 15.128 15.008 9.15 15.11 14.99 11.6 13.5 12.45 11.7 14.996 15.022 15.018 14.954 15.023 15.012
9.3 7.8 8.25 8.5 6.55 5.5 7.45 6.25 6.6 7 6.5 8.45 8.35 12.75 8.65 15.172 15.031 11.35 11.2 9.1 12.55 13.7 5.05 5.1 5.3 5.5 6.25 5.2 6.5777777778 6.8761904762 8.05 15.0586666667 15.1021904762 14.4777777778 15.048 13.8 8.5564102564 6.7134491708 14.9584518793 13.95 15.0546666667 6.8111111111 6.1666666667 6.1226779369 5.8135231517 6.7311250567 5.8135735976 7.95 15.0926666667 9.65 11.4 12.85 14.7 8.8666666667 15.103 10.45 14.954 13.4 9.2 14.961 9.65 9.95 10.75 14.997 15.071 14.05 15.053 14.993 13.7 15.009 15.041 12.5 8.65 12.5
7.75 6.95 15.102 11.65 5.3 6.4 2.1 5.15 7.1 6.9 6.5 8 8.85 14.55 7.55 15.197 6.6 10.1 7.9 15.006 10.05 5.3 4.85 5.25 5 5.1 5.55 6.05 6.7777777778 7.6261904762 15.1196666667 14.9706666667 14.9811904762 8.0777777778 15.076 8.763394791 11.7858309864 12.8761904762 10.5 14.9650224301 14.297996552 15.0906880965 6.8533326691 5.7268182948 5.4722222222 5.1946277864 5.5376880965 14.9495006541 5.9 7.45 10.1 2.9777777778 12.6 15.026 15.06 12.75 15.122 15.0278185325 12.3 15.112 9.9 12.55 9.65 9.85 14.95 14.966 14.15 12.65 10.75 14.984 15.014 14.992 15.056 15.036
12.4 10.1 9.15 8.15 6.85 6.85 5.2 2.25 7.15 14.992 6 6.95 7.3 7.65 7.25 8.25 12.5 7.85 5 5 6.35 14.9 6.45 8.7 5.1 4.9 5.45 6.3521130107 6.1347858837 15.0621904762 8.5 11.8 15.2491904762 15.0437777778 15.111 6.6602895721 15.0814920661 14.9576666667 15.0900224301 15.088511354 15.0158685395 14.952998276 5.5893193566 5.614274771 2.5230772833 5.6928371643 15.0336743286 14.9523333333 14.975 8.25 9.35 7.95 7.55 8.35 13.5 14.986 14.1 11.1 13.95 9.25 14.976 9.8 12.95 15.013 15.055 11.7 11.5 14.975 15.077 11.15 11.95 13.85 15.111 5.65
5.5 11.1 7.2 8.2 7.75 7.5 11.8 7.15 6.6 6.2 6.35 6.75 8.6 7.8 15.109 8.9 7.7 11.05 9.6 5.05 12.1 8.6 5.65 5.2 8.2 5.45 5.4 7.95 6.253030303 6.8555555556 15.0213333333 14.997511354 15.0468685395 14.984998276 5.6399385949 5.586717456 9.05 15.0356666667 14.9763333333 7.95 6.0533326691 10.0399385949 15.0452369137 5.8160289775 2.7115508071 3.06898463 8.8070224301 3.54071197 2.4770461645 2.436717456 9.95 11.75 8.45 7.7 7.65 14.4 9.75 8.35 12.75 13.15 15.202 15.002 8.85 10.55 15.012 11.75 8 9.15 11.15 14.98 5.85 15.29 14.45 15.132
13.45 19.987 11.95 17.35 20.093 18.85 7.2 6 7.2 6.8 6.3 10.25 9.8 9.3 10.35 15.116 8.75 15.013 5.5567245426 20.45 22.55 5.5 5.6 5.2 6 6.6257618163 5.4635231517 2.8277777778 11.2 3.2055555556 9.05 15.0321111111 10.05 15.0134102564 5.948142394 7.5 14.028511354 15.0143333333 14.8084518793 7.8 8.1 10.2067245426 6.7977647286 2.8533326691 6.1205792798 6.89071197 11.7070224301 2.9666666667 9.75 15.055 15.036 9.75 6.7423526966 10.25 15.118511354 10.5 9.7 13 10.85 5.164274771 10.4 7.95 9.2 12.55 15.013 14.959 10.45 9.2 7.65 6.5 13.85 8.7 15.036 10.05
16.05 17.15 17.25 9.7 9.8 8.2 6.75 8.5 7.4 6.45 6.8 8 10.5 10.75 5.3899385949 11.65 12 13.25 12.5 8.75 11.55 22.75 5.4 6.1 6.4450715499 5.0635735976 5.8634491708 5.6761904762 8.3 6.5883656714 6.85 11.9 8.7350406063 6.3768182948 5.4634491708 15.1206743286 11.7 14.9795006541 14.0969040394 15.0961667897 15.1722242458 12.05 6.5635735976 8 7.0245006541 2.65 2.9356743286 10.5 10.7 2.4067245426 15.039 6.4 11.6 14.9714487607 15.0532557464 7.7 8.9 9.1 9.45 5.8160289775 14.965 11.45 9.75 8.85 11.55 15.035 8.6 NaN NaN 9.65 13.75 9.5 7.1 3.35
5.664274771 12.95 8.25 7.15 8.05 6.95 8.5 7.1 6.85 6.7 6.25 8.2 15.1068101159 15.02 19.4 14.1 11.2 10.7 7.95 12.35 15 10.65 24.943 5.2688440482 6.0581667897 9.1 6.7745006541 11.1 8.6 7.5 12.6375594364 10.35 5.9612944531 12.8112111039 5.6166666667 9.5570224301 6.59071197 5.1205792798 14.9903326691 14.9890715499 12.15 14.953 14.9752501134 6.1745006541 14.9933333333 3.4540925512 2.9714045971 10.25 11.85 13.3 7.85 8.65 6.3502805931 8.75 14.9536779369 9.45 8 10.65 12.3 5.9615508071 5.4984520197 14.979 8.85 13.8 8.4 9.4 7.35 NaN NaN 8.2 15.063 6.8 9.1 5.3
9.7 12.85 6.55 5.25 15.2 8 7.6 6.95 6.35 6.8 7.05 8.45 8.05 23.9 15.05 13.3 18.65 9.95 7.25 10.85 11.25 13.5 11.4 11 NaN 6.46898463 8.8070224301 9.7214317131 7.45 7.05 11.5078339874 8.3467854397 5.8568038428 7.0390996564 14.04071197 10.4333333333 11.05 5.6401371761 9.6768182948 5.7108185325 6.7102895721 6.9226779369 6.2666666667 5.7333333333 5.2070224301 11.05 9.8 13.65 6.2 9.2 8.85 9.15 10.6 7.85 7.95 9 14.9685006541 8.85 11.8 5.4714045971 8.3 15.094 7.6 7.5 7.1 10.75 11.05 8.25 8.6 9.7 11.9 12.65 9.55 15.056
16.95 7.5 6.8 2.1 7.95 7.4 7.9 6.8 6.95 6.75 7 8.85 7.75 15.85 8.45 8.8 10.14071197 7.5 8.9 7.55 8.75 10.15 19.85 7.55 8.4 7.178511354 22.7833333333 6.9245942812 22.7497823999 7.7 7.9 16.8326039052 7.1527049172 7.0963669952 9.9070224301 3.4356743286 5.8767895821 5.4946277864 5.7311250567 12.7899385949 14.998717456 5.7216618094 8.44071197 4.9570224301 3.1666666667 6.5928371643 6.8660289775 6.6032369137 13.6 12.1 9.9 10.9 12.6 8.2 9.6 11.75 13.6 9.95 12.45 9.7 10.3767895821 8.6 10.8 8.25 8.65 6.7374901471 8.95 15.0667245426 15.054 15.078 14.993 15.013 14.935 15.018
7.0892557464 7.9 6.85 20.070274771 6.95 7.35 9.7 6.45 7.1 7.2 6.85 7.2 25.03971197 8.4 9.14071197 7.85 14.45 7.0376880965 7.9 8.8 8.8 10.05 13.8 24.951 9.25 10.45 6.8745006541 7.6 6.6178148254 11.2690276405 12.9937128312 21.863570706 25.0004258846 25.4241434492 3.2166666667 25.0448371643 5.7946277864 5.9242242458 6.8742242458 6.8581667897 8.15 6.478511354 11.4833333333 3.5453558739 2.4767895821 6.4358309864 8.6 6.65 13.6 10.95 10.2 9.7 10.8 9 7.9 8.25 7.95 14.9899040394 11.2 15.0793333333 8.4 8.25 7.75 8.65 12.5 11.8 14.9350529685 9.3 15.029426912 5.9862387519 15.1594901471 12.95 7.2 6.3
9.35 8.35 5.9428371643 7.05 6.95 6.75 6.75 6.45 6.6 19.9975735976 7.5 5.9540925512 12.45 6.0084518793 6.0205792798 10.5 7.15 7.5 8 7.15 17.6205792798 7.5527355997 14.35 11.6 8.85 8.15 6.7216618094 6.6737619586 16.4665769424 9.8827350258 8.3935268607 13.5 19.35 7.5359420902 7.95 9.9 6.2893193566 5.3722222222 2.4268182948 5.7267895821 6.8584518793 12.35 3.4245006541 2.7376880965 14.978 11.2 6.75 2.45 10.1 8.65 10.4 6.05 7.25 10.5 9.2 9.85 10.15 10.6 14.9905792798 15.052511354 10.7 20.1273333333 9.65 9.75 14.962 9.25 15.0453481745 15.1211833406 11.5 7.6 9.85 7.05 7.5 8.3984520197
20.0940224301 9.15 6.95 2.9767895821 8.2581667897 6.55 7.7 7 8.9 5.8214045971 7.3 8.25 23.428511354 9.8 7.7 11.1 8.1 11.9 11.35 6.6977647286 7.8 12.05 9.205300936 17.65 19 9.15 11.6 6.6602895721 25.0288989167 7.9823451376 24.6523179633 9.35 12.35 7.9 8.55 6.6270074531 7.85 8.6 6.1226779369 6.025 14.15 7.278511354 5.8205792798 15.7 2.5950715499 10.9 14.75 8.05 6.5 6.35 10.35 6.3 6.05 9.65 12.3 12.95 14.3 10.95 8.5 6.8469040394 9.35 20.0233333333 8.8 7.7 20.1153333333 8.2 8.45 7.9 7.6 7.7 6.8 8.4 14.9549755892 15.0462058324
20.08798463 10.84071197 15.0333333333 6.0084518793 5.9469040394 5.9226779369 5.648142394 7.15 20.1154045971 11.9745006541 19.969 25.060511354 2.4716618094 6.086717456 24.6477647286 13.45 9.25 6.3 9.9 8.1 10.1 11.7 8.4203870548 21.15 9.95 24.8 6.6856325411 6.8730521815 6.6625225222 7.7611111111 21.05 24.9644444444 7.7666666667 25.0581111111 7.15 7.75 9.9 7.4 8.8 10.643742273 15.0118910438 2.9634799922 6.9533326691 6.2477647286 11.65 15.15 17.25 13.95 8.45 7.6 11.05 8.2 5.55 8.1 12.65 14.978 10 11.7 7.35 7.35 20.0123333333 5.3203703704 11.5 9.8 13.0055555556 19.9990953027 20.0975594364 19.9806117652 19.7451780206 7.2 8.35 7.5 3.9633899069 7.95
20.0708371643 5.2666666667 20.0026666667 6.95 3.4245006541 5.86898463 8.05 7.2 20.0836743286 20.0073333333 8.55 6.8716618094 11.65 9.9 13.95 11.5 9.95 8.4 7.85 11.15 6.8528140863 8.25 15.3 25.108 6.6082403764 8.3611266977 6.6773862895 5.9222222222 6.109201947 3.7934562487 6.86898463 24.9477543607 8.3523179633 14.0461624635 9.8940446391 5.1393193566 9.4521773816 5.9143423404 8.7601229154 6.6555555556 6.2852414614 7.0126205685 6.5331464622 20.0678185325 20.001 6.05 8.15 7.65 19.947 16.4 6 2.5 8.05 5.6 14.15 11.4 9.4 11.2 9.6 14.6742242458 7.05 15.7564102564 5.0847858837 19.9804922192 20.0033333333 20.1181321867 17.6897640738 20.0293547631 19.9595805095 19.9932174738 20.0819883586 20.1178755254 12.45 15.0448045212
7.8 8.15 7.1 8.45 15.8333333333 15.0555555556 6.2676157029 20.0700740412 11.3151186864 16.8454770164 7.55 6.35 25.0650772833 8.55 8.6 18.7 10.25 6.35 12.4 10.7 6.4380952381 6.8681350989 7.6570952919 12.2 18.4421691488 2.779996399 6.7877707402 2.2328101159 6.5755884172 7.9024976531 6.3768601941 25.1186087569 16.5972305644 24.7235015266 24.9631936115 7.15 7.95 10.2483456956 24.9430537214 5.6333333333 3.6703870548 6.7150123622 13.0459542766 6.25 6.15 7.5 8.6 8.05 19.921 7.1 6.9 8.15 8.15 14.964 9.05 9.1 8.95 15.147 15.026 13.7 11.75 12.55 13.7521130107 9.8 13.2242242458 19.8277777778 19.9603155329 20.1211506991 20.1451093871 20.0021186864 20.0131068402 19.9400514612 20.2016892072 20.0390453033
20.0221904762 19.9341904762 18.7261904762 2.8261904762 7.1233912093 3.630910846 8.45 8.9 6.9333333333 22.05 7.6 6.7 7.35 5.4547650464 8 6.75 6.65 6.5 6.1 15.032 15.0302242458 13.336570247 6.0559860233 14.9674102564 3.0535234292 3.4742677032 5.3564102564 2.2064102564 6.3134491708 7.2229365995 5.5690355763 6.7994767825 6.9870664144 17.8862387519 11.0548669366 7.3 6.95 3.040937233 7.6623737794 12.6277777778 7.2987079739 12.8287676428 19.9886256917 7.6 9.8 20.037 20.066 8.5 11.75 10.15 17.65 10.8 14.75 9.85 15.034 8.55 15.157 15.056 15.006 15.031 19.938 11.05 17 10.45 9.4 8.4 8.55 11.2 19.9628356538 20.0704045971 20.1573447023 19.9961667897 6.7663426646 6.2520891032
12.15 19.9886666667 15.0166666667 7.4166666667 20.0444767825 19.8420761414 20.0657777778 6.3040925512 7.95 7.6590193633 6.9214317131 5.7705792798 15.4615508071 13.1056550252 6.95 6.8 25.172 12.25 6.6 15.104 6.4108185325 6.9 6.797996552 7.5570224301 3.3111111111 2.6761904762 2.3847858837 9.1531712291 6.1419755892 3.7723216919 7.2300313266 6.5512334657 11.1094922192 17.7135231517 2.7893193566 6.3581667897 6.75 7.8388009261 22.4533326691 7.35 2.9575587721 7.65 8 13.7 8.4 10.45 12.85 10.85 11.35 19.958 11.7 6.05 15.061 15.183 13.8 6.15 6.1 6.3 6.75 5.15 5 9.35 20.081 13.15 20.2401130107 19.954 15.1 9.65 8.1 20.0947852127 20.0613333333 20.0180438755 7.4 20.0038320124
13.65 3.2111111111 7.25 8.95 10.2 14.8 17.65 15.1317344001 8.2 15.095142394 5.1567245426 6.85 15.0960461645 15.1113333333 6.95 6.7 6.7 6 5.95 6.1 6.05 6.573998276 6.9 6.278511354 4.0166666667 2.3555555556 2.3662167619 5.5036784889 3.1916625669 5.7967825041 3.1866660024 5.8658451277 3.0761904762 5.7699035803 6.7574243814 29.9711998385 21.8977712359 25.0798185325 3.9178307106 3.3033142958 3.3528929542 2.37899873 9.2 8.45 15.5 8.05 7.55 6.35 8.25 15.036 15.196 15.013 9.9 20.243 5.2 5.8 6.85 6.65 6.45 15.136 19.962 9.95 10.35 18.15 19.9123333333 19.967030303 14.5 20.1098658549 19.9922865378 20.0883636364 20.0805352804 7.85 2.8405617714 20.0294784217
19.985 19.05 9.1 9 12.45 9.65 11.05 15.1269052512 14.85 9.15 8.0745006541 10 6.2040925512 6.3714045971 15.151142394 6.2683739396 6.85 6.15 6.5 6.7 6.05 6.553428636 6.2042261031 6.1758747098 5.6512401769 3.355947185 2.622947292 5.6740421083 6.6 18.9874258846 5.8049951428 13.5526087569 6.9845735102 9.4214006833 13.65 30.0053333333 30.0106660024 7.6553296488 3.4459802891 3.1884487607 2.7450715499 6.3 5.4 1.95 6.95 12.25 19.3 19.994 14.997 10.25 6.2 14.991 14.982 6.45 6.2 5.3 6.5 14.994 2.25 10.85 9.05 9.7 25.223 8.35 20.1803333333 8.953030303 8.55 8.35 20.0845834467 19.9935555556 7.5 6.0233230525 2.6682195417 5.2268182948
10.75 13.6 19.931 11.85 12.5 14.05 8.5 10 15.0021310486 9.3 6.8705792798 12.778511354 15.042 15.0226743286 14.9578371643 6.2268182948 12.8067245426 15.029 6.3 6.45 5.05 2.3828101159 6.5147589624 3.28974395 6.1026087569 3.405371548 6.2309458229 7 6.45 11.0073786367 3.1434852841 6.5513608481 2.9987842103 6.9 9.7 6.2181335412 4.4883284761 2.9406199178 3.220302182 2.9618913743 17.45 10.3 5.25 2.4147188482 20.1352222222 15.8179068435 11.2067245426 7.8 6.75 15.023 5.95 5.85 7.45 5.25 12.75 5.1 5.7 20.143 15.029 15.259 20.291 6.5 16.15 8 6.3579276146 12.8517858479 20.0684866991 7.45 14.0084518793 19.9796666667 7.3 6.9497840537 5.859220178 6.5722222222
NaN 9.55 20.029 9.8 8.1 17.9 15.123 9.7 6.4923526966 12.55 6.7726779369 6.9666666667 11.3570224301 6.7 6.7392557464 6.1384487607 6.3977647286 5.2 6.35 6.3 10.9 2.3064102564 6.7439023225 2.6564766961 3.9383284761 4.2856512967 3.3959439454 3.1469069309 8.8 7.2380712638 6.0636825423 5.9309458229 3.1221177144 3.3935268607 4.9260070601 8.15 3.9046589586 2.9749999779 2.7303300294 2.2722222222 2.4 2.4532369137 6.2399385949 2.8347858837 6.253030303 7.35 7.35 20.3539385949 2.4032369137 2.6 14.998 9.95 15.077 4.95 5.6 6.35 6.9 6.3 15.079 6.5 20.211 6.6 8.25 19.952 6.3 13.4258686137 7.5057238518 8.5 6.8225890798 20.2476666667 6.1872459465 5.6428255525 5.788943094 5.1
NaN 11.35 13.25 15.85 16.2666666667 10.85 5.7745006541 8.7 7.5 10.9 6.8358309864 6.4267895821 6.9666666667 14.9893333333 8.678511354 6.4 7.086717456 6.6056550252 7.75 6.1 6.7 2.3277777778 6.703008771 3.7880712638 6.9540925512 3.59071197 5.5714045971 5.5234705095 21.2190076619 4.8152126241 3.4422599133 3.0451511893 3.19690064 5.7691643198 7.6675015521 3.2222222222 3.0535791641 2.8819287483 2.9218743513 2.5347858837 2.2064102564 7.6 2.3533326691 6.4622501134 6.3555555556 6.3469040394 6.75 7.4 2.3118913743 2.4547650464 8.05 6.55 7.05 8.45 13.05 26.7 15.8 30.003 8.25 7.6 6.4 20.061 7.05 14.1 28.9 14.6242242458 5.9425555291 7.7 6.497178591 11.95 5.7699993357 5.2936229055 5.2722222222 4.85
8.25 14.8 19.965 19.85 18.9 11.65 7.6245006541 10.7 11.35 6.1 6.4742242458 6.6081667897 6.4767895821 7.7245006541 12 6.75 15.0420461645 6.7226779369 6.6594922192 6.3056550252 8.9880952381 7.8 NaN 3.7801158374 6.6 NaN 7.0301158374 6.45 6.25 5.7855337841 2.6270461645 4.725118546 2.9892557464 3.6169601147 3.609201947 3.5428255525 3.0150123622 3.1751885585 2.8412577986 2.6214045971 13.5166666667 9.35 18.61898463 7.928511354 7.3 7.15 19.980511354 7.25 19.9585508071 20.1040772833 7.1 22.5 9.35 16.1 23.75 11.9 29.917 29.986 24.15 11.75 6.75 6.2 25.65 14.7 6.5 20.003 5.3564102564 8.9 15.456182661 20.0450769231 19.9648749122 5.3627291329 5.2147188482 5.15
9.25 20.02 20.04 19.75 10.1 9.1 15.067 15.023 12.25 6.1893193566 11.2179068435 6.5399385949 6.6635735976 6.7214045971 7.0745006541 7.8 6.6 8.75 6.8770461645 6.6634491708 10.8 6.3884487607 8.2300907618 8.2208640506 4.3180308381 6.7671063627 6.42568603 2.9020223583 3.0511372672 3.429530349 3.5564484313 6.3477344001 5.2154743095 5.7014383581 5.9070952919 6.3039126131 3.0537203881 4.3621165671 20.0124757273 6.7015305025 7.2111111111 7.2611111111 19.9983333333 20.0383333333 20.0300925512 15.5611111111 20.1593333333 20.04071197 20.11398463 20.0238371643 7.4 6.4399385949 30.004 29.958 23.1 10.15 8 30.003 6.65 16.1 7.05 5.3 7.3 6.9 5.3 20.08 6.95 6.9 7.15 6.95 20.0745555556 5.703030303 5.3083333333 4.95
NaN 11.95 19.984 13.55 15.7 18 13.7 8.55 15.043 15.0915508071 9 6.6816790289 8.1833333333 14.9932261031 6.8761904762 13.5356743286 7.6 15.159 15.0516666667 7.3040925512 6.1333333333 11.2300614577 6.98974395 6.4379713052 15.0395268607 2.8786328389 2.6164250941 2.7204444133 3.2855130099 2.85510641 3.1329743404 3.4194011491 3.5602466654 3.0137223453 3.8610823404 23.0166666667 5.6333333333 4.1573786367 5.8666666667 20.0638888889 10.8666666667 11.8666666667 19.986511354 7.2 19.9802501134 6.2767895821 19.9896666667 19.9410224301 20.1250224301 9.3953558739 20.0066880965 30.013717456 30.0056550252 29.4547650464 13.75 15.3 6.8 7.1 6.8 5.2 6.45 6.9 15.5 25.4 9.95 2.4 20.0347777778 7 11.1666666667 20.0151111111 6.4969040394 5.3423526966 5.6047650464 6.35
NaN NaN 17.75 18.8 17.1 19.982 14.7 12.5 12.05 9.6 7 7.75 6.85 8.4 9.05 7.1356743286 8 7.7 15.05071197 14.9533333333 15.0623333333 2.3064102564 2.2874920661 4.0596966 4.8260070601 3.2912124542 2.5230769231 2.3203703704 2.7384487607 3.08611562 2.6724392339 3.1286041427 2.9365717317 3.0107229978 4.3404286252 3.6990906338 6.3370537214 2.5714045971 7.438854364 6.5870090087 6.4261904762 6.5761904762 11.1578685395 6.8384487607 20.1378309864 6.5358309864 12.6928371643 20.5666666667 30.00771197 17.3333333333 8.5245006541 7.0270461645 13.1115508071 10.0984520197 5.55 7 7.2 6.9 7.15 9.5 12.95 10.5 5.85 30.012 11 5.4 7.15 6.5761904762 20.0316666667 7.05 5.4261904762 5.1277777778 8.1 5.1
NaN NaN NaN 7.55 5.7230772833 15.7 6.7166666667 15.4666666667 8 8.55 6.75 14.9440224301 8.8 14.9583333333 NaN 7.8 15.0002557464 9.0392557464 15.0350925512 8.69071197 3.0084518793 6.0611111111 3.1506911303 14.98 5.8736890968 3.7373015873 3.1111111111 2.9733912093 2.7753443262 2.3737619586 2.4257618163 2.8158552292 2.5215970431 2.9876880965 3.9018572798 5.7928255525 5.288701459 3.5726430481 8.95 16.3874920661 19.924030303 6.503030303 6.548142394 6.5556550252 19.9718440482 2.8242242458 22.1946277864 6.2134491708 7.9666666667 20.79071197 29.9563333333 10.028511354 29.9668685395 8.873998276 20.4 30.061 7.05 7.1 7.15 6.25 6.55 7.2 6.6 5.75 30.005 2.4579276146 5.8517858479 20.061996552 6.7 6.0111111111 7.5261904762 6.2277777778 6.15 5.25
NaN NaN NaN NaN 8.7 19.9298182948 12.3 12.7 9.25 NaN NaN NaN NaN NaN NaN NaN 10.7 15.0386666667 14.9693333333 NaN 5.75 3.7542351217 6.3824338008 6.5620225406 3.8238672278 5.8467825041 2.7135231517 2.673998276 3.4939846865 2.9353511597 2.6694840324 2.5546089565 2.6942146898 2.6833333333 2.803628582 6.4400453809 4.0541568138 13.800414722 20.0163641714 20.1208182948 6.913394791 12.3083333333 6.5067245426 6.75 6.3 6.6 19.9882222222 15.2268182948 6.2267895821 6.8856743286 6.35 7.978511354 6.8578685395 17.923998276 10.65 6.9 8.1 7.85 6.9 6.8 30.056 6.35 29.984 5.15 17.65 7 2.903030303 7 17.3333333333 7.0833333333 6.7666666667 6.6064102564 5.9 20.104
NaN NaN NaN 5.55 10.55 10.563394791 20.2434102564 7.048142394 10.15 NaN NaN NaN NaN NaN NaN NaN NaN NaN NaN NaN NaN NaN 6.7 3.3226619182 3.006906681 3.1640145061 3.6033841227 3.9745352062 3.7487992076 3.060477637 2.9327596463 3.1824898728 2.9662474188 2.6760253956 2.7103925074 3.8034638077 10.85 15.4 6.453030303 2.5083333333 2.55 2.6 6.8 6.75 6.85 6.7 6.4583333333 6.653030303 8.95 29.9863333333 16.128511354 7.0392557464 7.0033326691 6.4899385949 6.4722222222 6.9 6.85 6.3222222222 7.2 8.4 6.7722222222 6.45 9.4722222222 22.2679068435 5.1079276146 3.0202728564 5.4768601941 3.11898463 19.9913333333 14.4333333333 6.75 12.6064102564 5.65 5.1
NaN NaN NaN 5.85 11.95 9.75 18.35 6.9067245426 6.0289342698 NaN NaN NaN NaN NaN NaN NaN NaN NaN NaN NaN NaN NaN NaN NaN 6.8 7.6810207061 6.2619610908 4.8451780206 6.3078339874 4.4708927697 3.8944444444 4.0302373727 3.5854980438 3.3948841404 3.6103794978 5.9802373727 19.75 25.0801401162 2.4992758406 2.3884651411 2.9395346585 2.7608185325 2.45 2.5 6.4 6.85 19.9909276146 6.3017858479 7.047996552 7.8070224301 7.0111111111 6.6761904762 15.2192754236 6.8333333333 28.4833333333 7.2 7 13.2333333333 7.9 27.6333333333 6.95 6.25 6.3 2.588759456 2.9257841239 6.0177163727 7.05 3.5813855149 6.8 18.3274851991 7 5.9950715499 5.75 9.65
NaN NaN NaN NaN NaN NaN NaN NaN NaN NaN NaN NaN NaN NaN NaN NaN NaN NaN NaN NaN NaN NaN NaN NaN NaN NaN NaN 13.3078339874 6.6897668798 3.7186485301 4.4801158374 7.0874258846 3.74071197 6.5047379305 3.99071197 6.2874258846 13.55 3.2780270252 6.4385969716 3.5240421083 2.6281824662 2.6589609265 1.7635231517 2.1393193566 2.3742242458 6.7108185325 6.3 7.15 6.4714045971 29.99371197 24.7666666667 6.9055555556 6.8716618094 6.8666666667 6.8666666667 6.2666666667 2.9666666667 6.8666666667 6.8666666667 6.6166666667 6.85 6.4 6.0533841227 3.2593499059 3.1058650915 7.1 8.3 6.85 7.05 6.9648090607 6.7560726134 6.3423526966 6.7268182948 9.6064102564
NaN NaN NaN NaN NaN NaN NaN NaN NaN NaN NaN NaN NaN NaN NaN NaN NaN NaN NaN NaN NaN NaN NaN NaN NaN NaN NaN 7.75 4.1874258846 3.0782389099 3.0282334925 4.4333333333 4.7860678439 3.1190047263 3.0120225406 NaN NaN 11 7.9360678439 3.65 3.2393446036 5.7221177144 2.4166666667 2.3181050248 5.4833333333 2.553030303 2.4268182948 2.6556550252 2.5134491708 7.5040925512 24.8333333333 11.29071197 24.8833333333 6.3 18.25 30.001 11.95 13.95 6.15 2 12.15 5.273998276 5.1578685395 19.9098339874 19.9805337841 19.3745352062 7 7.1 7.95 3.6380712638 6.8036979496 6.2077225718 6.5714045971 19.9644313952
