Outfile_4.asc
NCOLS 201
NROWS 151
XLLCORNER 733748.947016
YLLCORNER 2561541.418206
CELLSIZE 137.483444
NODATA_VALUE NaN
[rows 78 to 116 of 151, columns 0 to 88 of 201]
NaN NaN NaN NaN NaN NaN NaN NaN NaN NaN NaN NaN NaN NaN NaN 13.5 30.7 30.9 8.7 18.2 10.3 7.7 30.4 30.3 10.9 30.5 11.5 NaN NaN NaN NaN NaN NaN NaN NaN NaN NaN NaN NaN NaN 8.4 8.3 8.5 8.35 7.75 10.85 NaN NaN NaN NaN NaN NaN 6.85 5.1 4.65 3.95 3.85 4.05 4.45 3.35 4.45 4.55 4.55 4.35 4.35 4.25 4.65 6.35 6.45 8 6.45 5.85 5.75 6.25 5.8 6 1.6 30.1 5.9 30.5 6.3 6 1.6 7.1 3.1 30.7 19 30.8 6.6
NaN NaN NaN NaN NaN NaN NaN NaN NaN NaN NaN NaN NaN NaN NaN 8.4 30.5 30.9 10.3 28 7.8 15.4 16 21.2 8.4 11.1 11.8 NaN NaN NaN NaN NaN NaN NaN NaN NaN NaN NaN 8.2 8.6 8.4 8.3 8.1 7.75 7.85 8.25 NaN NaN NaN NaN NaN NaN 1.1 5.35 30.6 3.85 3.85 4.75 4.55 4.15 4.45 4.25 4.35 4.15 4.35 4.55 4.55 6.15 6.75 5.95 6.05 6.65 6.25 6.15 6.2 6.4 6.1 5.8 13.1 6 11.7 5.9 5 3.3 6.5 6.7 21.3 30.3 7
NaN NaN NaN NaN NaN NaN NaN NaN NaN NaN NaN NaN NaN NaN NaN 30.4 30.3 8 28 7.8 7.6 7.5 10.2 7.3 9.8 8.8 21.2 NaN NaN NaN NaN NaN NaN NaN NaN NaN NaN 8.1 8.3 11.1 8.4 8 8.1 7.9 22.95 8.15 NaN NaN NaN NaN NaN NaN 6.5 5.05 4.55 4.65 4.45 4.45 4.45 4.45 4.35 4.25 4.45 4.25 4.45 4.45 5.05 6.85 6.75 30.2 5.85 6.15 6.45 6.35 6.2 30.8 6.4 10.5 8.4 6.7 3.9 6.8 14.8 6.8 25.7 30.3 8 31 7.1
NaN NaN NaN NaN NaN NaN NaN NaN NaN NaN NaN NaN NaN NaN NaN 7.6 30.3 15.5 8.1 7.9 10.4 29.9 7.5 20.1 30.3 31.1 30.2 NaN NaN NaN NaN NaN NaN NaN NaN NaN NaN 10.9 8.3 8.3 8 18.2 8 7.9 7.95 8.15 NaN NaN NaN NaN NaN NaN 5.55 4.95 4.45 4.45 4.35 30.7 4.35 4.15 4.35 4.25 4.65 4.75 4.55 4.65 4.75 4.75 4.75 5.95 6.25 6.25 6.15 6.35 5.6 6.6 3.2 6 30.5 30.6 10.6 30.3 6.6 30.4 30.1 15.7 30.2 14.5 7
NaN NaN NaN NaN NaN NaN NaN NaN NaN NaN NaN NaN NaN NaN NaN NaN NaN NaN 10.4 10.7 30.7 8.1 30.2 7.5 8.3 8.7 30.5 NaN NaN NaN NaN NaN NaN NaN NaN NaN NaN 10.9 10.8 7.9 7.8 8.2 9.1 8 7.85 8.15 8.25 NaN NaN NaN NaN NaN 7.1 5.05 4.85 4.45 4.75 4.85 4.85 4.25 4.45 4.35 4.65 4.25 4.55 4.35 4.25 4.55 3.75 6.35 5.85 30.3 5.85 6.55 7 30.6 6.4 7.8 30.7 30.2 30.5 13.1 6.8 6.8 6.5 6.7 6.5 6.6 31.2
NaN NaN NaN NaN NaN NaN NaN NaN NaN NaN NaN NaN NaN NaN NaN NaN NaN NaN 7.5 9.3 7.7 25.6 30.7 30.7 31 16.6 NaN NaN NaN NaN NaN NaN NaN NaN NaN NaN 8.2 10.8 7.9 7.9 8 8 7.9 7.95 7.75 8.25 8.45 8.25 NaN NaN NaN NaN NaN 7.35 3.95 4.75 4.75 4.55 4.35 4.45 4.65 4.35 4.45 4.35 4.55 4.15 4.35 4.55 4.05 6.05 6.05 5.45 30.7 6.05 6.85 5.3 5.3 30.1 30.7 31.1 11.2 7 6.6 6.4 6.5 6.6 30.8 6.9 6.8
NaN NaN NaN NaN NaN NaN NaN NaN NaN NaN NaN NaN NaN NaN NaN NaN NaN NaN NaN NaN NaN NaN NaN NaN NaN NaN NaN NaN NaN NaN 9.1 9 21.5 30.4 30.4 NaN 10.8 8.2 7.8 7.8 15.6 8.1 8.1 7.95 7.85 8.35 10.85 8.15 8.35 NaN NaN NaN NaN NaN 30.5 7.1 6.05 4.15 3.95 4.15 3.55 3.75 3.75 3.55 4.25 4.65 4.65 4.45 5.65 5.75 6.15 6.25 6.15 6.65 6.85 9.8 7.2 31.2 30.2 28.3 30.5 6.6 7.8 6.2 6.7 28.2 7 30.7 6.7
NaN NaN NaN NaN NaN NaN NaN NaN NaN NaN NaN NaN NaN NaN NaN NaN NaN NaN NaN NaN NaN NaN NaN NaN NaN NaN NaN NaN NaN 8.9 26.4 8.7 16.6 30.3 14.2 8.9 8.5 23.3 7.9 7.9 8.1 30.5 8 24.3 7.85 7.95 7.85 8.15 13.45 NaN NaN NaN NaN NaN NaN 7.35 6.15 5.55 5.75 4.65 4.55 3.55 3.95 3.75 3.85 4.15 3.85 3.85 3.45 5.65 5.85 6.3 5.75 6.15 7.15 6.7 30.9 18.1 18 18.2 8.2 30.3 7 31.4 7 6.7 6.7 30.3 30.8
NaN NaN NaN NaN NaN NaN NaN NaN NaN NaN NaN NaN NaN NaN NaN NaN NaN NaN NaN NaN NaN NaN NaN NaN NaN NaN NaN NaN NaN NaN NaN NaN NaN NaN NaN 8.1 8.3 28.4 8 8.2 15 7.2 7.1 7.05 14.85 10.55 7.75 10.55 13.45 8.25 6.55 NaN NaN NaN NaN NaN 30.2 6.05 5.85 5.95 5.85 30.5 5.55 6.05 5.95 5.65 4.65 4.85 4.85 6.55 6.55 5.95 6.05 30.6 6.85 9.65 30.5 6.55 30.2 5.4 8.3 31 30.4 30.2 30.4 30.8 6.65 30.4 6.95
NaN NaN NaN NaN NaN NaN NaN NaN NaN NaN NaN NaN NaN NaN NaN NaN NaN NaN NaN NaN NaN NaN NaN NaN NaN NaN NaN NaN NaN NaN NaN NaN NaN NaN NaN NaN 8.1 7.9 8.1 7.9 7.3 12.2 7.1 6.95 7.05 30.45 9.65 10.65 8.15 30.15 8.55 6.95 NaN NaN NaN NaN NaN 11.9 5.95 18.9 5.95 30.9 5.75 5.45 5.65 5.85 5.95 5.75 5.85 6.85 6.75 5.65 5.55 30.4 6.75 6.85 6.65 30.5 30.6 30.4 30.4 7.15 30.2 30.3 30.5 30.9 6.45 30.7 30.7
NaN NaN NaN NaN NaN NaN NaN NaN NaN NaN NaN NaN NaN NaN NaN NaN NaN NaN NaN NaN NaN NaN NaN NaN NaN NaN NaN NaN NaN NaN NaN NaN NaN NaN NaN NaN 8 18.2 7.9 7.9 7.9 7.2 11.7 5.2 7.75 30.25 12.35 10.15 8.15 5.8 8.25 8.35 7.15 NaN NaN NaN NaN NaN 5.75 6.35 6.55 6.75 6.25 6.45 6.15 31.1 30.6 9.85 8.15 7.15 6.95 6.95 6.35 6.25 6.35 25.6 7.05 6.95 6.55 17.8 30.4 30.7 30.8 15.2 30.5 5.95 7.6 6.25 6.45
NaN NaN NaN NaN NaN NaN NaN NaN NaN NaN NaN NaN NaN NaN NaN NaN NaN NaN NaN NaN NaN NaN NaN NaN NaN NaN NaN NaN NaN NaN NaN NaN NaN NaN NaN NaN 7.8 13.2 13 18.1 7.9 8 5 9 7.75 7.05 9.85 7.25 7.15 7.65 7.6 7.15 27.75 NaN NaN NaN NaN NaN NaN 5.25 NaN 5.85 31 6.05 6.15 6.95 30.6 30.15 30.5 30.9 6.85 6.75 6.75 7.05 6.15 6.45 6.65 6.75 6.55 30.3 30.2 30.8 10.8 7.7 30.7 30.2 6.55 6.45 8.8
NaN NaN NaN NaN NaN NaN NaN NaN NaN NaN NaN NaN NaN NaN NaN NaN NaN NaN NaN NaN NaN NaN NaN NaN NaN NaN NaN NaN NaN NaN NaN NaN NaN NaN NaN NaN NaN 10.4 8.4 7.2 7.9 14.1 10.35 7.75 6.95 7.05 12.55 30.8 7.15 7.45 14.2 12.05 7.55 NaN NaN NaN NaN NaN NaN NaN 21.6 28.4 NaN 30.4 6.1 30.5 30.45 6.9 31 30.5 30.6 7.05 6.85 16.7 6.55 6.65 6.95 6.95 6.45 30.5 31.1 30.4 30.3 30.6 30.4 6.15 30.8 6.75 6.25
NaN NaN NaN NaN NaN NaN NaN NaN NaN NaN NaN NaN NaN NaN NaN NaN NaN NaN NaN NaN NaN NaN NaN NaN NaN NaN NaN NaN NaN NaN NaN NaN NaN NaN NaN NaN NaN 8 7.9 30 6.95 6.85 7.1 6.85 6.95 7.15 7.15 7.25 3.1 7.1 17.8 10.5 7.55 7.25 12.15 7.05 6.65 7.15 NaN NaN 5.45 5.75 5.85 16.1 31 30.75 15.9 16.5 7.55 6.85 6.55 6.95 6.35 NaN 8.8 30.5 7.15 6.65 30.3 20.3 30.6 30.6 30.8 31.2 30.6 12.4 6.85 6.95 6.85
NaN NaN NaN NaN NaN NaN NaN NaN NaN NaN NaN NaN NaN NaN NaN NaN NaN NaN NaN NaN NaN NaN NaN NaN NaN NaN NaN NaN NaN NaN NaN NaN NaN NaN NaN NaN NaN 7.9 18 19.85 7.05 7 9.55 6.95 6.85 12.05 7.05 7.05 17.25 7.15 5 10.05 17.45 6.65 7.15 6.75 6.75 6.75 7.15 NaN NaN NaN 5.75 6.05 15.45 12.95 15.15 NaN 7.15 6.35 6.95 7.25 26.5 6.35 6.55 10.3 30.3 6.25 30.5 8.2 30.2 30.8 8 31.2 30.4 6.55 6.55 7.35 7.05
NaN NaN NaN NaN NaN NaN NaN NaN NaN NaN NaN NaN NaN NaN NaN NaN NaN NaN NaN NaN NaN NaN NaN NaN NaN NaN NaN NaN NaN NaN NaN NaN NaN NaN NaN NaN NaN NaN 10.55 13.05 30.75 7.15 6.95 7.05 7.05 7.15 7.05 7.05 7.35 9.95 7.35 7.45 7.35 10.25 6.95 6.75 6.55 6.65 6.45 6.75 7.25 7.45 NaN NaN NaN 11 NaN NaN 9.2 6.55 6.45 6.95 30.8 6.75 6.75 4 19.7 30.5 9.9 15.5 7.9 30.2 30.7 30.9 6.75 6.75 6.85 7.35 6.85
NaN NaN NaN NaN NaN NaN NaN NaN NaN NaN NaN NaN NaN NaN NaN NaN NaN NaN NaN NaN NaN NaN NaN NaN NaN NaN NaN NaN NaN NaN NaN NaN NaN NaN NaN NaN NaN NaN 7.95 7.85 6.85 7.55 7.05 7.05 7.05 6.95 6.85 6.85 7.25 7.25 7.05 7.45 7.55 10.15 30.15 6.25 6.25 6.45 6.65 6.75 6.55 6.95 7.35 14.65 7.55 3.5 10.05 NaN NaN NaN 6.85 6.25 6.45 NaN 10 6.55 30.5 24.5 30.7 7.1 8.4 30.7 30.4 31 31 6.85 7.15 6.85 6.95
NaN NaN NaN NaN NaN NaN NaN NaN NaN NaN NaN NaN NaN NaN NaN NaN NaN NaN NaN NaN NaN NaN NaN NaN NaN NaN NaN NaN NaN NaN NaN NaN NaN NaN NaN NaN NaN NaN 7.75 6.95 6.95 6.95 30.15 19.95 7.15 6.95 16.6 7.25 6.85 7.15 7.35 7.15 10.25 7.75 7.45 9.75 22.4 22.45 6.65 6.55 6.45 6.45 7.25 7.25 12.25 12.85 7.35 9.95 7.25 NaN 6.65 NaN NaN NaN 6.65 11.8 6.75 3.4 30.5 30.4 30.4 30.5 31.1 30.5 30.9 6.65 6.55 6.95 6.15
NaN NaN NaN NaN NaN NaN NaN NaN NaN NaN NaN NaN NaN NaN NaN NaN NaN NaN NaN NaN NaN NaN NaN NaN NaN NaN NaN NaN NaN NaN NaN NaN NaN NaN NaN NaN NaN NaN NaN 6.95 14.1 6.85 12.25 6.95 7.85 7.35 7.35 9.95 9.65 7.45 7.15 30 7.55 3.4 7.65 7.55 7.25 7.15 7.15 6.75 6.75 7.05 6.95 7.25 7.65 25.35 10.15 6.85 6.35 6.35 12.55 NaN NaN 6.55 4.95 5.25 6.95 6.8 31.4 16.6 30.5 30.5 28.1 20.5 28.1 17.4 6.55 6.45 5.8
NaN NaN NaN NaN NaN NaN NaN NaN NaN NaN NaN NaN NaN NaN NaN NaN NaN NaN NaN NaN NaN NaN NaN NaN NaN NaN NaN NaN NaN NaN NaN NaN NaN NaN NaN NaN NaN NaN NaN 6.85 6.95 14.55 6.95 15.15 7.45 7.45 10.05 12.55 15.25 7.75 7.95 7.85 7.35 7.45 10.25 17.45 7.45 7.35 9.75 7.05 24.3 6.55 6.95 7.05 6.65 6.35 6.85 7.05 7.5 14.95 9.85 NaN 6.85 5.25 5.05 5.05 5.05 4.95 7.8 9.5 30.1 30.5 30.5 30.8 6.95 6.95 NaN 6.35 30.7
NaN NaN NaN NaN NaN NaN NaN NaN NaN NaN NaN NaN NaN NaN NaN NaN NaN NaN NaN NaN NaN NaN NaN NaN NaN NaN NaN NaN NaN NaN NaN NaN NaN NaN NaN NaN NaN NaN NaN NaN 6.95 7.35 7.25 9.75 8.15 7.75 7.65 7.55 10.25 7.75 7.55 30.15 20.45 8.05 9.75 7.15 7.35 7.05 7.35 7.45 7.45 7.05 7.9 5.95 6.25 7.1 30.5 30.5 30.5 7.35 NaN NaN 5.05 5.25 5.05 5.05 4.55 4.85 6.15 6.55 13 30.8 30.4 30.5 30.4 31 6.75 30.7 7.05
NaN NaN NaN NaN NaN NaN NaN NaN NaN NaN NaN NaN NaN NaN NaN NaN NaN NaN NaN NaN NaN NaN NaN NaN NaN NaN NaN NaN NaN NaN NaN NaN NaN NaN NaN NaN NaN NaN NaN NaN 7.05 7.05 7.35 7.25 7.25 7.45 7.55 7.55 30.25 12.75 12.85 7.65 7.75 7.45 10.65 30.35 9.95 20.15 6.95 6.95 7.15 6.95 22.1 6.95 5.75 14.9 6.95 6.55 6.55 30.2 NaN 3.8 4.95 14.9 20.2 4.55 4.45 4.45 6.45 6.75 7.05 30.6 30.8 12.9 30.6 31 6.75 7.15 30.7
NaN NaN NaN NaN NaN NaN NaN NaN NaN NaN NaN NaN NaN NaN NaN NaN NaN NaN NaN NaN NaN NaN NaN NaN NaN NaN NaN NaN NaN NaN NaN NaN NaN NaN NaN NaN NaN NaN NaN NaN 12.45 7.35 17.25 30.55 7.35 12.85 7.65 15.35 17.95 12.75 7.85 7.95 15.05 25.45 8.15 7.55 9.85 12.45 6.85 9 6.65 6.65 6.85 6.45 6.75 7.15 30.15 7.75 NaN 7.45 NaN 19 4.55 4.75 25.6 4.65 4.55 4.45 6.75 6.95 6.55 6.45 6.65 30.8 30.8 30.2 6.65 22.9 30.25
NaN NaN NaN NaN NaN NaN NaN NaN NaN NaN NaN NaN NaN NaN NaN NaN NaN NaN NaN NaN NaN NaN NaN NaN NaN NaN NaN NaN NaN NaN NaN NaN NaN NaN NaN NaN NaN NaN NaN NaN 7.45 17.85 17.55 7.85 9.95 7.65 22.95 30.4 12.75 7.85 27.95 30.45 30 10.35 30.05 9.95 7.35 7.25 6.75 6.75 6.75 6.75 6.75 7.05 7.15 7.15 7.35 6.85 NaN NaN NaN 5.85 4.25 30 17.5 4.25 4.15 4.25 30.4 30.7 6.45 6.65 6.45 6.45 6.45 6.45 6.75 6.55 12.05
NaN NaN NaN NaN NaN NaN NaN NaN NaN NaN NaN NaN NaN NaN NaN NaN NaN NaN NaN NaN NaN NaN NaN NaN NaN NaN NaN NaN NaN NaN NaN NaN NaN NaN NaN NaN NaN NaN NaN NaN 7.45 7.25 7.55 12.35 7.55 15.15 7.65 30.35 12.75 8.15 7.65 22.75 7.55 7.75 30.65 6.75 6.65 6.75 9.1 3.1 8.1 5.8 11 12.65 9.55 7.05 6.55 NaN NaN NaN NaN NaN 5.75 6.65 4.95 4.25 4.55 4.55 4.55 6.45 6.65 6.95 6.75 6.75 6.15 6.25 6.65 6.65 6.95
NaN NaN NaN NaN NaN NaN NaN NaN NaN NaN NaN NaN NaN NaN NaN NaN NaN NaN NaN NaN NaN NaN NaN NaN NaN NaN NaN NaN NaN NaN NaN NaN NaN NaN NaN NaN NaN NaN NaN NaN 12.55 20.05 30.65 30.25 30.75 15.05 30.35 8.25 7.95 30.35 30.35 10.45 30.4 25.45 3.1 30.6 3.1 3 7.1 6.95 12.25 7.25 6.75 6.95 12.45 7.05 7.35 30.35 7.05 NaN NaN NaN NaN NaN 6.45 4.85 4.65 4.55 4.25 NaN NaN NaN NaN NaN 6.15 6.55 6.85 6.55 31.1
NaN NaN NaN NaN NaN NaN NaN NaN NaN NaN NaN NaN NaN NaN NaN NaN NaN NaN NaN NaN NaN NaN NaN NaN NaN NaN NaN NaN NaN NaN NaN NaN NaN NaN NaN NaN NaN NaN NaN NaN 7.45 11.1 7.65 7.55 7.15 7.55 7.75 7.75 10.45 7.75 10.45 7.85 7.75 19.85 19.9 4.2 9.95 10.5 7.55 30.15 7.65 15.05 9.55 9.75 7.55 7.65 7.65 12.75 7.25 7.05 6.35 NaN NaN NaN NaN 6.35 4.45 4.25 4.15 NaN NaN NaN NaN NaN 28.4 6.15 5.55 6.15 6.25
NaN NaN NaN NaN NaN NaN NaN NaN NaN NaN NaN NaN NaN NaN NaN NaN NaN NaN NaN NaN NaN NaN NaN NaN NaN NaN NaN NaN NaN NaN NaN NaN NaN NaN NaN NaN NaN NaN NaN NaN 3.2 23.7 10.05 19.95 17.35 14.2 30.05 7.65 7.75 8.15 12.85 7.55 30.2 7.15 7.05 30.4 30.05 7.25 7.55 7.45 7.15 19.75 6.95 7.15 7.45 20.25 7.45 27.25 12.35 12.15 NaN 6.25 NaN NaN NaN NaN NaN 5.95 NaN NaN NaN NaN NaN 5.65 6.25 NaN NaN NaN 5.15
NaN NaN NaN NaN NaN NaN NaN NaN NaN NaN NaN NaN NaN NaN NaN NaN NaN NaN NaN NaN NaN NaN NaN NaN NaN NaN NaN NaN NaN NaN NaN NaN NaN NaN NaN NaN NaN NaN NaN NaN NaN 5.2 9.85 12.35 30.3 30.5 10.25 7.85 10.25 30.2 7.75 7.55 7.55 7.35 12.35 9.85 9.95 7.55 7.15 7.25 7.35 7.05 7.45 7.45 30.5 27.35 9.75 7.15 7.15 6.75 6.85 6.95 6.85 6.75 NaN NaN NaN NaN NaN NaN NaN NaN NaN 6.25 NaN NaN NaN NaN NaN
NaN NaN NaN NaN NaN NaN NaN NaN NaN NaN NaN NaN NaN NaN NaN NaN NaN NaN NaN NaN NaN NaN NaN NaN NaN NaN NaN NaN NaN NaN NaN NaN NaN NaN NaN NaN NaN NaN NaN NaN NaN NaN 7.05 7.25 9.85 7.25 7.15 NaN NaN NaN NaN NaN 7.45 7.15 7.25 7.35 7.05 7.65 19.85 29.2 7.15 7.35 7.35 7.25 30.5 7.45 9.95 7.15 7.25 7.15 7.05 7.05 6.75 9.75 7.95 NaN NaN NaN NaN NaN NaN NaN 5.45 6.25 NaN NaN NaN NaN NaN
NaN NaN NaN NaN NaN NaN NaN NaN NaN NaN NaN NaN NaN NaN NaN NaN NaN NaN NaN NaN NaN NaN NaN NaN NaN NaN NaN NaN NaN NaN NaN NaN NaN NaN NaN NaN NaN NaN NaN NaN NaN NaN NaN NaN NaN NaN NaN NaN NaN NaN NaN NaN 7.15 9.85 6.95 7.05 12.45 7.35 9.85 7.05 7.45 7.05 8.1 6.85 7.25 7.75 7.05 6.95 6.95 7.15 7.25 6.75 7.15 7.35 7.05 NaN NaN NaN NaN NaN NaN NaN NaN NaN NaN NaN NaN NaN NaN
NaN NaN NaN NaN NaN NaN NaN NaN NaN NaN NaN NaN NaN NaN NaN NaN NaN NaN NaN NaN NaN NaN NaN NaN NaN NaN NaN NaN NaN NaN NaN NaN NaN NaN NaN NaN NaN NaN NaN NaN NaN NaN NaN NaN NaN NaN NaN NaN NaN NaN NaN NaN 7.05 7.15 7.05 7.15 9.65 6.95 9.65 19.85 7.25 6.95 7.05 6.85 7.05 7.45 7.05 7.05 9.65 9.85 7.45 6.95 6.65 NaN 6.65 NaN NaN NaN NaN NaN NaN NaN NaN NaN NaN NaN NaN NaN NaN
NaN NaN NaN NaN NaN NaN NaN NaN NaN NaN NaN NaN NaN NaN NaN NaN NaN NaN NaN NaN NaN NaN NaN NaN NaN NaN NaN NaN NaN NaN NaN NaN NaN NaN NaN NaN NaN NaN NaN NaN NaN NaN NaN NaN NaN NaN NaN NaN NaN NaN NaN NaN 6.95 7.05 7.15 7.05 NaN NaN 7.05 NaN 7.05 3.4 6.85 6.85 18.6 7.15 7.05 7.05 7.15 9.65 7.25 6.55 6.25 NaN NaN NaN NaN NaN NaN NaN NaN NaN NaN NaN NaN NaN NaN NaN NaN
NaN NaN NaN NaN NaN NaN NaN NaN NaN NaN NaN NaN NaN NaN NaN NaN NaN NaN NaN NaN NaN NaN NaN NaN NaN NaN NaN NaN NaN NaN NaN NaN NaN NaN NaN NaN NaN NaN NaN NaN NaN NaN NaN NaN NaN NaN NaN NaN NaN NaN NaN NaN NaN NaN NaN NaN NaN NaN NaN NaN NaN NaN 6.85 6.95 7.15 6.95 6.95 7.05 6.85 7.05 7.25 NaN NaN NaN NaN NaN NaN NaN NaN NaN NaN NaN NaN NaN NaN NaN 6.75 NaN NaN
NaN NaN NaN NaN NaN NaN NaN NaN NaN NaN NaN NaN NaN NaN NaN NaN NaN NaN NaN NaN NaN NaN NaN NaN NaN NaN NaN NaN NaN NaN NaN NaN NaN NaN NaN NaN NaN NaN NaN NaN NaN NaN NaN NaN NaN NaN NaN NaN NaN NaN NaN NaN NaN NaN NaN NaN NaN NaN NaN NaN NaN NaN NaN NaN 7.25 30.4 7.05 6.65 6.65 7.15 7.6 NaN NaN NaN NaN NaN NaN 4.95 5.15 NaN NaN NaN NaN NaN 6.95 7.05 6.65 NaN NaN
NaN NaN NaN NaN NaN NaN NaN NaN NaN NaN NaN NaN NaN NaN NaN NaN NaN NaN NaN NaN NaN NaN NaN NaN NaN NaN NaN NaN NaN NaN NaN NaN NaN NaN NaN NaN NaN NaN NaN NaN NaN NaN NaN NaN NaN NaN NaN NaN NaN NaN NaN NaN NaN NaN NaN NaN NaN NaN NaN NaN NaN NaN NaN NaN NaN NaN 6.85 6.95 6.95 6.75 6.95 6.75 6.75 6.65 NaN NaN NaN 4.85 5.25 NaN NaN 6.95 NaN 30.05 6.65 6.35 6.25 6.15 NaN
NaN NaN NaN NaN NaN NaN NaN NaN NaN NaN NaN NaN NaN NaN NaN NaN NaN NaN NaN NaN NaN NaN NaN NaN NaN NaN NaN NaN NaN NaN NaN NaN NaN NaN NaN NaN NaN NaN NaN NaN NaN NaN NaN NaN NaN NaN NaN NaN NaN NaN NaN NaN NaN NaN NaN NaN NaN NaN NaN NaN NaN NaN NaN NaN NaN NaN NaN NaN NaN 6.85 6.35 6.65 6.95 4.95 NaN 4.95 4.95 5.35 5.05 4.95 6.85 6.85 24.8 18.1 6.75 7.6 6.15 6.25 6.25
NaN NaN NaN NaN NaN NaN NaN NaN NaN NaN NaN NaN NaN NaN NaN NaN NaN NaN NaN NaN NaN NaN NaN NaN NaN NaN NaN NaN NaN NaN NaN NaN NaN NaN NaN NaN NaN NaN NaN NaN NaN NaN NaN NaN NaN NaN NaN NaN NaN NaN NaN NaN NaN NaN NaN NaN NaN NaN NaN NaN NaN NaN NaN NaN NaN NaN NaN 5.95 5.95 6.45 6.05 6.35 6.45 4.55 NaN 4.75 5.35 5.15 4.65 4.75 4.75 4.85 8 6.45 6.25 6.05 6.05 6.05 6.15
NaN NaN NaN NaN NaN NaN NaN NaN NaN NaN NaN NaN NaN NaN NaN NaN NaN NaN NaN NaN NaN NaN NaN NaN NaN NaN NaN NaN NaN NaN NaN NaN NaN NaN NaN NaN NaN NaN NaN NaN NaN NaN NaN NaN NaN NaN NaN NaN NaN NaN NaN NaN NaN NaN NaN NaN NaN NaN NaN NaN NaN NaN NaN NaN NaN NaN 5.95 3 6.35 6.25 6.25 6.35 7.6 4.55 5.05 5.35 5.45 4.75 4.95 4.65 4.75 4.2 19.9 6.35 6.35 6.25 6.35 5.95 5.75
