Outfile_3.asc
NCOLS 201
NROWS 151
XLLCORNER 730592.938286
YLLCORNER 2561222.529137
CELLSIZE 145.176046
NODATA_VALUE NaN
[rows 99 to 131 of 151, columns 74 to 147 of 201]
7.8 8.2 8.25 7.7 12.35 9.3 8.798142394 12.3714045971 14.3745006541 6.7 12.3666666667 7.1 8 17.8166666667 NaN 1.7666666667 5.05 4.95 4.95 4.4 4.5 7.9 7.7 9.1 7.1 6.7843909065 6.4532369137 6.65 15.066 6.95 7 5.05 8.1 8.2 10.9 8.25 15.053 15.044 14.972 9 5.6542261031 5.7245006541 5.4333333333 NaN NaN NaN 4.9660289775 1.8017858479 5.6562672167 5.5306599425 2.7428255525 5.0816790289 2.5524976531 6.2575575791 6.4635231517 5.253428636 2.3789342698 2.3639351726 7.5 3.0708927697 7.95 7.8 7.25 7.9 5.103030303 5.053030303 5.053030303 5.098142394 5.4277777778 13.8135231517 14.6 29.983 21.9 24.2
8.7 8.65 9.15 11.5 10.25 9.25 15.85 8 8.6 10.4 8.85 10.95 NaN 7.65 NaN 1.8542261031 3.95 4.5 10.85 4.9 5.3 4.9 11.8 11.935702243 12.05 9.65 15.095 7.75 7.3 9 14.962 9.45 11.25 7.6 8.05 15.018 15.073 7.9 6.45 6.9 6.4 6.49071197 3.7166666667 2.1469040394 NaN NaN 6.25 2.2717300308 7 7.95 2.9980521815 1.8717300308 2.8229948341 10.7833333333 6.1722222222 6.9 4.95 2.2629588438 2.6739042103 15.0304748005 11.55 22.5968852936 7.3 5.5258686137 2.5722222222 5.2722222222 5.2222222222 4.8702728564 5.9083333333 6.1021130107 19.95 24.75 27.25 22.35
8.6 13.4 8.05 8.7 9.3 10.25 7.75 7.75 12.5 10.95 12.45 8.6 NaN NaN NaN 1.8135735976 4 5.15 5 4.75 4.95 5 6 6.2 6.35 7.8 7.15 7.4 5.1 9.15 8.45 5.15 14.7 9 8.6 8.2 7.05 6.3 6.9 6.1692754236 6.2716618094 8.25 7.95 NaN NaN NaN NaN 2.2179068435 7.6 8.3 3.1555555556 1.9108185325 5.7166666667 2.0333333333 9 11.25 6.35 5.1 2.0635231517 5.3634491708 6.95 4.9333333333 6.95 6.15 7.45 1.9 2.05 8.9 8.5 12.65 4.85 9.65 23.2 21.6
11.3 8.65 8.15 11.85 5.4833333333 9.3 5.728511354 7.65 7.7 8.1 8.1 NaN NaN NaN NaN NaN 6.45 5.15 5.05 4.45 4.8 4.65 7.15 7 6.9 8.45 8.9 8.05 6.75 8.1 7.3 7.95 6.9 6.65 6.95 14.99 7.6 6.75 8.3 6.5681050248 6.1084518793 5 NaN NaN NaN NaN NaN NaN 2.4310980619 2.6969842853 3.0666666667 5.198142394 5.9523689097 5.2833333333 6.2222222222 6.05 5.95 5.65 4.9328101159 9.6384487607 10.4037203881 5.0333333333 2.4333333333 14.8401371761 6.05 12.8 10.05 19.25 6.2 11.5 14.7 10.9 12.75 20.25
14.69071197 14.7833333333 5.4 4.5 9.45 8.9833333333 9.9 7.55 7.95 7.55 9.55 8.85 4.5 NaN NaN NaN NaN 6.5 5.25 5.5 5.05 5.35 5.25 NaN NaN NaN NaN 5.2 8.3 8.6 7.45 7.85 6.8 NaN NaN 7.15 8.05 7.35 6.7 14.9823703704 9.7 7.25 NaN NaN NaN NaN NaN 6.5 2.9404286252 3.2659351537 4.3833333333 10.7784270273 2.917127024 5.7376787265 6.5702728564 5.7 5.1 4.85 5.1063281674 4.9923526966 5.1469040394 3.1666666667 7.85 8.45 9.0192754236 6.15 9.65 5.5 8.5 10.95 8.9 24.986 25.212 18
3.3666666667 9.05 7.4 5.2666666667 5.1716618094 13.25 10 11.3 11.75 9.4 10.45 8.4 8.4 7.6 6.55 NaN NaN NaN NaN 6.75 4.85 4.95 7.2 NaN NaN NaN NaN 6.6 7.1 NaN 6.3 6.4 5.95 NaN NaN 6.7 7.05 6.7 9.65 14.9933703704 5.8333333333 15.2033333333 6.45 NaN NaN NaN NaN 6.65 6.8 5.9833333333 5.1 25.14 6.4967825041 5.1452995056 6.1513740557 5.35 4.85 4.9 4.8 5.0064102564 5.3401371761 5.6833333333 10.0833333333 2.7537203881 7 7.15 6.45 5.3 8.3 7.25 7.95 10.6 25.043 25.065
19.7770461645 10.2 5.0681050248 8 8.9 4.803030303 10.75 11.7635231517 8.5 8.75 10.8 11.35 9.95 7.9 NaN 6.6 NaN NaN NaN NaN NaN NaN NaN NaN NaN NaN NaN 6.7 NaN NaN NaN NaN NaN NaN NaN NaN 9.35 6.2 8.8380952381 7.95 14.9472676031 15.0228234805 15.0283996038 6.6 3.09071197 5.0333333333 6.34071197 8.3534349239 12.9551154274 6.7059224131 5.8333333333 7.1950799339 5.6137183223 6.4181474842 5 5.05 4.85 4.7 9.6 7.95 11.9 5.86898463 5.6333333333 8.9 9.15 7.05 6.75 6.8 7.9 7.75 7.15 25.027 5.75 6
8.25 8.4 7.95 10.8 7.75 8.45 8.15 7.55 7.7 8.2 7.9 7.85 8.35 8.75 9.6 7.95 7.25 6.6 NaN NaN NaN NaN NaN NaN NaN NaN 5.75 6.45 NaN NaN NaN NaN NaN NaN NaN NaN 9 8.55 14.985 14.2322617446 14.9427820941 14.9844383581 6.6 11.9547871587 5.2 5.5745006541 6.397996552 5.7081491326 6.8520285504 5.9601105702 10.2537037037 3.3848730697 6.9644313952 5.6064102564 5.4 5.15 4.9 4.9 7.95 5.0563281674 9.3 2.9969040394 25.13471197 25.1556666667 7.3 7.2 11.2688440482 6.3 7.05 8.55 7.95 6.3202728564 6.0950715499 5.8064102564
10.85 8.9 9.1 11.1 11.45 11.85 8.15 9.25 8.05 7.7 8.55 12.95 8.4 9.4 11.05 7.25 7.8 8.6 7.75 NaN NaN NaN NaN NaN NaN 5.45 5.9 NaN NaN NaN NaN NaN NaN NaN NaN NaN 9.55 12.85 15.0080295079 12.35 8.15 15.1397852127 5.1692725435 6.8502041892 5.9100747221 5.5714045971 7.1 6.373998276 5.5033108961 6.0844898253 24.9524285714 7.2649362158 8.2 5.6768182948 6.5567245426 4.8 6.1 5.95 9.95 7.95 8.35 5.8901371761 15.3833333333 21.3833333333 15.5584518793 6.5 7.25 6.9 6.55 6.45 7.2 24.9798601941 20.8226779369 6.95
9.8 8.15 12.45 8.65 13.85 10.55 4.7 7.45 8.3 7.65 8.9 11.35 8.25 8.9 9.1 7.25 7.95 7.7 7.85 NaN NaN NaN NaN NaN NaN NaN NaN NaN NaN NaN NaN NaN NaN NaN NaN 4.65 6.8 6.5 7.1255853852 15.1654753952 15.1057852127 15.1443557635 6.95 6.0983456956 5.8645671951 6.498142394 7.75 7.1 7.0268182948 6.5714045971 6.84071197 25.0613333333 6.95 5.5615508071 6.0984520197 6.05 5.85 10.75 12 8.95 2.1242242458 7.2 7.2 13.1333333333 23.1454770164 10.7 6.25 4.9013641714 6.65 6.75 7.1 6.41898463 11.1953558739 6.7111111111
7.9 8.35 7.95 10.7 9.4 9.25 8.7 4.85 8.6 7.9 7.7 7.7 4.55 10.7 8.3 7.05 8.85 NaN 8.6 7.2 NaN NaN NaN NaN NaN NaN NaN NaN NaN NaN NaN NaN NaN NaN NaN NaN 6.65 5.35 7.25 8.2 15.07591678 6.047996552 6.7 5.9286681507 12.8 22.6183739396 7.95 7.8 9.45 13.5 5.9166666667 7.8070224301 6.74071197 6.4205792798 5.5594922192 6.3222222222 6.1 25.025 7.8 8.5 2.4513740557 7.6 7.55 16.5235829038 25.00068603 8.8 7.65 6.8 6.6 6.5 10.3666666667 15.8333333333 5.75 15.7070224301
NaN NaN NaN NaN NaN 4.1 7.7 10.8 8 8.55 7.2 8 7.85 7.85 9.2 6.95 6.3 NaN NaN NaN NaN NaN NaN NaN NaN NaN NaN NaN NaN NaN NaN NaN NaN NaN NaN NaN NaN NaN NaN 6.6 6.7 8.5 6.55 7.15 16.3880952381 11.75 7.25 7.85 5.6108185325 10.25 7.9 7.0584518793 5.45 6.4584518793 5.8134491708 10.5635231517 6 6.35 8.65 8.1 7.65 7.55 7.1 8.15 8.45 9 10.05 7.85 7.7 6.45 24.4111111111 17.7333333333 6.65 8.8
NaN NaN NaN NaN NaN NaN NaN 7.35 7.4 7.2 8 10 8.05 7.95 7.55 NaN NaN NaN NaN NaN NaN 5.35 NaN NaN NaN NaN NaN NaN 8.1 7.25 NaN NaN NaN NaN NaN NaN NaN NaN NaN 6.6 6.9 9.75 7.05 6.7 6.95 7.9 5.05 6.95 7.55 7.05 10.95 5.5969040394 6.44071197 13.7666666667 24.9291904762 6.4277777778 8.6 10.5 12.7 10.15 7.5 5.1688440482 20.386310514 8.2 8.2 23.69071197 25.0440712638 6.6601516281 6.1216618094 16.1261904762 6.9 7.1 23.0884487607 13.6094922192
NaN NaN NaN NaN NaN NaN NaN NaN NaN 7.65 12.05 7.9 8.95 8.5 NaN 7.95 NaN NaN 7.1 NaN 5.15 5.95 NaN NaN NaN NaN NaN 7.65 10.7 8 NaN NaN NaN NaN NaN NaN NaN NaN NaN 6.55 2.7055555556 7.15 6.75 7.85 7.3 7.35 8.95 6.7 6.6 6.1 6.7 5.4666666667 7.7111111111 12.7070224301 6.547996552 5.4181050248 6.5581667897 5.4977647286 4.8 9.15 8.05 7.35 7.75 10.25 24.9941262079 25.1485006541 9.15 7.85 9.9737619586 8.8277777778 19.5635231517 13.1450715499 8.85 6.4
NaN NaN NaN NaN NaN NaN NaN NaN NaN NaN NaN NaN NaN 7.2 12.45 7.3 7.65 5.2 NaN NaN 5.35 6 5.6 5.55 9.6 NaN 7.6 9.1 7.2 8.75 7.05 NaN NaN NaN NaN NaN NaN NaN NaN 6.4 5.3055555556 6.6 6.5 8.25 7.25 8.3 8.95 6.05 11.7 21.2 6.1635231517 24.9736779369 11.1333333333 24.9873333333 5.6166666667 8.5037203881 9.2767895821 14.648142394 14.0608185325 9.5 9.85 5.15 2.4210636516 9.7 19.4591218061 6.2375594364 8.4 9.8 14.7194840324 9.6 6.95 6.55 6.7 6.7
NaN NaN NaN NaN NaN NaN NaN NaN NaN NaN NaN NaN NaN NaN 6.95 10.3 9.3 5.35 NaN 5.7 6 5.35 5.6 5.4 9.45 10.25 9.1 7.75 8.85 8.05 8.5 7.35 NaN NaN NaN NaN NaN NaN NaN NaN NaN NaN NaN NaN NaN 7.05 7.15 25.12 10.35 6.5 19.29984391 24.9663641714 24.7666666667 5.85 11.05 21.2333333333 7.8 16.8333333333 7.05 10.15 10.85 7.7 11.45 19.9665163336 7.1 7.05 7.35 7.6 5.8192754236 4.8688440482 7.8 7.65 6.45 6.5
NaN NaN NaN NaN NaN NaN NaN NaN NaN NaN 6.9 7.05 7.85 6.95 7.55 7.25 9.1 5.7 5.65 5.95 5.6 5.15 5.15 5.15 5.65 4.95 12.25 7.05 8.85 8.5 7.85 9.55 NaN NaN NaN NaN NaN NaN NaN NaN NaN NaN NaN NaN NaN NaN 8.65 6.2 7.7 22.95 6.1789342698 8.65 13.0205792798 7.55 7.9 24.9653333333 6.7537203881 8.75 8.45 24.909 11.3 11.05 9.2 25.0164102564 8.5 5.7666666667 22.9 25.1434518793 25.0731371761 8.25 24.9677245426 7.2 9.9 24.965
NaN NaN NaN NaN NaN NaN NaN NaN NaN NaN 7.2 4.8 10.3 8.9 7.95 7.15 12.95 5.4 5.45 5.25 5.6 5.75 5.45 5.5 5.25 4.95 12.05 7.15 4.85 6.65 6.6 5.65 NaN NaN NaN NaN NaN NaN NaN NaN NaN NaN NaN NaN NaN 7.05 12.1 5.9 14.95 24.931 13.7002805931 9.95 7.45 2.4703703704 22.31898463 21.7333333333 7.75 9.8 8.05 10.2 11.45 13.1 9.65 25.0322242458 7.2 11.15 9.3 25.0646666667 20.3716618094 7 13.9484520197 9.8 11.7 25.095
NaN NaN NaN NaN NaN NaN NaN NaN NaN NaN 7.95 8.1 10.25 7.3 8.95 7.5 5.2 5.2 5.45 4.5 5.8 5.45 5.6 5.6 5.05 7.3 7.15 6.4 6.25 6.35 6.4 NaN NaN NaN NaN NaN NaN NaN NaN NaN NaN NaN NaN NaN NaN 7.25 8.15 9.6 15.2 9.25 8.6 7.85 9.2 10.3 11.0122501134 23.078511354 21.3333333333 7.1 21.6333333333 4.9722222222 9.05 16.55 12.1 8.85 7.4 10.2 7.45 19.1833333333 8.65 7 14.9594922192 7.9 20.35 7.65
NaN NaN NaN NaN NaN NaN NaN NaN NaN NaN 7.55 14.6 9.15 8.1 8.5 5.1 5.05 5.25 5.35 5.7 5.3 6.05 5.15 4.65 5.05 8.45 5.5 6.45 6.35 6.3 6.05 NaN NaN NaN NaN NaN NaN NaN NaN NaN NaN NaN NaN NaN NaN NaN 13.65 10.2 10.05 11.05 9.2 11.05 17.7 8.3 25.0183703704 23.0833333333 6.9 5.6666666667 18.75 8.6 4.85 24.954 21.75 8.25 25.0368185325 8.75 9 7.8 25.0363333333 3.0166666667 7.05 11.8160289775 12.2 8.75
NaN NaN NaN NaN NaN NaN NaN NaN NaN NaN 5.6 5.1 5.45 5.45 6 14.8 12.3 5.6 5.5 5.5 5.5 5.35 4.7 5.8 6.1 7.7 6.15 6.4 6.2 NaN NaN NaN NaN NaN NaN NaN NaN NaN NaN NaN NaN NaN NaN NaN NaN NaN NaN NaN 6.9 7.1 8.95 8 20 25.2620952381 25.2083703704 14.0833333333 9.85 8.4 14.1615508071 24.943702243 11.7 13.35 6.3 8.8 7.5 25.0570715499 7.6 8.6 25.1713333333 25.087511354 7.15 7.15 9.8 17.35
NaN NaN NaN NaN NaN NaN NaN NaN NaN 5.4 5.75 5.2 5.7 5.45 5.6 5.1 5.35 5.85 5.55 5.6 5.4 5.6 5.55 5.25 5.2 5.9 6.4 6.45 6.55 NaN NaN NaN NaN NaN NaN NaN NaN NaN NaN NaN NaN NaN NaN NaN NaN NaN NaN NaN NaN NaN 7.25 23.85 7.45 5.5374901471 17.5681050248 15.6084518793 14.5 7 7.55 9.55 11.05 9.5 16.5 25.154 8.95 7.85 7.9 9.3 8 1.75 8.35 11.3 16.15 20.7
NaN NaN NaN NaN NaN NaN NaN NaN NaN 10.3 13.55 15.026 5.45 4.8 5.6 5.35 5.65 5.8 6.05 5.65 5.4 5.4 5.2 5.4 5.1 5.55 7 6.75 6.25 NaN NaN NaN NaN NaN NaN NaN NaN NaN NaN NaN NaN NaN NaN NaN NaN NaN NaN NaN NaN NaN 9.15 7.3 8.2 12.1135231517 14.95 23.0953558739 14.0833333333 7.328511354 15.4969040394 22.598142394 16.25 11.35 8 14.65 6.9 10.5 13 7.55 7.85 25.02171197 25.0433333333 6.0166666667 21.4533326691 25.0590715499
NaN NaN NaN NaN NaN NaN NaN NaN NaN 9.15 8.7 9.55 8.55 7.75 14.954 5.8 5.5 5.75 5.45 5.65 5.6 5.4 5.3 5.75 4.9 5.5 4.15 6.4 9 NaN NaN NaN NaN NaN NaN NaN NaN NaN NaN NaN NaN NaN NaN NaN NaN NaN NaN NaN NaN NaN 5.2608185325 19.3118913743 10.2 20.5634491708 7.25 18.0166666667 19.7540925512 15.45 7.9 21.3615508071 19.135702243 12.25 9 10.85 7.95 12.4 22.85 11.8 11.3 14.25 25.065 8.1 15.8 10.2
NaN NaN NaN NaN NaN NaN NaN NaN NaN 7.6 11.75 8 10.7 12.35 9.35 6.15 5.85 5.95 5.7 5.7 5.2 5.25 5.5 5.1 5.6 5 3.8 4.5 7.1 6.65 NaN NaN NaN NaN NaN NaN NaN NaN NaN NaN NaN NaN NaN NaN NaN NaN NaN NaN NaN NaN NaN 10.05 18.25 9.9 19 15.35 7.85 25.0686666667 9.25 22.4115508071 9.8 10.9 11.9 7.8 12 7.45 12.65 11.95 14.85 13.25 10.7 20.05 24.7584518793 25.0088371643
NaN NaN NaN NaN NaN NaN NaN NaN NaN NaN 8.8 8.8 9.9 7.85 5.35 5.6 5.4 5.75 5.75 5.65 4.65 5.4 5.2 5.4 5.2 5.1 3.9 4.3 6.6 6.5 NaN NaN NaN NaN NaN NaN NaN NaN NaN NaN NaN NaN NaN NaN NaN NaN NaN NaN NaN NaN NaN NaN 11.15 10.75 12.3 16.8084518793 13.5 11.55 7.7 13.3423526966 9.9 18.3 24.929 11.35 11.6 19.95 20.55 13.95 13.3 11.5 10 10.65 25.0180224301 16.35
NaN NaN NaN NaN NaN NaN NaN NaN NaN NaN NaN NaN 7.35 7.55 5.6 5.4 5.8 5.55 5.6 5.3 14.98 5.75 5.7 5.15 5.25 5.35 4.35 4.3 4.2 NaN NaN NaN NaN NaN NaN NaN NaN NaN NaN NaN NaN NaN NaN NaN NaN NaN NaN NaN NaN NaN NaN NaN 6.9090193633 14.4 16.05 9.4 9.05 12.75 14.8635231517 25.0612222222 20.8 14.9 22.3 10.35 8.2 15.85 15.65 9.8 9.6 12.25 15.8226779369 25.0216666667 10.2 21.4
NaN NaN NaN NaN NaN NaN NaN NaN NaN NaN NaN NaN NaN NaN 4.95 5.55 6 5.55 5.5 5.5 4.8 5.45 NaN NaN NaN NaN NaN NaN NaN NaN NaN NaN NaN NaN NaN NaN NaN NaN NaN NaN NaN NaN NaN NaN NaN NaN NaN NaN NaN NaN NaN NaN 13.7969040394 14.5 24.961 14.95 14.5 25.2052728564 16.8021130107 19.25 12.1 9.75 24.3 10.05 15.9 20.65 8.8 19.05 22.6 11.95 17.5 8.35 7.95 10
NaN NaN NaN NaN NaN NaN NaN NaN NaN NaN NaN NaN NaN NaN NaN 5.25 4.9 5.4 5.4 5.4 5.2 NaN NaN NaN NaN NaN NaN NaN NaN NaN NaN NaN NaN NaN NaN NaN NaN NaN NaN NaN NaN NaN NaN NaN NaN NaN NaN NaN NaN NaN NaN NaN 24.956 25.134 25.044 15.85 18.25 11.45 7.35 10.95 16.8 25.198 16.1 24.4 23.95 12.55 8.85 13.85 11.05 15.45 10.4 24.85 22.21898463 7.9
NaN NaN NaN NaN NaN NaN NaN NaN NaN NaN NaN NaN NaN NaN NaN 5.1 5.7 5.55 5.35 NaN NaN NaN NaN NaN NaN NaN NaN NaN NaN NaN NaN NaN NaN NaN NaN NaN NaN NaN NaN NaN NaN NaN NaN NaN NaN NaN NaN NaN NaN NaN NaN NaN NaN NaN NaN 12.6 14.05 21.1 16 25.209 14.6 25.021 24.955 25.024 13.05 16.4 9.8 14.2 8.7 10.75 9.1 21.4758686137 10.55 7.4
NaN NaN NaN NaN NaN NaN NaN NaN NaN NaN NaN NaN NaN NaN NaN 5.1 5.55 5.5 NaN NaN NaN NaN NaN NaN NaN NaN NaN NaN NaN NaN NaN NaN NaN NaN NaN NaN NaN NaN NaN NaN NaN NaN NaN NaN NaN NaN NaN NaN NaN NaN NaN NaN NaN 9.7 18.15 8.95 9 25.008 18.55 20.7 10.8 19.55 12.8 25.259 12.55 10.4 10.75 18.75 23.6 9.8 10.25 10.25 10.9 25.107
NaN NaN NaN NaN NaN NaN NaN NaN NaN NaN NaN NaN NaN NaN NaN NaN NaN NaN NaN NaN NaN NaN NaN NaN NaN NaN NaN NaN NaN NaN NaN NaN NaN NaN NaN NaN NaN NaN NaN NaN NaN NaN NaN NaN NaN NaN NaN NaN NaN NaN NaN NaN NaN 16.4 16 19.15 11.2 24 18.7 17.25 15.15 15.55 25.004 25.002 16.2 22.45 9.85 11.2 15.55 12.85 12.25 14.6 14 11.8
NaN NaN NaN NaN NaN NaN NaN NaN NaN NaN NaN NaN NaN NaN NaN NaN NaN NaN NaN NaN NaN NaN NaN NaN NaN NaN NaN NaN NaN NaN NaN NaN NaN NaN NaN NaN NaN NaN NaN NaN NaN NaN NaN NaN NaN NaN NaN NaN NaN NaN NaN NaN NaN NaN NaN NaN NaN NaN NaN NaN NaN NaN NaN 10.65 14.9 12.9 25.075 13.5 12.7 9.7 21.5 17.55 12.4 14.8
