Outfile_4.asc
NCOLS 201
NROWS 151
XLLCORNER 730592.938286
YLLCORNER 2561222.529137
CELLSIZE 145.176046
NODATA_VALUE NaN
[rows 33 to 65 of 151, columns 0 to 73 of 201]
NaN NaN NaN NaN NaN NaN NaN NaN NaN NaN NaN NaN NaN NaN NaN NaN NaN NaN NaN NaN NaN NaN NaN NaN NaN NaN NaN NaN NaN NaN NaN NaN NaN NaN NaN NaN NaN NaN NaN NaN NaN NaN NaN NaN 8.1 31.6 31.4 10.8 30.2 31.7 7.7 7.3 25.4 8.1 30.2 10.4 30.3 8.3 30.3618913743 30.7615508071 31.4205792798 30.578511354 30.1 7.6 6.8 6.8 9.6 7.4 7.1 7.1 14.1161994504 30.4663880718 7.4 30.7660289775
NaN NaN NaN NaN NaN NaN NaN NaN NaN NaN NaN NaN NaN NaN NaN NaN NaN NaN NaN NaN NaN NaN NaN NaN NaN NaN NaN NaN NaN NaN NaN NaN NaN NaN NaN NaN NaN NaN NaN NaN NaN NaN NaN 30.3 31.3 31.1 30.7 21.2 30.7 30.4 20.3 7.7 7.1 21 30.6 31.1 10.2 8 7.6 7.1 7.7 30.8270461645 30.478511354 30.5 30.4333333333 14.8333333333 31.0517072729 8 9.9 7.6 9.8 7.1 7 8.3222222222
NaN NaN NaN NaN NaN NaN NaN NaN NaN NaN NaN NaN NaN NaN NaN NaN NaN NaN NaN NaN NaN NaN NaN NaN NaN NaN NaN NaN NaN NaN NaN NaN NaN NaN NaN NaN NaN NaN NaN NaN NaN NaN NaN 30.6 31.9 30.6 31.4 31.5 31.5 31.2 15.3 30.2 12.5 30.7 31.5 22.9 13 14.4 7.3 8.414274771 7.5 27.6 7.1205792798 9.9540925512 7.2 7.3 7.5 30.3 7.9 13 31.0827842464 30.947996552 8.9017858479 30.4217300308
NaN NaN NaN NaN NaN NaN NaN NaN NaN NaN NaN NaN NaN NaN NaN NaN NaN NaN NaN NaN NaN NaN NaN NaN NaN NaN NaN NaN NaN NaN NaN NaN NaN NaN NaN NaN NaN NaN NaN NaN NaN NaN NaN 31.3 31 31 31.3 31.8 31.3 24 30.3 28 10.2 9.9 18.2 8.2 7.6 30.6 9 22.9 30.5 30.2 22.5 30.7134491708 7.5 7.7 30.6384487607 30.6726779369 11.6 30.3333333333 7.9 10.2 18.5660289775 15.5
NaN NaN NaN NaN NaN NaN NaN NaN NaN NaN NaN NaN NaN NaN NaN NaN NaN NaN NaN NaN NaN NaN NaN NaN NaN NaN NaN NaN NaN NaN NaN NaN NaN NaN NaN NaN NaN NaN NaN NaN NaN NaN NaN 31.6 31.1 32.3 29 31.3 31.6 31.6 23.8 18.1 30.2 7.9 9.8 18.1 27.7 31.3 7.2 13.3 8 30.8 30.4328101159 7.1 30.5556550252 7.2 30.8 10.7 7.8 23.5 10.9 15.3 7.8 30.5
NaN NaN NaN NaN NaN NaN NaN NaN NaN NaN NaN NaN NaN NaN NaN NaN NaN NaN NaN NaN NaN NaN NaN NaN NaN NaN NaN NaN NaN NaN NaN NaN NaN NaN NaN NaN NaN NaN NaN NaN NaN NaN NaN NaN 31.5 31.8 32 31.1 30 30.5 31.1 30.1 30.8 31.1 23.2 31.1 6.7 22.1 31 30.3 31.3 31 30.6 31.4 30.9 7.3 20.3 30.5453558739 7.6 30.5084518793 24.3134491708 7.9 30.6 20.1
NaN NaN NaN NaN NaN NaN NaN NaN NaN NaN NaN NaN NaN NaN NaN NaN NaN NaN NaN NaN NaN NaN NaN NaN NaN NaN NaN NaN NaN NaN NaN NaN NaN NaN NaN NaN NaN NaN NaN NaN NaN NaN 9.8 12.5 30.8 8.1 31.5 31 31.8 31 10.8 31.1 30.7 14.2 19.4 30.6 30.5 30.7 31.1 7.7 30.3 30.7 31.5 30.2 30.9 7.4 7.2 9.8 7.1 30.1 22.4 10 6.7618913743 27.4
NaN NaN NaN NaN NaN NaN NaN NaN NaN NaN NaN NaN NaN NaN NaN NaN NaN NaN NaN NaN NaN NaN NaN NaN NaN NaN NaN NaN NaN NaN NaN NaN NaN NaN NaN NaN NaN NaN NaN NaN 31.4 31.7 31.2 31.1 30.5 7.8 31.5 30.7 28.4 31.5 31.2 31 8.5 31.3 30.9 30.7 30.9 18.3 15.5 31.7 31.4 7.7 31.1 30.5 6.9 6.9 9.6 6.7 6.3 6.6 7 7.1 7.4 30.9768182948
NaN NaN NaN NaN NaN NaN NaN NaN NaN NaN NaN NaN NaN NaN NaN NaN NaN NaN NaN NaN NaN NaN NaN NaN NaN NaN NaN NaN NaN NaN NaN NaN NaN NaN NaN NaN NaN NaN NaN 6.2 31.3 9.7 31.2 31.2 30.4 8.1 31.6 10.1 30.6 31.4 25.3 31 30.3 31.2 31.7 30.5 30.6 31 31.2 31.1 31.4 30.8 6.8 7.2 6.8 7.2 6.6 6.5 6.4 30.5856743286 7.2 9.8 30.2205792798 15.2
NaN NaN NaN NaN NaN NaN NaN NaN NaN NaN NaN NaN NaN NaN NaN NaN NaN NaN NaN NaN NaN NaN NaN NaN NaN NaN NaN NaN NaN NaN NaN NaN NaN NaN NaN NaN NaN NaN NaN 9.9 30.3 30.8 7.6 30.4 30.4 31.4 7.3 7.4 9.8 30.3 10.5 20.6 31 30.3 30.7 25.8 10.7 31.7 31.9 9.6 31.7 30.7 7.6 7.1 30.3 21.1 6.5 6.5 6.5 6.6 7.1 6.8 30.378511354 30.2892557464
NaN NaN NaN NaN NaN NaN NaN NaN NaN NaN NaN NaN NaN NaN NaN NaN NaN NaN NaN NaN NaN NaN NaN NaN NaN NaN NaN NaN NaN NaN NaN NaN NaN NaN NaN NaN NaN NaN NaN 7.7 10.2 7.7 12.5 7.2 7.3 30.1 23.1 12.6 7.4 30.8 20.4 30.2 12.3 8 31.2 30.5 31.2 31.1 10 31.6 31.3 30.7 7.1 7.2 6.8 30.5 6.3 30.1 6.2 6.2 6.1267895821 30.1856743286 30.1333333333 7.1
NaN NaN NaN NaN NaN NaN NaN NaN NaN NaN NaN NaN NaN NaN NaN NaN NaN NaN NaN NaN NaN NaN NaN NaN NaN NaN NaN NaN NaN NaN NaN NaN NaN NaN NaN NaN NaN NaN 17.5 30.3 30.4 30.3 30.7 7.4 9.9 30.4 7.2 7.8 7.4 30.5 7.3 30.2 30.7 30.5 10.8 12.5 7.8 30.5 8.3 7.7 30.3 17.4 31.7 30.9 6.9 31.1 6.7 6.7 6.3 6.4 6.5946277864 30.2267895821 7.4856743286 6.9
NaN NaN NaN NaN NaN NaN NaN NaN NaN NaN NaN NaN NaN NaN NaN NaN NaN NaN NaN NaN NaN NaN NaN NaN NaN NaN NaN NaN NaN NaN NaN NaN NaN NaN NaN NaN NaN NaN 7.7 30.6 30.8 23.6 30.5 7.9 15.2 7.6 7.7 30.4 30.6 30.6 7.7 30.3 30.8 7.6 13.2 12.8 30.7 31.1 30.9 31.5 7.3 30.4 30.4 7.2 6.3 6.4 30.8 6.8 31.4 17.9 12.7 7.3 6.3 7.9666666667
NaN NaN NaN NaN NaN NaN NaN NaN NaN NaN NaN NaN NaN NaN NaN NaN NaN NaN NaN NaN NaN NaN NaN NaN NaN NaN NaN NaN NaN NaN NaN NaN NaN NaN NaN NaN NaN NaN 30.9 8.1 10.5 30.8 30.1 30.9 10 30.8 7.2 30.8 8.1 8 20.8 25.6 9.9 31.5 30.2 31.1 31.4 7.8 7 19.6 30.5 31.4 30.6 30.8 30.4 6.2 7 14.7 18.3 7.4 7.3 14.5242242458 30.4946277864 30.5928371643
NaN NaN NaN NaN NaN NaN NaN NaN NaN NaN NaN NaN NaN NaN NaN NaN NaN NaN NaN NaN NaN NaN NaN NaN NaN NaN NaN NaN NaN NaN NaN NaN NaN NaN NaN NaN NaN NaN 7.5 28.1 8 30.9 7.7 30.7 31.5 30.3 25 8.1 31.3 30.4 7.7 10.4 20.1 30.4 8.2 31.3 7.3 6.9 30.5 31.6 30.6 30.5 12.3 31.1 31 9.4 9.8 17.5 18 30.4 17.6083333333 6.8083333333 1.635702243 30.5923526966
NaN NaN NaN NaN NaN NaN NaN NaN NaN NaN NaN NaN NaN NaN NaN NaN NaN NaN NaN NaN NaN NaN NaN NaN NaN NaN NaN NaN NaN NaN NaN NaN NaN NaN NaN NaN NaN NaN 7.4 30.5 7.6 8 10.2 10.2 30.4 31.2 10.3 12.8 30.2 10.1 13.3 30.4 20.4 7.8 31.1 15 31.2 7.2 31.4 30.5 30.5 30.5 31.1021130107 9.7 9.8 7.4 7.3 30.3777777778 20.5 7.8 4.403030303 30.303030303 31.103030303 7.2
NaN NaN NaN NaN NaN NaN NaN NaN NaN NaN NaN NaN NaN NaN NaN NaN NaN NaN NaN NaN NaN NaN NaN NaN NaN NaN NaN NaN NaN NaN NaN NaN NaN NaN NaN NaN NaN 30.4 10.2 10.6 17.8 30.4 7.8 31 10.3 8.2 30.4 7.9 30.9 30.8 31.5 17.9 10.2 30.9 30.8 31.1 30.2 7.3 7.8 30.6188440482 30.235702243 30.6564102564 30.8847858837 6.9 30.4 31.9166666667 17.7 30.1761904762 8.1 30.5 11.3 7.6 25.7 7.5
NaN NaN NaN NaN NaN NaN NaN NaN NaN NaN NaN NaN NaN NaN NaN NaN NaN NaN NaN NaN NaN NaN NaN NaN NaN NaN NaN NaN NaN NaN NaN NaN NaN NaN NaN NaN 30.3 31.1 30.5 10.9 15.3 15.3 18 10.5 30.6 30.6 30.7 10 31.5 10.3 20.5 30.5 22.5 28.3 31.6147188482 18.2 6.6 6.6 31.0847858837 31.3192754236 6.3 6.5 6.7 5.9 31.0084518793 14.8 30.3 20.4 30.8 30.3 20.4 31.5333333333 30.8333333333 30.3570224301
NaN NaN NaN NaN NaN NaN NaN NaN NaN NaN NaN NaN NaN NaN NaN NaN NaN NaN NaN NaN NaN NaN NaN NaN NaN NaN NaN NaN NaN NaN NaN NaN NaN NaN NaN 10 17.9 31 14.8 30.9 8.1 30.7 10.6 30.3 10.2 7.8 7.9 7.9 23.3 8 30.6 30.6 7.5 7 30.5094922192 30.6384487607 31.0726779369 31.3166666667 30.4761904762 31.2716618094 30.6453558739 30.1540925512 30.9666666667 30.8333333333 11.3 31.3 31.7 31.59071197 NaN NaN 8 13 30.6333333333 20.3
NaN NaN NaN NaN NaN NaN NaN NaN NaN NaN NaN NaN NaN NaN NaN NaN NaN NaN NaN NaN NaN NaN NaN NaN NaN NaN NaN NaN NaN NaN NaN NaN NaN NaN NaN 7.8 30.1 31.1 30.7 8 30.1 30.5 10.7 27.7079276146 7.8 17.6 30.4 30.8 30.6 31.7268601941 7.8 30.4901371761 30.7 31.1761904762 14.1555555556 30.5666666667 30.3333333333 30.5111111111 30.5666666667 30.6333333333 26.6 30.9333333333 31.19071197 6.8 7.4 30.6 30.8 30.5 NaN NaN NaN NaN 10.8 30.3166666667
NaN NaN NaN NaN NaN NaN NaN NaN NaN NaN NaN NaN NaN NaN NaN NaN NaN NaN NaN NaN NaN NaN NaN NaN NaN NaN NaN NaN NaN NaN NaN NaN NaN NaN NaN 12.6 30.7 15.7 30.8 30.2 31.4108185325 30.2399385949 8.1 30.2017858479 30.9316790289 20.6681050248 7.8134491708 31.2578685395 13.2 30.81898463 31.2666666667 30.7333333333 30.7 30.6666666667 30.6333333333 31.3 30.6333333333 30.6666666667 30.99071197 31.0245006541 30.9453558739 30.8555555556 30.1714045971 7 7.5 7.9 7.9 10.2 NaN NaN NaN NaN 11.9450715499 17.5564102564
NaN NaN NaN NaN NaN NaN NaN NaN NaN NaN NaN NaN NaN NaN NaN NaN NaN NaN NaN NaN NaN NaN NaN NaN NaN NaN NaN NaN NaN NaN NaN NaN NaN NaN NaN NaN 1.3 6.3 10.5 30.9450715499 30.3758686137 11.2 25.0042261031 30.4 20.4 7.7 30.9084518793 30.5245006541 30.778511354 16 31 30.2 31.1 30.1666666667 30.478511354 23.4245006541 31.0453558739 17.51898463 30.347996552 30.7578685395 30.8042261031 30.7384487607 14.1017858479 13.5 30.64984391 13 8.7 31.2 NaN NaN NaN NaN NaN NaN
NaN NaN NaN NaN NaN NaN NaN NaN NaN NaN NaN NaN NaN NaN NaN NaN NaN NaN NaN NaN NaN NaN NaN NaN NaN NaN NaN NaN NaN NaN NaN NaN NaN NaN NaN NaN NaN 6.7635231517 7.3094922192 30.7726779369 30.5376880965 30.6716618094 30.7245006541 30.2 30.5 30.7333333333 30.2 30.6 8.2 30.8 26.2 NaN NaN 13.1 7.2 30.5042261031 30.5615508071 20.3268601941 30.4017858479 18.273998276 30.253428636 30.2289342698 30.5108185325 30.8 30.5 30.7 10.9 26 30.1 NaN NaN NaN NaN NaN
NaN NaN NaN NaN NaN NaN NaN NaN NaN NaN NaN NaN NaN NaN NaN NaN NaN NaN NaN NaN NaN NaN NaN NaN NaN NaN NaN NaN NaN NaN NaN NaN NaN NaN NaN NaN NaN NaN 8 30.2453558739 18.8 30.7 31.1 25.5 31.5111111111 30.8 31 9.9555555556 21.3 30.4 NaN NaN NaN NaN 30.5 30.853428636 30.335702243 25.2202728564 7.9079276146 31.4 6.2 31 30.6 8.7 6.5 30.5 8.7 30.7 NaN NaN NaN NaN NaN NaN
NaN NaN NaN NaN NaN NaN NaN NaN NaN NaN NaN NaN NaN NaN NaN NaN NaN NaN NaN NaN NaN NaN NaN NaN NaN NaN NaN NaN NaN NaN NaN NaN NaN NaN NaN NaN NaN NaN NaN 12.6 30.3 23.3 31.5 30.9 31.3 8.1 7.9 30.3094922192 10.9 30.1 NaN NaN NaN NaN NaN 30.4 7.3 31 30.6 30.6 30.5 30.8 30.7 31 8 30.3 30.4 13.8 NaN NaN NaN NaN NaN NaN
NaN NaN NaN NaN NaN NaN NaN NaN NaN NaN NaN NaN NaN NaN NaN NaN NaN NaN NaN NaN NaN NaN NaN NaN NaN NaN NaN NaN NaN NaN NaN NaN NaN NaN NaN NaN NaN NaN NaN NaN 30.3 30.5 28.9 8.6 28.6 31.2 30.5 30.4 30.7 30.4 NaN NaN NaN NaN NaN 7.5 7.6 18.6 5.5 6.9 9.9 7.2 7.3 7.3 27.9 10.8 11.3 NaN NaN NaN NaN NaN NaN NaN
NaN NaN NaN NaN NaN NaN NaN NaN NaN NaN NaN NaN NaN NaN NaN NaN NaN NaN NaN NaN NaN NaN NaN NaN NaN NaN NaN NaN NaN NaN NaN NaN NaN NaN NaN NaN NaN NaN NaN NaN NaN 15.7 10.6 NaN NaN 20.9 31.5 30.7 30.8 NaN NaN NaN NaN NaN NaN 12.2 NaN 6.8 30.5 10.1 7.3 7.1 NaN 7 9.7 30.7 16.3 NaN NaN NaN NaN NaN NaN NaN
NaN NaN NaN NaN NaN NaN NaN NaN NaN NaN NaN NaN NaN NaN NaN NaN NaN NaN NaN NaN NaN NaN NaN NaN NaN NaN NaN NaN NaN NaN NaN NaN NaN NaN NaN NaN NaN NaN NaN NaN NaN NaN NaN NaN NaN 10.7 28.4 8.2 28.6 NaN NaN NaN NaN NaN NaN NaN NaN 6.8 7 7.3 7 NaN NaN NaN NaN 10.2 31 NaN NaN NaN NaN NaN NaN NaN
NaN NaN NaN NaN NaN NaN NaN NaN NaN NaN NaN NaN NaN NaN NaN NaN NaN NaN NaN NaN NaN NaN NaN NaN NaN NaN NaN NaN NaN NaN NaN NaN NaN NaN NaN NaN NaN NaN NaN NaN NaN NaN NaN NaN NaN NaN 8 NaN NaN NaN NaN NaN NaN NaN NaN NaN NaN NaN NaN NaN NaN NaN NaN NaN NaN 7.5 NaN NaN NaN NaN NaN NaN NaN NaN
NaN NaN NaN NaN NaN NaN NaN NaN NaN NaN NaN NaN NaN NaN NaN NaN NaN NaN NaN NaN NaN NaN NaN NaN NaN NaN NaN NaN NaN NaN NaN NaN NaN NaN NaN NaN NaN NaN NaN NaN NaN NaN NaN NaN NaN NaN NaN NaN NaN NaN NaN NaN NaN NaN NaN NaN NaN NaN NaN NaN NaN NaN NaN NaN NaN 17.2 NaN NaN NaN NaN NaN NaN NaN NaN
NaN NaN NaN NaN NaN NaN NaN NaN NaN NaN NaN NaN NaN NaN NaN NaN NaN NaN NaN NaN NaN NaN NaN NaN NaN NaN NaN NaN NaN NaN NaN NaN NaN NaN NaN NaN NaN NaN NaN NaN NaN NaN NaN NaN NaN NaN NaN NaN NaN NaN NaN NaN NaN NaN NaN NaN NaN NaN NaN NaN NaN NaN NaN NaN NaN NaN NaN NaN NaN NaN NaN NaN NaN NaN
NaN NaN NaN NaN NaN NaN NaN NaN NaN NaN NaN NaN NaN NaN NaN NaN NaN NaN NaN NaN NaN NaN NaN NaN NaN NaN NaN NaN NaN NaN NaN NaN NaN NaN NaN NaN NaN NaN NaN NaN NaN NaN NaN NaN NaN NaN NaN NaN NaN NaN NaN NaN NaN NaN NaN NaN NaN NaN NaN NaN NaN NaN NaN NaN NaN NaN NaN NaN NaN NaN NaN NaN NaN NaN
NaN NaN NaN NaN NaN NaN NaN NaN NaN NaN NaN NaN NaN NaN NaN NaN NaN NaN NaN NaN NaN NaN NaN NaN NaN NaN NaN NaN NaN NaN NaN NaN NaN NaN NaN NaN NaN NaN NaN NaN NaN NaN NaN NaN NaN NaN NaN NaN NaN NaN NaN NaN NaN NaN NaN NaN NaN NaN NaN NaN NaN NaN NaN NaN NaN NaN NaN NaN NaN NaN NaN NaN NaN NaN
