Outfile_4.asc
NCOLS 201
NROWS 151
XLLCORNER 733748.947016
YLLCORNER 2561541.418206
CELLSIZE 137.483444
NODATA_VALUE NaN
[rows 78 to 116 of 151, columns 88 to 175 of 201]
30.5 3.8 4.7 11.3 4.6 13.2 5.1 5.2 4.4 30.4 30.7 14.1 4.8 30.3 30.6 5.9 5.2 5.2 29.9 30.2 6.1 5.2 13.1 10.3 30.4 9.9 30.4 17.9 30.6 30.7 30.3 5.6 5.5 7.3 12.6 19.9 9.9 30.8 30.7 7.6 30.4 10.3 30.3 30.4 30.4 12.5 5.99 5.99 5.79 5.95 5.75 5.65 6.25 6.85 6.75 6.75 30.5 9.85 7.45 7.25 7.65 30.5 13.8 1.4 6.9 8.8 15.25 14.95 17.65 3.7 30.3 30.35 30.45 30.55 16.5 10.35 10.25 12.55 23.05 30.65 30.5 15.35 30.65 23.05 30.45 8.45 8.35 13
7 30.7 30.5 6.5 5.2 5.2 5.1 30.5 5.1 5.3 4.1 5.9 4.1 4.7 4.9 5 5 5.2 5 30.4 30.4 30.9 18.2 30.8 7.4 30.6 18.2 30.5 10.5 5.6 5.7 18.5 11.9 30.2 3.2 6.4 30.1 30 7.7 30.4 31.1 7.9 30.4 30.5 31.1 30.6 6.29 30.6 6.65 6.55 6.25 30.6 7.45 7.55 7.45 27.55 1.3 30.5 5.1 7.45 9.95 6.95 6.4 3.7 3.9 8 9 30.4 12.65 30.25 30.35 20.15 30.6 8.49 30.25 10.25 12.05 20.55 23.05 12.55 30.25 12.65 30.05 30.25 16.15 10.85 8.65 15.3
7.5 7 6.6 7.9 30.8 7 6.7 7.1 5.5 5.5 5.2 5.3 5.1 5 4.8 30.3 31 5.2 23.4 30.6 30.5 30.4 30.4 18.2 30.2 6.5 30.8 5.2 7.7 5.6 19.9 5.5 9.7 7 30.2 7.2 30.6 30.2 30.4 30 30.9 30.6 7.8 7.4 9.9 6.09 6.39 6.29 6.25 6.35 7.85 30.6 15.25 7.75 17.55 7.75 6.2 9.65 7.25 7.35 11.6 30.5 30.6 30.5 3.7 3.4 8.19 19.95 9.95 12.55 19.8 22.75 10.35 8.39 13.29 8.49 10.05 12.75 15.55 30.45 10.15 15.25 12.65 15.4 8.85 8.95 11.05 16.05
9.6 6.5 7 24.5 30.5 6.8 6.9 6.7 6.9 6.8 6.8 30.7 6.2 30.3 4.8 4.7 4.6 4.8 5 12.3 30.4 30.7 30.4 30.1 8.6 30.6 6.2 8.5 30.3 9 30.8 6.3 14.1 30.6 30.5 30.6 30.5 30.3 30.7 30.4 9.3 30.2 30.3 7.35 14.8 9.79 25.19 30.15 17.75 7.85 30.55 7.65 15.25 7.35 17.35 7.45 30.2 8.1 7.45 7.35 7.55 30.55 30.8 25.9 21.4 30.3 10.65 5.1 1 1.1 3.7 21.5 12.45 30.8 17.75 17.75 6.4 30.35 30.55 20.45 6.7 30.85 12.55 11.15 30.15 10.95 8.35 23.45
30.6 6.5 6.9 6.5 6.5 31 30.9 6.6 6.5 6.5 30.4 6.8 30.2 30.6 6.1 6.5 18.3 30.7 25.5 5.9 17.2 6.6 30.3 7.2 15.8 19.4 27.5 30.7 30.4 6.3 14.1 25.1 30.6 30.6 30.5 15 30.8 24.7 30 7.3 30.4 7.15 12.55 10.15 10.15 22.75 7.55 30.5 10.45 7.85 10.05 7.35 17.55 30.55 7.15 7.45 7.15 30.8 30.3 7.55 25.05 7.35 30.5 3.8 3.1 3.4 13.15 7.8 1.2 20.59 10.69 8.29 13.69 30.49 13.69 14.2 6.9 9.8 3.7 17.75 9.95 30.45 30.55 13.65 8.65 23.55 8.45 13.65
6.3 6.5 30.9 9.8 6.9 30.8 6.8 6.7 6.3 6.4 6.6 6.7 6.6 6.9 6.4 30.4 5.4 6.3 6 4 6.6 6.2 30.4 9.8 24.4 7.2 15 5.3 4.85 5.55 5.45 17.9 7.15 17.7 30.7 30.4 12.2 30.6 30.7 7.5 9.65 7.15 7.35 7.25 24.85 7.45 30.8 30.6 30.3 7.25 9.85 30.71 9.95 9.85 17.55 7.25 7.15 24.2 30.7 7.65 7.25 22.25 30.4 9.2 30.6 6.4 30.4 1.1 13.15 10.15 30.19 8.29 7.99 30.59 11.19 30.25 30.65 6.3 30.65 13.05 30.45 10.15 18.65 8.55 5.3 11.25 30.05 8.55
6.1 6.2 31 20.4 30.7 30.3 7.9 30.7 31.1 6.6 6.8 9.1 30.8 6.5 6.3 30.2 6.4 5.6 8 30.3 30.5 28.4 5.9 5.9 30.2 7.8 30.4 5.15 5.25 30.1 31.2 30.6 31.2 30.5 30.6 30.1 30.7 6.45 30.4 30.5 6.75 9.85 13.3 9.65 14.7 30.45 11.9 30.25 10.15 30.5 7.15 7.15 16.71 7.35 7.15 7.25 9.85 7.25 7.05 7.25 15.25 7.15 7.25 28.7 30.5 1.2 5.7 8.45 4 4 7.45 15.69 8.59 15.65 30.75 28.35 30.7 15.45 30.65 20.25 13.5 8.65 8.85 13.85 27.8 30.35 8.65 30.55
3 6.2 6.6 6.2 7.1 6.5 6.9 30.7 6.8 6.8 6.6 30.7 30.4 7 7.4 6.5 6.5 6.6 30.3 30.9 6.5 6.2 5.9 5.3 6.1 30.6 30.8 30.6 30.2 30.5 30.5 30.8 30.5 30.7 31.1 30.2 6.75 22.4 7.25 30.2 30.3 30.7 30.4 12.4 30.6 17.2 19.2 24.3 7.55 9.85 7.45 7.25 7.45 14.01 8.91 8.51 7.05 9.1 10.8 10.05 30.45 7.55 30.5 4 3.7 16.05 13.35 30.15 30.25 30.5 3.7 8.35 23.69 8.39 30.55 13.05 22.95 25.65 10.05 8.9 21.35 30.05 8.35 24.9 8.75 8.55 28.65 27.5
6.55 17.9 11.5 6.65 13.6 30.7 30.6 6.8 9.1 9 31.1 6.25 6.25 6.05 6.25 23.1 6.75 9.55 7.25 30.1 25.4 30.3 30.3 6.55 22.7 30.7 30.9 30.7 24.6 30.9 30.5 30.5 31 30.9 6.65 30.6 30.5 30.9 30.6 7.45 6.95 30.3 12.15 10 7.25 30.4 21.8 30.7 30.7 7.15 7.15 7.25 7.25 24.3 13.91 8.41 30.4 6.3 8.3 8.2 30.4 6.8 30.5 10.75 14.4 10.5 9 30.25 7.2 11.25 3.3 8.25 27.1 30.29 10.99 12.85 12.95 12.85 1.2 8.45 15.95 1.2 10.95 10.95 8.35 16.05 8.55 30.26
30.5 30.2 6.95 23.4 30.5 30.2 30.6 30.5 30.7 17.1 6.25 6.45 6.65 6.45 30.6 30.2 30.8 5 20.8 6.85 6.75 5.3 30.8 30.6 9.3 19.3 30.5 30.5 30.2 30.4 30.7 30.7 30.6 6.85 6.75 6.85 30.5 6.25 9.75 15.15 30.35 7.65 7.35 27.4 6.75 30.6 30.4 9.2 25.25 30.6 30.4 10.3 7.25 7.55 8.91 8.41 30.21 15.01 5.8 30.6 4.1 10.95 3.7 13.9 13.55 5.2 29.8 16.6 1.3 3.8 8.15 8.35 16.15 30.4 8.29 12.65 9.95 25.55 30 8.55 19.2 16.05 13.85 8.35 15.76 8.56 10.96 11.06
6.05 10.2 30.6 30.2 7.8 10 30.1 20.6 16.7 30.7 6.35 6.55 6.55 30.5 6.75 6.65 7.4 6.75 30.9 31 7.05 12.6 30.8 30.7 30.4 30.6 30.7 12.5 30.4 30.7 30.2 7.55 6.95 6.95 30.6 6.65 31.4 30.2 9.2 7.35 7.15 30.25 7.45 7.15 6.85 30.6 15.1 13.45 30.05 8.45 5.3 19.3 14.1 30.8 7.8 17.61 9.61 9.51 6.3 1.3 6.8 30.4 30.41 30 8.25 30.25 30.35 10.95 30.05 30.25 8.15 15.75 1.9 30.25 13.35 30.15 8.45 8.75 30.8 8.55 8.75 11.15 8.55 8.36 13.46 8.36 11.06 6.7
30.1 30.8 23.1 30.7 6.55 6.25 30.4 5.4 30.5 30.6 6.1 7.05 6.65 11.8 6.15 6.35 6.85 6.95 6.95 7.25 30.7 30.5 6.65 30.4 30.7 30.7 31 30.5 30.4 30.7 6.35 6.55 29.8 6.15 6.65 30.5 31.1 6.65 30.6 30.2 30.1 30.9 7.15 7.05 5.4 6.95 13.25 8.25 13.45 30.6 8.25 30.4 7.4 16.7 8.25 1.4 30.5 8.9 21.8 30.7 14.2 14.2 3.9 11.4 1.2 7.85 22.85 30.35 25.95 28.35 11.05 30.15 13.65 4.1 6.85 6.95 8.35 8.55 30.45 19.15 21.15 18.65 8.36 15.86 6.6 6.9 7.1 6.7
7.05 6.45 30.4 15.6 9 12.6 9.8 30.6 30.9 6.65 6.05 6.35 6.75 6.75 22.2 13.1 30.5 8.3 30.9 7.15 30.5 3.2 10.4 30.4 26.9 6.2 10.8 3.9 30.5 30.3 6.45 6.65 18 6.45 31.2 31.1 6.65 30.9 19.6 30.2 7.8 30 30.5 30.4 6.85 12.8 15.65 30.4 10.75 9.8 7.3 30.6 30 29.8 8.45 8.05 8.15 30.01 8.05 30.65 12.41 30.61 30.51 30.4 29 8.05 10.45 10.35 8.05 7.95 23.45 8.25 3.8 7.05 6.75 6.85 6.75 16.7 30.6 16.65 11.25 8.46 8.46 6.7 6.6 6.4 6.6 NaN
6.85 7.05 6.55 30.7 25 6.15 6.15 6.75 6.65 6.45 22.1 30.5 6.55 7.05 30.9 7.15 30.5 6.9 7.9 30.7 31 6.35 6.45 3.4 27.4 19.3 30.8 30.5 24.6 30.7 6.65 7.05 30.9 30.8 30.5 30.8 30.6 9.5 18.1 29.8 30.6 30.4 30.5 30.7 10.2 5.1 7.45 7.95 11.15 13.35 16.05 10.85 10.85 30.4 8.05 30.4 30.35 30.71 12.61 30.21 14.91 30.91 4.2 30.51 8.25 15.75 15.65 9.81 9.61 30.55 6.25 6.85 6.75 30.6 7.05 6.75 26.11 8.81 31.3 30.16 6.9 6.7 6.8 6.5 NaN NaN NaN NaN
6.95 30.1 7.05 30.4 6.95 11.7 5.95 6.45 6.75 30.7 30.4 6.65 31.2 6.45 30.5 31.1 30.6 10.9 18.4 30.7 30.6 30.2 1.5 30.3 30.5 30.8 30.6 30.9 30.4 9.2 30.7 6.75 31.1 30.4 30.8 30.5 30.4 6.65 6.65 30.5 14.8 30.6 30.4 30.6 30.4 3.1 7.45 11.6 9.71 15 16.7 17 19.3 30.7 8.65 30.5 8.05 9.61 10.01 9.41 30.6 30.31 30.41 30.41 17.21 10.85 14.81 17.51 30.21 26.2 6.75 30.5 6.2 18 6.95 6.55 6.86 18.82 7.06 6.9 7 7.1 6.8 NaN NaN NaN NaN NaN
6.45 6.85 6.95 7.05 25.5 1.5 5.55 6.35 30.6 31.1 19 30.1 30.8 5.95 6.25 30.7 30.8 30.1 30.8 30.5 20.6 30.5 1.6 11.3 30.2 30.5 18 8.9 7.9 16.9 22.4 24.9 30.4 30.6 30.9 30.3 30.9 22.7 6.45 8 30.6 15.1 30.2 30.6 30.6 30.6 7.85 9.61 3.8 24.2 5.1 16.7 30.6 29.3 3.3 8.35 8.05 14.91 30.2 9.91 9.51 30.1 11.71 8.25 13.35 11.37 17.21 8.31 10.81 5.8 6.65 30.4 6.3 3.9 5.7 30.4 6.96 7.11 7.01 6.4 NaN NaN NaN NaN NaN NaN NaN NaN
27.45 7.15 31 30.5 30.9 6.35 6.55 5.65 30.5 6.75 6.95 6.45 30.7 6.35 6.45 31 15.3 9.7 28.5 30.5 30.8 6.85 17 30.5 31 11.6 30.5 6.85 15.4 30.4 14.3 30.5 30.7 30.7 6.25 6.45 13.1 25.6 30.3 12.5 17.8 30.5 5.4 22.9 22.3 9.3 11.4 9.61 14.61 16.8 29.6 30.61 30.51 9.7 10.7 8.35 30.45 8.35 7.95 9.81 15.01 30.21 23.87 7.85 30.25 16.67 14.97 8.11 30.1 28.21 6.75 6.65 6.85 16.4 6.95 6.85 7.21 7.11 7.21 NaN NaN NaN NaN NaN NaN NaN NaN NaN
6.55 6.55 7.15 11.6 1.5 30.7 6.35 6.85 6.85 30.5 6.75 7.35 8.3 6.15 6.65 6.75 30.5 30.5 30.5 6.75 13 12.4 30.8 5.5 3.2 10.5 30.7 30.3 30.5 30.6 30.3 31 6.25 6.15 5.95 30.3 9.7 7.2 30.5 22.4 30.4 30.4 5.4 15.5 8.15 3.9 25.31 17.11 9.51 30.2 30.6 31.2 25.3 19.3 30.2 3.9 30.6 8.55 7.85 9.61 9.91 13.67 11.27 11.37 23.97 10.07 25.17 9.67 8.11 30.7 8.41 6.95 18.71 6.65 30.3 6.76 7.21 14.81 6.91 NaN NaN NaN NaN NaN NaN NaN NaN NaN
15.5 6.35 5.3 6.45 6.55 6.55 6.35 6.65 6.95 6.95 6.95 6.85 5.3 6.45 6.15 31 7.1 14.3 30.3 30.6 21.8 30.8 7.8 9.55 6.85 10.5 14.3 6.45 16.9 6.45 6.75 6.25 31 30.8 30.1 12.3 30.3 17.2 30.7 30.4 30.3 30.3 30.4 10.3 8.35 30.25 30.07 30.61 30.31 19.5 30.5 10.01 15.21 30.41 14.91 3.3 30.2 8.15 30.4 10.75 30.11 11.07 17.6 11.27 17.17 30.27 17.67 25.17 12.37 13.41 8.31 4.4 30.21 10.06 7.26 7.21 7.11 7.21 NaN NaN NaN NaN NaN NaN NaN NaN NaN NaN
15.7 30.3 6.85 6.65 6.55 6.25 6.45 23 6.65 30.6 6.25 31 30.5 6.05 NaN 30.2 30.5 7.1 16.5 30.3 30.4 30.4 30.7 30.8 30.3 10.3 30.4 13.6 3.3 30.5 30.1 30.7 30.4 9.3 27.4 30.3 30.4 30.1 30.7 20.3 12.3 9.8 7.4 30.6 21.05 31.1 30.67 3.9 21.87 30.6 9.6 12.61 30.31 12.51 22.5 19.2 30.8 13.15 30.25 8.25 16.87 11.07 30.47 9.77 30.07 22.37 30.57 30.57 25.27 30.27 10.91 18.52 8.82 6.86 7.26 14.91 7.01 6.91 NaN NaN NaN NaN NaN NaN NaN NaN NaN NaN
6.95 6.55 6.35 6.45 6.85 30.1 6.8 18.9 6.75 6.45 3.9 5.7 6.35 NaN 5.55 7 7.1 30.5 9.8 19.8 9 30.3 30.6 20 6.95 29.2 30.4 30.8 30.7 6.7 6.85 30.4 6.75 6.45 14.2 7.1 17.3 30.2 30.5 30.6 12.8 3.7 15.2 17.07 30.4 8.55 3.8 30.27 30.07 31 30.9 16.67 30.17 9.91 7.2 12.31 30.47 22 30.7 30.87 30.77 21.97 3.9 30.07 10.27 3.6 9.57 12.87 9.87 10.17 15.62 30.7 6.66 30.46 7.31 7.01 9.51 NaN NaN NaN NaN NaN NaN NaN NaN NaN NaN NaN
30.3 6.85 6.75 6.55 6.75 30.9 21.5 8.9 6.15 20.6 30.6 30.3 30.6 NaN NaN NaN 30.3 30.2 30.1 30.4 30.7 30.4 30.5 30.3 30.8 22.5 6.35 29.6 30.3 30.45 30.9 30.8 7.25 6.65 7.4 9.1 30.3 7.2 30 30.6 5.8 13.35 3.8 11.97 30.47 30.4 30.37 30.77 19.17 18.97 30.67 14.07 30.57 14.37 21.97 29.37 14.07 11.37 11.37 11.67 14.67 9.97 11.7 9.97 10.17 12.87 14.87 10.07 30.37 30.58 11.22 8.22 6.76 6.66 7.51 20.51 7.21 NaN NaN NaN NaN NaN NaN NaN NaN NaN NaN NaN
6.65 6.55 6.95 6.95 6.75 30.4 6.15 5.65 8 5.75 19.9 7.1 NaN NaN NaN NaN 6.05 30.5 30.6 6.75 30.4 31 30.2 30.6 30.6 30.3 23.6 9.7 30.6 30.4 6.35 30.6 30.4 6.55 12.3 7.3 24.9 7.3 30.5 30.7 30.4 30.45 3.7 30.5 30.17 14.37 21.67 14.17 28.87 30.47 30.37 24.37 16.77 16.77 24.27 30.47 11.47 13.97 26.57 30.17 10.17 9.77 5.4 30.67 5.4 15.17 15.07 10.07 9.78 9.1 13.22 6.66 6.86 6.91 7.21 9.91 30.11 NaN NaN NaN NaN NaN NaN NaN NaN NaN NaN NaN
6.95 6.55 6.45 6.25 6.85 6.45 5.45 6.15 30.3 27.9 5.9 5.95 NaN NaN NaN NaN NaN 6.55 6.85 6.75 30.8 16.8 30.2 30.8 23.4 31.1 18 30.9 30.6 30.7 27.6 7.8 22.5 6.15 6.35 6.25 30.3 10.95 18.65 8.95 30.75 24.05 6.6 7.1 3.8 30.17 11.47 3.6 13.87 11.17 30.47 3.8 29.27 16.67 11.57 21.67 24.27 30.27 30.37 30.37 22.97 9.97 17.9 9.87 5.2 25.27 30.37 30.47 30.3 10.6 6.46 6.36 6.86 7.21 7.11 12.21 NaN NaN NaN NaN NaN NaN NaN NaN NaN NaN NaN NaN
7.05 5.85 5.95 5.75 3.9 6.55 5.75 6.45 28.4 3.2 30.7 NaN NaN NaN NaN NaN NaN 30.4 9.1 30.3 13.3 30.5 30.4 31 30.2 30.3 30.1 30.3 30.8 30.6 30.6 6.55 11.9 16.7 6.75 8.7 28.55 30.6 30.45 8.85 16.05 8.55 8.45 30.07 13.57 30.47 30.47 15.87 13.27 10.47 13.07 30.87 6.2 1.2 9 16.57 16.57 16.57 30.17 30.27 10.57 9.77 5.2 3.8 17.57 15.47 12.57 12.48 6.86 7.06 6.66 6.86 6.91 6.91 7.01 7.11 NaN NaN NaN NaN NaN NaN NaN NaN NaN NaN NaN NaN
30.7 5.95 NaN 6.05 5.65 6.35 6.15 7.7 13.8 11 6.45 6.75 NaN NaN NaN NaN NaN 6.45 30.4 9.3 15.4 24.9 30.6 30.3 5.3 17.9 30.9 30.6 14.8 19.8 12.4 6.75 24.2 6.35 7.15 30.25 13.05 30.2 18.55 20.95 6.3 7.85 15.45 1.3 4 10.05 10.05 30.27 20.87 13.27 10.77 30.67 30.47 15.67 27.97 30.77 3.8 30.57 10.17 12.77 25.47 12.27 1 25.17 30.6 12.77 30.58 5.96 12.26 6.46 6.86 6.66 7.21 12.01 6.61 7.21 NaN NaN NaN NaN NaN NaN NaN NaN NaN NaN NaN NaN
5.75 6.05 NaN NaN 5.65 5.75 5.65 6.35 23.5 5.7 30.2 1.5 6.15 NaN NaN NaN NaN 6.85 6.35 7.1 22.6 30.5 30.6 12.2 30.6 30.1 30.6 17.7 29.9 20.3 10.3 29.7 5.9 30.8 10.05 17.75 14.75 7.15 9.8 7.55 7.65 7.45 3.9 7.45 8.9 6.2 7.35 29 5.6 10.57 16.67 3.9 8.97 9.27 30.47 30.67 9.47 18.07 30.1 30.57 15.07 6.6 15.27 17.77 10.27 30.08 5.46 6.66 6.76 6.56 6.66 6.71 7.11 15.01 14.91 12.41 NaN NaN NaN NaN NaN NaN NaN NaN NaN NaN NaN NaN
5.73 NaN NaN NaN NaN 6.75 6.45 3 30.1 5.5 10.7 6.45 6.15 30.6 NaN 30.6 10.4 10.6 30.5 20.1 27.7 20.5 30.5 23 30.8 9.9 29.3 30.1 30.3 30.5 6.75 30.6 9.1 5.7 11.7 7.85 7.55 7.45 14.55 12.45 7.65 7.45 8.8 30.1 1 3.1 6.15 16.97 9.47 8.97 11.17 1.2 8.87 3.6 8.87 9.17 21.8 30.37 30.17 9.07 12.47 15.27 30.07 30.67 12.97 6.06 7.46 7.06 7.06 6.96 6.76 7.41 9.71 7.01 7.01 6.81 NaN NaN NaN NaN NaN NaN NaN NaN NaN NaN NaN NaN
NaN NaN NaN NaN NaN 6.15 6.35 6.45 30.6 30.1 3.2 6.35 5.95 30.4 9.8 14.6 6.15 27.7 20.6 30.7 30.1 30.3 17.8 30.4 30.5 12.3 12.3 30.4 6.85 30.6 6.85 6.45 7.1 5.6 7.45 7.25 10.05 7.65 10.25 25.25 3.4 7.65 30.1 5.1 8 5.85 5.85 9.47 24.57 30.27 14.57 26.67 30.87 5.25 8.67 14.27 9.17 30.27 30.47 16.77 11.67 16.67 12.47 25.07 19.47 6.36 7.46 7.06 6.85 7.05 6.86 6.81 7.01 7.01 9.51 NaN NaN NaN NaN NaN NaN NaN NaN NaN NaN NaN NaN NaN
NaN NaN NaN NaN NaN 6.35 6.45 6.65 8.8 30.6 8.5 3.9 1.1 30.2 30.4 7.2 6.45 30.5 30.4 30.6 30.4 30.5 6.15 30.3 30.1 30.7 30.6 6.65 30.6 6.45 6.45 30.05 7.65 30.2 1.2 3.3 6.95 7.65 7.55 10.15 5.75 6.15 4 30.8 5.85 30.4 23.9 5.95 5.65 15.9 5.95 11 3.7 5.15 8.57 23.77 30.77 8 10.97 28.57 13.77 8.37 30.37 11.67 6.45 6.85 6.96 NaN NaN NaN NaN NaN NaN NaN NaN NaN NaN NaN NaN NaN NaN NaN NaN NaN NaN NaN NaN NaN
NaN NaN NaN NaN NaN 6.15 6.45 1.3 6.85 11.6 6.45 6.15 30.1 30.4 10 30.8 6.65 18 25.6 30.3 17.5 3.9 6.05 30.4 10 30.4 18 8.2 6.35 6.55 7.45 7.45 7.55 7.75 1 7.35 7.25 7.05 7 7.15 6.15 6.75 10.3 6.2 5.85 5.4 5.65 5.55 8.3 5.75 5.85 5.85 16 5.65 5.65 30.5 4.95 16.47 8.37 30.27 18.77 23.87 30.67 5.45 5.65 5.55 NaN NaN NaN NaN NaN NaN NaN NaN NaN NaN NaN NaN NaN NaN NaN NaN NaN NaN NaN NaN NaN NaN
NaN NaN NaN NaN NaN 6.05 6.05 6.05 6.45 20.8 6.85 6.55 7.13 7.43 17.9 31 6.65 6.75 6.95 6.25 6.15 30.3 30.8 30.3 20.5 15.4 27.9 9 6.35 6.55 7.55 7.45 7.25 7.25 7.65 7.45 19.85 9.95 22.2 5.65 5.75 30.7 10.4 30.5 15.9 30.4 30.5 30.5 15.9 5.55 1.1 5.55 8.5 6.25 5.55 5.75 5.35 5.75 30.2 6.85 5.35 5.45 5.45 30.2 5.25 NaN NaN NaN NaN NaN NaN NaN NaN NaN NaN NaN NaN NaN NaN NaN NaN NaN NaN NaN NaN NaN NaN NaN
NaN NaN NaN NaN NaN NaN NaN NaN 6.15 13.2 22.25 6.65 6.05 30.53 6.5 6.65 6.35 9.65 30.7 6.75 6.55 6.25 17.7 30.6 30.3 5.7 30.6 30.7 6.25 7.65 7.75 7.55 9.6 7.35 6.2 3.8 14.95 7.45 10.25 6.35 5.55 5.95 6.3 5.75 6.15 6.3 30.4 6.1 7.35 8.8 7.25 3.8 20.05 6.05 6.35 7.45 7.65 7.25 3.1 30.2 5.2 11 5.25 5.05 NaN NaN NaN NaN NaN NaN NaN NaN NaN NaN NaN NaN NaN NaN NaN NaN NaN NaN NaN NaN NaN NaN NaN NaN
NaN NaN NaN NaN NaN NaN NaN NaN NaN 6.05 6.55 6.95 6.75 30.7 10.33 30.8 6.45 6.35 6.25 6.35 6.45 30.6 30.4 3.4 30.5 30.7 5.7 7.4 30.3 8.15 7.45 7.45 1.2 7.35 3.1 3.3 7.65 7.45 8.8 30.5 5.85 6.15 5.85 5.55 6.1 3.9 7.65 7.55 7.75 7.55 7.85 1.3 7.55 7.55 6.4 30.3 7.35 7.35 9.55 13.1 21 15.5 5.15 30.5 NaN NaN NaN NaN NaN NaN NaN NaN NaN NaN NaN NaN NaN NaN NaN NaN NaN NaN NaN NaN NaN NaN NaN NaN
NaN NaN NaN NaN NaN NaN NaN NaN 5.85 5.95 6.85 9.75 6.65 7.33 30.5 7.03 16.5 5.85 6.05 5.95 15.5 30.7 18.4 10.1 20.5 13.5 30.5 30.3 31 12.85 30.45 26.8 7.35 7.45 7.45 6.1 18.7 7.55 7.75 30.5 7.25 1.3 7.45 17.65 4 30.25 9 15.05 7.85 7.55 7.55 7.45 30.6 1.2 7.45 7.35 7.45 18.57 10.57 5.6 3.2 5.65 5.25 NaN NaN NaN NaN NaN NaN NaN NaN NaN NaN NaN NaN NaN NaN NaN NaN NaN NaN NaN NaN NaN NaN NaN NaN NaN
NaN NaN NaN NaN NaN NaN NaN NaN 5.95 6.15 6.55 6.45 6.25 30.63 30.43 7.33 7.63 30.4 7.33 9.93 8.8 30.5 23.3 3.5 30.5 8.7 17.5 30.3 5.8 6.1 7.35 7.75 11.6 12.65 10.05 9.95 1.4 5.3 3.2 3.3 30.5 7.35 7.15 17.95 7.25 8.9 6.6 10.8 8.9 12.45 7.35 10.15 7.35 9.95 7.45 7.35 11.3 30.37 10.57 17.97 10.47 1.2 5.45 NaN NaN NaN NaN NaN NaN NaN NaN NaN NaN NaN NaN NaN NaN NaN NaN NaN NaN NaN NaN NaN NaN NaN NaN NaN
6.85 NaN NaN NaN NaN NaN NaN NaN NaN NaN NaN 6.25 6.35 NaN 7.43 7.53 7.03 1.4 30.5 30.9 6.8 6.4 1.1 30.5 6.55 10.9 5.7 7.65 8.2 7.55 7.45 9.95 30.9 7.65 7.75 7.65 30.3 22.9 7.45 5.7 15.15 12.55 19.95 7.15 9.75 8.8 3 9 6.4 11.4 6.2 7.45 7.35 7.75 7.45 9.95 10.25 7.65 18.47 13.27 30.57 8.7 NaN NaN NaN NaN NaN NaN NaN NaN NaN NaN NaN NaN NaN NaN NaN NaN NaN NaN NaN NaN NaN NaN NaN NaN NaN NaN
6.85 NaN NaN NaN NaN NaN NaN NaN NaN NaN NaN NaN NaN NaN NaN 7.93 9.93 1.2 15.3 7.83 6.6 6.85 6.45 14 6.1 30.4 7.55 30.25 7.85 3.7 1.1 10.97 7.45 7.55 1.2 12.95 12.75 10.25 9.85 1.3 7.3 14.2 3.8 4 12.25 6.5 6.95 6.95 30.6 7.15 7.25 7.65 7.45 7.45 1.4 12.45 7.35 1 9.65 10.77 13.07 30.2 NaN NaN NaN NaN NaN NaN NaN NaN NaN NaN NaN NaN NaN NaN NaN NaN NaN NaN NaN NaN NaN NaN NaN NaN NaN NaN
6.45 NaN NaN NaN NaN NaN NaN NaN NaN NaN NaN NaN NaN NaN 9.73 6.6 7.43 30.4 7.43 7.63 30.2 11.5 6.45 15.35 6.4 7.65 7.25 30.4 13.37 30.4 19 23.57 11.07 7.85 30.5 30.15 10.15 8.8 7.55 1.3 30.3 7.55 25.05 13.4 7.15 6.95 7.15 6.85 7.15 7.25 7.35 7.1 30.35 12.55 15.4 7.35 7.35 3.6 6.95 15.97 15.57 11.37 NaN NaN NaN NaN NaN NaN NaN NaN NaN NaN NaN NaN NaN NaN NaN NaN NaN NaN NaN NaN NaN NaN NaN NaN NaN NaN
