Outfile_2.asc
NCOLS 201
NROWS 151
XLLCORNER 730592.938286
YLLCORNER 2561222.529137
CELLSIZE 145.176046
NODATA_VALUE NaN
[rows 80 to 119 of 151, columns 91 to 181 of 201]
5.7 6.05 6.15 6.25 30.2 6.4 14 6.05 5.95 10.3 4.1 6.45 4 7.7 1.3 6.45 6.05 5.85 6.05 6.15 6.45 6.35 5.75 5.1 9 5.25 5.95 5.95 5.55 5.95 5.95 5.75 5.75 6.9 4.3 14.4 4.1 16.8 4.1 10.3 5.4 29.2 6.15 6.35 6.25 7.8 5.4 17.8 30.3 3.2 12.85 30.4 30.4 7.85 7.8 30.4 10.4 15.3 6.7 6.6 6.8 6.8 6.8 6.8 7.2 7 9.7 30.4 30.3 7.5 29.7 7.4 13.9 30.2 20.3 30.5 13.2 7.1 7.3 15 7.3 7.5 7.7 7.7 7.7 7.5 12.7 7.7 8.1 7.9 7.7
6.1 6.15 6.05 15.2 5.35 5.15 6.15 6.55 5.3 22.8 6.35 10.1 10.1 6.6 14.2 30.3 22.1 27.4 14.7 6.65 6.35 30.6 21.7 6.15 5.95 5.95 5.85 30.4 4 5.25 4 5.75 4.1 5.4 1.2 1.2 30.5 4.1 30.3 7.7 5.3 5.2 6.9 6.05 1 4.3 12.3 6.1 30.2 6 23.4 10.7 23.2 18.2 30.2 23.4 30.3 30.7 7.1 7 7.3 14.7 24.7 30.2 10 7.4 30.3 30.3 7.9 7.5 7.4 20.6 11.6 30.6 27.1 30.1 6.9 7.1 7.6 7.5 7.6 7.5 15.3 20.1 9.8 7.6 12.8 10.2 7.7 7.8 7.7
5.5 5.55 6.15 5.1 9.7 6.25 6.45 6.9 24.8 7.7 6.75 12.8 5.2 11.7 6.65 6.65 6.85 6.55 6.85 6.75 7.9 6.75 12.7 6.65 6.15 6.2 5.05 5.05 4.95 5.65 5.65 10.1 5.65 5.95 6.05 14.3 30.4 6.3 7.05 1 6.25 14.3 30.4 5.1 1.2 9 30.4 23.4 5.6 5.9 8 8 5 7 15.3 7.5 7.4 7.7 7.4 7.9 7.8 7.5 30.5 7.8 7.6 12.9 7.6 7.7 30.5 10.1 24.8 7.6 30.4 30.4 30.2 30.5 24.8 7.2 20.4 30.2 30.3 30.2 7.9 10.4 17.4 7.6 7.7 7.6 7.9 7.7 12.9
6.2 6.15 30.3 15.2 1.3 6.6 6.75 6.9 9.65 6.75 6.55 6.1 5.2 6.55 6.55 6.65 6.55 6.45 6.55 6.95 3.6 6.95 25.3 6.65 1.1 5.85 5.75 5.65 5.75 5.75 5.65 7.1 6.45 21.8 29.6 18.8 11.9 4 7.8 6.5 21.8 4.3 17.8 30.2 10.9 5.8 5.8 5.4 5.2 5.9 6.85 12.6 22.6 7.65 14.8 30.2 7.6 7.8 10.3 9.1 7.7 7.7 7.8 7.3 10.3 30.4 10 7.6 16.2 30.3 7.5 7.6 7.3 30.1 30.3 17 19 7.2 7.5 21.6 26.7 7.5 7.4 24.2 7.9 7.8 10.3 7.7 7.8 8.2 7.8
6.2 6.05 6.25 25.4 17.4 1.3 10.5 15.3 17.2 6.45 6.65 9.1 6.7 6.65 6.65 6.75 1.2 6.55 6.45 6.4 5.5 6.75 6.65 6.55 6.55 6.75 3.7 6.45 6.55 6.55 1.1 5.35 7.7 1.2 10.4 30.2 30.3 5 4.1 4.2 7 30.4 1.4 4.2 5.8 5.6 15.7 5.1 8.1 7 10 7 12 12 7.6 12.5 7.7 30.5 14.1 17 18.7 7.4 7.6 14.9 7.3 7.5 12.8 12.8 26.3 30.5 7.4 7.5 7.4 30.1 15.1 19 21 11 30.2 30.2 6.4 7 6.9 9.8 7.2 16.7 7.6 15 27.7 10.2 7.8
12.8 6.8 6.85 30.4 24.4 5.5 7.7 30.4 15.3 6.75 6.85 6.85 6.75 7.1 6.15 19.3 21.2 21.8 1.2 1.3 7.05 19.8 1.2 1.1 6.65 7.1 6.85 6.35 1.1 6.35 5.1 5.1 1 3.9 29.7 5.65 7.7 5.3 5.1 30.4 5.4 6 21.8 3 8.7 5.2 30.2 7 9.6 5.7 12 9 6.6 6.7 6.6 7.7 7.8 13.7 21.1 10.2 7.3 30.2 7.4 7.6 7.4 7.3 7.6 7.4 7.5 7.6 7.3 7.6 7.5 30.4 30.3 30.3 30.3 10.1 30.2 7 30.3 6.5 7.1 7.7 10.1 12.9 7.7 10.3 30.4 18.1 7.8
6.4 6.8 6.75 6.85 6.85 5.1 22.7 7 5 5.1 9.2 30.3 6.65 26.7 20.2 6.35 30.4 6.15 6.6 6.95 7.05 6.75 6.55 6.35 4.1 9.1 6.8 7 4 6.45 6.35 7 21.3 7.05 6.75 6.25 6.05 30.2 8.9 30.5 6.4 1.7 5.7 5.7 5.1 7.7 6 15.1 5.7 12 6.6 12 14 18.6 21.3 19.2 6.9 13.2 13.1 30.1 15 7.2 7.1 7.3 7.9 13.1 7.6 7.1 23.6 19.3 10.1 7.4 7.4 30.3 30.1 23 30.2 7.1 7.4 30.2 7 30.3 9.7 16.6 7.5 7.7 7.7 12.7 20.2 15 7.4
6.4 6.7 5.5 22.9 9.8 5.1 15.2 5.1 5.2 17.7 6.3 9.7 30.3 30.4 6.4 24.3 7 6.6 7 14.4 17.1 14.5 30.2 1.1 6.2 5.9 6.2 6 6.3 6.4 6.6 6.6 8.9 30.4 8 5.2 22.9 6.9 6.7 6.3 6.6 13.7 30.3 3 8.1 6.9 30.2 5.7 9 5.7 12 6.6 6.8 24.2 6.9 30.2 29.6 13.1 18.1 30.3 7.4 7.1 25.7 7.5 7.3 7.8 6.7 30.2 23 21.6 30.1 30.3 30.1 30.1 6.9 6.9 30.1 7 6.9 7.3 7.5 7.5 30.2 25.6 7.1 7.6 7.8 10.2 30.1 7.3 7.4
9.1 6.6 8 19.5 12.2 5.2 6.8 5.2 6.6 7.1 12.7 5.1 6.4 7 20.2 7.8 5.7 10.1 6.7 1.3 5.9 30.3 7.4 6 5.9 4 9.3 6.4 6.8 14.3 1.1 20.3 6.7 7 7.9 8.7 13.7 3.6 1.1 4.3 4.1 6.1 6.1 15.7 7.7 7.4 30.4 6.5 6.5 5.7 6.6 6.6 7 6.9 6.6 16.1 16.1 28.1 17.6 30.4 7.8 30.3 7.2 7.3 10 7.5 7.4 6.8 7.4 21.1 18 30.1 6.8 30.2 30.1 6.9 6.9 30.2 30.2 6.9 30.1 7.2 7.5 9.9 7.2 10.2 7.7 7.6 30.2 7.3 7.1
6.5 6.3 30.4 6.6 6.7 6.5 5.1 5.1 6.6 5.9 25.2 7 5.4 5.5 5.7 7.8 7.7 5.1 17.8 9.2 1.1 1.4 9.1 30.3 6.2 6.4 21.9 6.6 6.3 6.7 8.8 6.9 15.2 6.9 4.2 8.7 4 4.2 26.8 1.1 30.2 6 5 6.6 6.7 6.7 6.7 26.8 11.1 14.1 28.7 7 6.7 6.7 6.3 6.4 30.3 18 30.4 7.2 7.3 28.6 30.4 30.1 24.7 7.3 7.3 6.5 6.6 30.3 30.1 27.6 30.1 6.9 17 6.9 7.1 30.4 30.1 7 6.8 6.9 7.3 9.9 18.2 7.6 7.5 9.9 20.7 12.4 7.5
6.4 6.1 6.8 6.8 6.8 6.2 7 5 5 5 5.1 7.1 5.8 5.8 11.1 4 30.3 9.7 6 5.9 6 30.5 7.8 7.3 7.1 6.2 3.6 4.1 5.1 19.7 9.7 6.6 6.6 6.7 1.1 6.7 7.7 16.2 11.2 4.1 3.2 3 17.1 19.2 6 12.7 5.9 30.2 30.4 11.1 30.3 16.1 24.1 21 6.3 6.3 6.6 30.4 7.4 6.9 30.2 7.4 30.3 30.2 30.1 6.9 23 6.1 27 30.1 30.2 30.3 29.6 27 27 6.5 6.8 7.3 7 6.9 6.8 20.1 30.1 7.1 7.1 7 10 7.4 7.4 12.6 12.4
30.5 4.1 6.4 6.7 6.7 6.5 6.5 5 5 5 5.1 5 5.7 15.1 6.8 5.9 30.5 8 6.2 30.4 30.1 1.1 10.2 1 5.7 5.5 6.6 6.7 6.8 30.1 9.1 6.6 6.3 3.8 6.7 6.5 30.3 4 30.4 12.1 12.2 5 5.9 6.2 6 6.1 14.3 16.2 6 6.1 30.4 28.3 19 15 21 30.2 30.5 30.3 7 30.1 30.3 7.1 30.3 30.3 30.1 7 7 7 6.5 6.2 6.1 6.9 7 27 29 6.5 6.7 6.9 6.7 6.6 27 6.9 30.4 30.1 6.8 7 7.1 30.1 14.8 7.5 30.4
NaN 6.4 6.1 6.1 5.9 10.2 30.2 5.1 10.1 10.1 6.7 5.1 6.6 6.5 6.7 6.7 6.4 1.3 6.8 6.4 5.8 6.6 5.9 5.4 6.3 6.1 11.3 6.7 4.3 6.6 6.4 6.2 4.1 6.4 1.2 6.6 17.3 30.1 30.1 24.8 29.3 8.3 6.9 6.5 30.3 9 9 30.4 30.2 13 30.1 18.1 30.3 30.2 30.2 30.1 30.3 23.1 6.1 7.4 7.4 30.3 21.7 24.2 NaN 6.9 27 6.9 7.4 30.2 6.6 6.9 6.7 7.1 7.1 6.8 6.6 6.9 6.9 7 6.5 6.9 30.1 30.2 16.1 6.7 7.3 5.35 30.2 5.15 4.85
6.6 6.7 7.3 7.8 5.1 30.2 10.2 22.7 5.1 7.6 5.2 6.6 6.6 6.6 6.6 4 6.7 1.1 7.7 6.7 5.8 6.3 6.5 6.7 5.3 7.1 6.1 21.6 6.8 6.7 4.3 6.8 30.5 9.4 8.8 7.2 6.3 1.1 30.2 6.9 8.9 20.6 29.3 7 9.7 9 30.1 13.6 18.1 30.3 30.1 27.7 30.1 27.6 30.1 30.2 30.1 6.2 6.2 7.3 30.3 28.7 30.4 30.2 30.1 25 27 6.9 7.3 21.1 7.4 6.6 6.6 6.9 14.7 6.6 7.1 7.2 6.8 6.9 7.1 6.5 6.9 30.4 30.2 6.7 4.65 5.1 5.2 4.9 5.3
6.7 21.8 6.9 6.8 5.1 5 15.2 5 10.2 5.3 7.7 6.5 6.5 6.6 6.5 6.5 6.6 6.7 6.8 5.8 5.9 6.3 6.1 6.6 14.2 30.4 6.3 6.2 1 6.1 1 6.8 4.3 6.4 4.2 9.1 5 1 7.8 30.3 30.3 30.3 25.7 15.1 15.4 30.2 24.1 14 16 30.4 6.1 30.1 6.7 24.1 25 24 30.2 30.3 6.2 6.6 7.4 30.3 28.3 26 30.1 23 27 31 31 7.4 7.5 6.5 23.1 6.6 6.5 6.7 7.8 31.3 29 30.3 7.1 6.3 21 7 7 28.6 4.35 5.4 5.4 30.4 NaN
NaN 6.8 6.8 30.1 9.1 6.6 7.6 15.2 5 5 9.8 6.7 6.9 6.7 6.7 6.8 30.2 11.8 30.6 5.7 6.4 6 6.5 1.2 6.5 30.3 5.1 5.9 5.8 1 30.2 9.6 3.9 4 6.7 1.1 9.1 1.1 5.1 9.7 7.3 30.3 12.6 14.1 30.2 30.2 5.6 5.5 30.3 21.1 30.4 30.3 20 23 23 30.1 30.2 6.3 31 6.7 7.3 30.4 7.6 7.7 30.1 27 7.2 27 6.9 7 30.2 7.3 7.1 6.9 6.6 10.2 7.3 14.9 6.7 8.6 6.7 6.4 25 30.3 6.7 6.8 5 5.2 5.4 NaN NaN
6.7 4.55 30.6 6.8 4.2 7.2 24.2 30.4 5.2 10.2 5.2 5.1 6.4 6.7 6.2 6.3 6.5 11.6 6.6 5.9 5.6 6.6 7 6.7 6.8 6.6 26.9 5.6 1.3 4.5 4.1 4.2 3.7 6.7 7.2 6.6 7.6 6.8 3.8 3.2 30.5 22.8 8.1 10.1 30.2 5.5 30.1 11.1 26.2 30.3 30.2 25.2 30.1 23 22 26.6 30.2 31.1 6.6 6.6 6.7 30.3 27 29.6 26 29 29 27 29 7.1 30.2 7.4 7.1 7 7.4 7.4 7.3 7.4 7.4 6.8 6.7 6.7 17.3 6.8 9.6 4.85 4.9 5.3 5.4 NaN NaN
7.1 4.65 4.65 4.55 6.6 5.1 5.2 5.3 10.3 12.6 5.2 6.4 6.3 6.4 6.5 6.8 6.8 6.9 6.3 6.4 6.5 6.5 6.8 12.7 6.5 30.2 16.8 5 NaN 1.4 4.4 4 1.1 4 1.2 4.1 1.1 1.1 7.8 15.7 6.6 13.6 6.4 15 25.1 16.6 11 19.1 16 16.1 18.1 18 30.3 30.2 30.2 30.2 7.3 7.3 7.1 7 6.7 23.1 7.3 7.3 7.4 7.3 31 31 6.9 7.3 7.1 7.7 7.1 7 9.7 12.3 9.7 7.3 7.2 12.3 6.7 30.1 4.75 4.45 4.95 5 5.2 5.1 NaN NaN NaN
4.55 4.75 4.55 4.15 5 5 5.1 5.1 15.2 5.2 6.7 6.6 NaN 6.3 6.4 6.7 11.9 6.7 6.5 6.5 6.6 30.1 6.6 30.3 4.5 7 5.7 NaN 5 6.7 1 6.7 6.2 1 3.7 1 7.1 6.7 9.7 27.2 3.2 30.2 24.3 15.1 7.1 6.3 14 14.1 18.1 30.1 30.1 18.1 20 30.1 30.3 24 30.2 30.3 6.6 6.9 7.1 25.6 23 7.3 14.9 7.3 7.3 31 25.6 30.3 10.4 7.8 7.3 6.9 7.4 12.2 9.8 7.2 12.3 7.1 7 4.85 4.75 4.75 4.95 5.3 5.2 4.9 NaN NaN NaN
4.75 4.55 4.25 4.15 6.3 6.6 6.5 6.2 17.7 5.1 5 30.2 6.5 6.3 14.1 6.5 6.6 6.9 6.7 14 30.2 9.1 6.4 6.7 4.4 1.3 NaN NaN NaN 4 3.8 30.2 4.1 3.6 6.7 3.7 5.2 5.2 9.3 3 3.2 6.8 30.2 6.5 6.4 6.2 6.4 14 30.2 16 18 30.1 23 9.9 8.1 10.7 29 31.2 7.4 7.1 6.9 23.1 7.7 7.7 7.7 7.4 7.7 20.3 8 8.1 7.7 7.7 7.3 7.1 31.2 7.6 7.5 7.3 7.2 29.6 4.45 4.85 4.35 4.85 5.3 5.1 5 NaN NaN NaN NaN
4.55 17.3 4.35 4.15 4.05 6.6 9 6.2 30.2 9 6.6 6.5 6.6 30.3 6.7 6.7 6.8 6.7 30.1 30.4 6.6 5.8 6.2 5.9 6.6 1.1 3.8 NaN NaN 5.7 1 6.7 6.6 1.1 1.1 1 17.3 20.3 6 6.1 3.1 7.6 30.3 6.5 30.2 6.2 16.8 30.2 16 16 18 21 30.5 27 27 8.1 10.6 15.8 7.3 31.3 6.9 7 7.7 7.7 7.7 7.9 7.9 15 13 7.9 7.7 8.1 9.7 30.2 10.1 27 7.5 12.4 7.3 4.85 23 4.85 4.55 5.05 5.1 5.1 5.1 NaN NaN NaN NaN
4.55 4.65 4.35 4.25 4.25 10.2 5.3 30.4 6.4 6.5 6.2 11.7 6.5 6.7 4 6.6 6.4 6.7 6.6 6.4 5.8 6 10.5 15.3 6.3 6.3 NaN NaN NaN NaN 1 6.6 6.6 1 3.7 4 3.6 6.9 30.2 12.1 6.1 5 8.2 6.8 9.6 6.7 5.7 6.3 13 13 7 10 7.5 22 7.3 8 18.4 8.2 7.4 31.1 6.9 7 6.9 7.8 7.8 10.5 7.8 7.8 7.8 10.4 7.9 7.9 7.2 30.3 27.1 27 7.6 12.7 4.25 4.85 4.35 4.45 4.55 5 5.2 5 5.1 NaN NaN NaN NaN
4.45 4.75 4.55 4.25 4.15 6.6 6.4 6.2 6.5 6.6 6.2 6 6.7 6.6 6.3 5.8 5.8 5.9 30.4 6.2 5.6 6.4 23 30.2 4.1 NaN NaN NaN NaN NaN NaN 8.6 1.1 1 9.2 4 24.1 7.9 5.1 7 8.7 8 11 25.9 30.5 9 22.2 5.6 7.1 7.2 7.4 19.1 7.2 7.3 7.3 18.2 30.2 7.2 6.6 31.1 6.3 6.2 6.1 31 31.1 31.1 7.9 10.4 10.3 13.1 7.9 7.8 7.3 30.1 30.1 7.5 7.7 7.6 4.25 4.45 4.45 4.65 4.35 4.9 5 5.1 4.9 NaN NaN NaN NaN
6.1 4.95 4.65 4.45 4.35 4.65 NaN NaN NaN NaN 4.1 6.3 6.3 6.4 6.4 5.9 NaN NaN 6.3 6.3 6.3 5.8 7.5 7.1 6.5 NaN NaN NaN NaN NaN 5.8 1.1 1 3.6 6.6 1.1 4.4 5.1 5.2 6.1 6.1 15.8 10.6 30.2 9.9 6.6 6.5 30.3 5.3 30.2 30.3 7.2 23 6.4 30.1 30.4 30.1 6.4 7.2 6.5 6.5 6.4 6.3 6.3 31.1 31.1 7.8 31.3 8 7.9 7.9 7.9 9.6 7.2 30.3 7.4 7.3 4.55 4.15 4.45 4.45 4.45 4.9 4.9 5 5 NaN NaN NaN NaN NaN
NaN NaN 6.7 4.85 4.75 6.7 NaN NaN NaN NaN 5.7 6.4 NaN 5.6 5.8 5.7 NaN NaN 5.8 5.8 5.9 6.4 9.7 30.4 14.2 5.8 NaN NaN NaN NaN 5.8 5.9 4.1 6.6 27.2 5.1 4.5 5 4.1 4.1 6.2 8 8.1 20.2 12.7 30.4 19.1 6.7 6.7 5.5 16 6.3 6.5 6.6 27.2 27.1 29 6.5 6.4 30.4 6.4 6.3 30.2 5.8 5.8 5.9 6.3 7.2 7.9 30.3 8 7.1 29 30.3 7.6 7.5 4.45 4.25 4.45 4.45 4.45 4.35 4.9 4.9 5 5 NaN NaN NaN NaN NaN
NaN NaN NaN NaN NaN NaN NaN NaN NaN NaN 6.3 NaN NaN NaN NaN NaN NaN NaN NaN 6.6 7.6 9.6 6.6 29.8 9.6 14.8 5.9 3.8 16.3 6.8 7.6 19.7 4 4.2 5.2 14.1 12.7 9.2 6.7 9.1 6.3 6.5 6.5 6.8 22.8 24.2 6.5 6.6 6.7 5.9 5.6 6.4 6.4 6.4 30.3 28.1 30.3 30.1 6.1 30.2 7.1 6.3 30.1 5.9 30.1 29.1 5.9 6.2 7.4 7.1 6.1 7.1 7.1 9.7 25.6 4.45 4.35 4.55 4.45 4.45 4.35 4.35 4.9 4.9 5 5.1 NaN NaN NaN NaN NaN
6.2 NaN NaN NaN NaN NaN NaN NaN NaN 5.6 6.2 NaN NaN NaN NaN NaN NaN NaN NaN 6.8 6.8 6.7 7 12.2 30.3 5.8 18.1 4 9.4 7.8 15.8 5.1 4.1 4.1 11.4 5.2 16.7 9.2 6.8 4 6.2 6.6 28.2 6.8 7.2 30.3 30.3 6.7 6.8 19 5.8 6.3 21.1 6.4 30.4 23 27.6 6.2 6.3 24.6 30.2 7.1 7.1 6.2 6.1 30.2 5.9 28.7 6.6 6.1 6.2 6.3 6.1 7.4 7.2 5.8 4.65 4.45 6.7 6.6 4.35 4.35 4.9 5 5.1 NaN NaN NaN NaN NaN NaN
6.5 7 NaN NaN NaN NaN NaN NaN 5.4 5.6 NaN NaN NaN NaN NaN NaN NaN NaN NaN 6.6 6.6 11.6 6.7 6.8 30.6 3.8 4.1 30.4 30.1 6.1 30.5 6.7 6.6 4.1 26.9 6.2 30 5.2 6.6 15.1 5.1 6.6 6.7 6.9 30.6 18.1 30.3 30.1 5.7 6.6 6.3 6.1 5.6 6.2 25 25.1 6.1 6.3 25 30.1 30.1 30.2 30.1 30.3 5.1 5.4 5.8 6.2 30.1 5.6 5.8 5.5 5.8 30.2 6.5 6.5 6.7 4.55 NaN NaN NaN NaN NaN NaN NaN NaN NaN NaN NaN NaN NaN
6.6 7 NaN NaN NaN NaN NaN NaN NaN NaN NaN NaN NaN NaN NaN NaN NaN NaN 6.6 5.8 22.7 5.1 9 30.2 9.1 5.9 4.1 6.8 7.8 6.2 6.6 24.4 10.1 16.6 11.7 6.1 4.5 7.8 30.5 7.7 7 6.8 6.7 25.5 6.3 6.5 20.1 20.1 6.5 5.9 30.3 5.6 5.5 6.2 30.3 30.4 30.1 30.2 6.2 30.2 25 6.3 23.1 28.2 23 5.3 30.2 30.2 6 5.8 6 5.9 5.6 6 5.2 5.5 NaN NaN NaN NaN NaN NaN NaN NaN NaN NaN NaN NaN NaN NaN NaN
NaN 7.5 17.3 NaN NaN NaN NaN NaN NaN NaN NaN NaN NaN NaN NaN NaN NaN NaN NaN 5.8 4.1 5.8 6 14.9 4 5.9 4.1 7 30.3 6.3 6.3 6.9 6.8 6.9 6.7 6.7 11.7 19 5.2 5.2 30.1 6.8 6.7 25.4 6.5 6.5 30.3 30.3 6.6 6.5 5.8 5.7 5.4 30.5 30.2 26.7 30.3 30.4 6.3 23 6 30.5 30.2 21 21 30.2 5.2 5.1 30.2 30.2 30.2 5 5.2 5.3 30.2 NaN NaN NaN NaN NaN NaN NaN NaN NaN NaN NaN NaN NaN NaN NaN NaN
NaN NaN NaN NaN NaN NaN NaN NaN NaN NaN NaN NaN NaN NaN NaN NaN NaN NaN NaN NaN NaN NaN 5.7 5.7 6.7 5.9 5.9 30.5 9.7 6.4 6.4 4.4 6.9 6.7 12.8 12.1 4 11.7 27.2 5 15.4 6.6 6.4 6.6 6.6 6.5 6.5 6.5 6.3 6.5 6.5 6.7 5.6 30.3 22.2 5.5 6.6 30.4 30.3 30.6 6.5 6.3 30.2 30.1 6.4 6.6 6.6 6.6 6 19.1 24.1 30.2 24.1 5.5 5 NaN NaN NaN NaN NaN NaN NaN NaN NaN NaN NaN NaN NaN NaN NaN NaN
NaN NaN NaN NaN 5.05 NaN NaN NaN NaN NaN NaN 6.6 6.6 NaN NaN NaN NaN NaN NaN NaN NaN NaN 5.7 5.7 6.5 5.9 6 6.1 6.6 4.5 6.6 6.7 6.3 6.3 4.2 23.5 7.8 14.6 7.8 6.7 6.5 13.2 6.7 6.9 30.4 15.8 6.5 6.6 30.6 19.9 30.7 30.4 30.6 6.4 6.3 30.1 30.4 21 6.6 6.7 30.2 6.6 6.5 6.4 6.4 6.4 26.2 30.2 6.5 19 5.8 19.3 30.3 5.3 NaN NaN NaN NaN NaN NaN NaN NaN NaN NaN NaN NaN NaN NaN NaN NaN NaN
NaN 7 NaN 4.55 4.75 NaN NaN NaN NaN NaN 6.6 6.6 6.6 NaN NaN NaN NaN NaN NaN NaN NaN NaN 5.7 1 5.7 5.9 6.3 6.3 6.1 6.3 6.1 6.1 5.4 6.3 17.4 30.2 7.9 5.4 9.7 7.8 6.8 6.8 6.8 6.7 6.8 6.5 6.4 15 25.1 6.7 6.5 15.1 29.7 30.3 30.2 6.6 5.9 5.9 6.8 6.4 30.2 6.5 6.5 6.7 6.6 6.9 6.8 6.5 29.3 6.5 20.2 6.5 5.5 NaN NaN NaN NaN NaN NaN NaN NaN NaN NaN NaN NaN NaN NaN NaN NaN NaN NaN
4.85 NaN NaN 4.75 5.05 5.05 5.05 7 NaN 6.8 6.6 6.4 6.4 6.4 NaN NaN NaN NaN NaN NaN NaN NaN 5.7 4 5.7 5.9 6.1 6.4 6.1 6.2 5.3 6.8 30.4 30.4 12.3 14.8 12 7.1 25 30.5 30.4 19.2 6.3 30.2 6.2 30.4 6.5 13 12.2 6.6 6.6 30.3 5.9 5.7 5.9 5.7 5.7 5.9 30.2 5.6 24.1 30.3 6.5 6.7 6.7 6.4 30.5 6.7 6.8 6.5 6.4 6.4 6.4 NaN NaN NaN NaN NaN NaN NaN NaN NaN NaN NaN NaN NaN NaN NaN NaN NaN NaN
4.85 NaN 4.75 4.75 4.75 4.75 4.75 7 7 6.85 6.6 6.4 6.4 6.4 6.4 NaN NaN NaN NaN NaN NaN NaN NaN NaN NaN NaN NaN NaN 6.2 6.4 30.4 6.9 10.2 30.3 27.3 7.5 7.8 12.1 30.6 6.9 30.7 6.4 7.3 9.9 6.4 6.3 30.3 6.8 6.6 6.3 6.5 10 12 6.2 6.4 5.8 5.9 30.3 5.8 19.7 30.1 27.6 6.5 6.5 30.1 6.5 6.9 6.6 5.6 6.4 6.5 6.5 29.6 NaN NaN NaN NaN NaN NaN NaN NaN NaN NaN NaN NaN NaN NaN NaN NaN NaN NaN
4.55 4.85 4.85 4.75 4.55 4.55 4.55 4.55 4.1 7.45 6.4 6.4 6.4 6.4 6.4 NaN NaN NaN NaN NaN NaN NaN NaN NaN NaN NaN NaN NaN NaN 7.1 5.2 6.9 30.4 21.2 9.8 30.7 6.8 6.7 30.4 30.3 6.5 6.7 24.2 7.3 7.3 6.5 11.1 6.3 26.1 25.8 30.2 30.3 6.3 30.4 6.2 30.5 20.3 5.7 5.7 5.7 30.2 5.9 5.9 17.6 6.6 6.7 6.4 6.4 29.9 5.7 6.4 6.8 6.2 NaN NaN NaN NaN NaN NaN NaN NaN NaN NaN NaN NaN NaN NaN NaN NaN NaN NaN
4.55 4.55 4.55 4.95 4.95 4.95 4.85 4.7 4.1 7.45 6.4 4 5.6 5.6 5 NaN NaN NaN NaN NaN NaN NaN NaN NaN NaN NaN NaN NaN 6.9 7.1 7.6 7.1 30.2 30.5 7.1 6.8 8.8 30.3 31 6.8 14.9 7.4 7.3 7.4 30.2 6.5 11.3 7 6.6 6.7 23.4 30.6 6.4 13 23.2 17.7 15 5.7 6.2 6 30.3 10.1 13.6 5.5 15.1 30.6 6.6 6.4 30.3 5.7 6.5 6.4 NaN NaN NaN NaN NaN NaN NaN NaN NaN NaN NaN NaN NaN NaN NaN NaN NaN NaN NaN
4.55 4.55 3.65 4.85 4.85 4.85 4.8 4.2 6.35 6.4 5 5.6 5.6 5.6 NaN NaN NaN NaN NaN NaN NaN NaN NaN NaN NaN NaN NaN NaN 6.9 10 7.3 7.3 9.7 7.1 7.2 7.3 6.8 30.2 30.5 11.7 6.9 30.5 30.8 30.2 9.4 7.3 6.8 6.5 6.6 6.8 30.5 6.9 6.2 30.4 6.2 30.3 6.1 6.9 30.3 30.6 5.8 5.5 5.7 5.6 30.2 6.2 13.1 6.4 6.5 5.5 NaN 6.3 NaN NaN NaN NaN NaN NaN NaN NaN NaN NaN NaN NaN NaN NaN NaN NaN NaN NaN NaN
4.25 4.55 4.55 4.55 5 4.7 4.1 4.2 6.55 15.1 5.4 5.6 5.6 5.6 NaN NaN NaN NaN NaN NaN NaN NaN NaN NaN NaN NaN NaN NaN NaN 30.2 7.2 6.9 7.1 6.8 6.9 7.1 7 30.4 30.5 6.7 6.8 8.3 7.3 9.5 30.5 30.4 6.6 30.8 6.8 6.6 6.9 30.6 20.6 6.4 30.3 6.8 6.2 6.9 6.8 9.7 30.4 5.7 18.9 5.7 30.5 13.1 30.1 13.3 15.6 NaN NaN NaN NaN NaN NaN NaN NaN NaN NaN NaN NaN NaN NaN NaN NaN NaN NaN NaN NaN NaN NaN
4.55 4.55 4.7 4.7 4.7 4.1 4.7 5 6.45 5.4 5.5 5.5 NaN NaN NaN NaN NaN NaN NaN NaN NaN NaN NaN NaN NaN NaN NaN NaN NaN NaN NaN 6.7 6.6 6.7 6.9 14.9 11.7 21.8 30.7 7 6.7 30.3 16.7 7.6 7.6 5.3 6.6 6.7 30.4 6.9 7 30.7 30.5 6.2 6.3 7.2 7.1 9.6 6.9 30.5 9.7 26.4 11.2 13.6 6.4 5.6 30.5 5.6 NaN NaN NaN NaN NaN NaN NaN NaN NaN NaN NaN NaN NaN NaN NaN NaN NaN NaN NaN NaN NaN NaN NaN
