Outfile_2.asc
NCOLS 201
NROWS 151
XLLCORNER 730592.938286
YLLCORNER 2561222.529137
CELLSIZE 145.176046
NODATA_VALUE NaN
[rows 66 to 98 of 151, columns 75 to 149 of 201]
NaN NaN NaN NaN NaN NaN NaN NaN NaN NaN NaN NaN NaN NaN NaN NaN NaN NaN NaN NaN NaN NaN NaN NaN NaN NaN 5.9 30.399076262 9.9506636589 10.5553296488 17.9846975047 13.2400621611 19.8502212362 NaN NaN NaN NaN NaN 23.5874258846 9.4134491708 10.9223216919 30.4111111111 5.9084518793 9.7666666667 30.6555555556 30.1714045971 30.2042261031 7.9615508071 18.4453558739 6.3333333333 6.05 6.2540925512 5.7666666667 19.1666666667 15.9666666667 12.0666666667 7.05 6.95 8.3666666667 7.05 6.1361506991 7.25 14.75 12.25 9.55 7.25 7.05 8.4333333333 21.0666666667 13.3666666667 30.5888888889 30.7149362158 6.6348730697 6.5539126131 18.6203870548
NaN NaN NaN NaN NaN NaN NaN NaN NaN NaN NaN NaN NaN NaN NaN NaN NaN NaN NaN NaN NaN NaN NaN NaN NaN 9.5205792798 6.1 8.7990906338 13.5761588859 7.4289342698 6.1 6.1 NaN NaN NaN 7.2 9.7 6.6840685946 23.6876160094 30.6874258846 18.6994767825 30.2 20.0333333333 14.9333333333 10.7666666667 23.2540925512 12.4453558739 5.7205792798 5.9727786529 6.7 4.4919346658 1.7727786529 10.5901371761 5.5703703704 5.6703703704 30.4703703704 25.7703703704 9.65 6.75 6.85 6.85 9.55 6.95 12.15 7.15 7.35 19.95 7.05 7.25 10.05 20.05 24.3714285714 7.15 10.0333333333 30.4666666667
NaN NaN NaN NaN NaN NaN NaN NaN NaN NaN NaN NaN NaN NaN NaN NaN NaN NaN NaN NaN NaN NaN NaN NaN 13.5269562388 10.8440446391 NaN NaN NaN 6 5.9 NaN NaN NaN NaN 6 7.1 7.3 13.0859420902 9.6737387429 9.7302830782 29.8666666667 20.0333333333 30.3540925512 10.8666666667 28.7333333333 30.6 4.8954770164 5.9223216919 5.75460281 5.8148090607 5.8283329622 10.5905960329 8.0380952381 17.1380952381 19.5380952381 6.75 7.15 18.0380952381 6.95 7.05 6.95 9.55 7.15 7.35 9.65 7.45 7.05 7.35 30.25 30.3761904762 7.05 30.4921691488 7.35 17.6084518793
NaN NaN NaN NaN NaN NaN NaN NaN NaN NaN NaN NaN NaN NaN NaN NaN NaN NaN NaN NaN NaN NaN NaN 17.6578685395 6.9 30.2726526899 22.7230769231 6 NaN NaN NaN NaN NaN NaN 6 1.875 6.535446344 11.0313839675 12.25559494 7.2858309864 9.298142394 30.6333333333 15.0703703704 24.6134491708 27.9761904762 8.1716618094 6.6 6.3054744498 6.6 7.5 9.2381572756 6.0282174738 10.9752416018 3.4135735976 6.95 6.85 27.35 7.25 7.05 7.25 7.35 17.25 7.05 6.95 9.55 9.95 7.25 7.45 7.05 20.1694840324 9.65 30.4033108961 30.2952247076 11.0051154274 19.8681050248
NaN NaN NaN NaN NaN NaN NaN NaN NaN NaN NaN NaN NaN NaN NaN NaN NaN NaN NaN NaN NaN NaN 9.9399385949 4.4758255781 6.6 30.5351191813 7.738878435 6.6 30.473998276 6.3 NaN NaN NaN NaN 6 5.9 30.4181192171 5 30.1615508071 9.3393193566 17.4108185325 5.2242242458 5.4393193566 5.5564102564 7.2 7.2 5.4 5.2 5.3 5 11.8240453033 30.2047379305 9.0013189489 5.7205792798 30.2615508071 5.6768182948 8.0345325216 7.05 20.3 12.15 12.5 12.7 7.3 7.4 6.95 9.85 7.45 15.3 3.4 5.7 24.8 12.2222222222 30.4336139264 30.3956009364 12.1374901471
NaN NaN NaN NaN NaN NaN NaN NaN NaN NaN NaN NaN NaN NaN NaN NaN NaN NaN NaN NaN NaN 12.4 6.4 30.4853044011 23.4897412037 30.9146632187 6.5 13.9795713869 6.1 3.1 6.1 NaN NaN 6 30.1538357466 6 5.1 4.8 5 4.9 5 5 5.6 3.24984391 5.7 5.9 5.6 30.496856485 4.5 4.5 30.602378304 16.5041611408 9.3635231517 6.1 6.1 6.85 6.95 6.85 7.4047650464 7.3 7.7 7.4 7.6 7.6 6.85 6.85 7.05 17.25 30.6 30.5 7.2 30.8147188482 30.5094922192 6.85 19.2570224301
NaN NaN NaN NaN NaN NaN NaN NaN NaN NaN NaN NaN NaN NaN NaN NaN NaN NaN NaN 30.5 7.4 6.7 6.0668015807 6.7 6.3 6.8 5.7 6.1 6.1 1.4 NaN NaN 6.2 2.0587251934 5.7 4.4333333333 5 4.8 5 5.8270461645 30.3166666667 5 5.8 5.9 6 5.9 1.3 5.9 30.1018449158 5.606919727 5.2282174738 30.3830646666 10.0306741015 7.3570224301 6.1 6.1 7.2 7.4 7.3 7.2 7.4 7.3 30.6 7.3 9.9 6.85 9.55 9.65 30.6 30.6 31.2 30.5 30.4777777778 25.3761904762 30.3666666667
NaN NaN NaN NaN NaN NaN NaN NaN NaN NaN NaN NaN NaN NaN NaN NaN 6.5 30.3 30.8 30.3 6.6 7 17.1 13.6224739802 9.5955834467 30.1084518793 5.4559224131 6.1 25.9212869664 NaN 6.1 5.9 3.8863806577 5.8 9.5205792798 5.9 5.9 5.9 6.1 6.1 5.9 6 5.9 5.9 13.5928371643 5.9 6 6.1 11.1514076045 6.1994767825 11.1690355763 10.867051395 30.1622501134 5.8453558739 19.4666666667 8.3333333333 6.9 7.1 6.9 7.2 6.9 10.6703703704 7 24.8 7 7.1 7.9222222222 6.75 20.2 30.6 30.8 30.7 30.7777777778 30.4761904762 30.4666666667
NaN NaN NaN NaN NaN NaN NaN 6.95 4.3 NaN NaN NaN NaN NaN 30.7 30.4 6 30.7 7.2 6.2 6.2242242458 6.9 22.8928371643 24.1117382165 6.7 30.5801158374 12.5060112703 6.1 5.4 6 5.8 5.9 6.1 5.9 6.1 6.1 30.220674489 5.9 5.9 5.9 5.8 5.9 6.1 6 15.8666666667 5.8 6 7.853428636 8.1042261031 8.7245006541 15.3 8.4453558739 7 5.4874920661 28.3716618094 26.3111111111 9.7 5.91898463 9.7 7.3 7.3 7.1 6.0333333333 7.3 7.4 7.2 9.7 7.4 12.5 30.4 30.8 30.9 30.3777777778 30.4761904762 26.3666666667
NaN NaN NaN 6.85 4.5 4.4 4.6 14.8 4.7 7.1 4.5 4.7 7.25 9.7 6.45 6.05 13.8 6.2 26 30.2242242458 5.2946277864 30.1267895821 6.6 9.5570224301 8.8661434492 30.5413293538 5.5 30.4391639897 30.6660740412 6.2 10.2167993852 5.7 6 2.1485927876 5.8 10.869983854 15.3545637691 15.7621827039 6.1 6.2 6.2 6.1 5.6666666667 6 5.9 15.9453558739 3.5267895821 3.3946277864 1.4714045971 10.59071197 8.3333333333 30.2716618094 7.4192754236 12.9602895721 5.3726779369 5.8333333333 5.1 5.8084518793 15.6681050248 7.2 6.9 6.9 6.9 7 7 9.7333333333 3.4222222222 7 7.5 30.7 30.8 31.1 31.1777777778 30.7761904762 30.2666666667
NaN 12.05 4.6 4.8 4 4 3.6 4.4 30.7 4.4 15.2 6.75 6.05 30.4 6.45 30.4 6.1 6 30.3242242458 5.7 10.6267895821 6.7 16.8333333333 30.39071197 30.0666666667 3.6267895821 30.4223216919 6.1 28.8499159511 30.2161994504 30.1135735976 30.6164737863 7.9892557464 9.4928371643 5.7 6.5 7.9147188482 20.4328101159 9.2694840324 6.2 6.1 1.303030303 6 6.1 4.59071197 5.8 21.5856743286 5.5267895821 7.5555555556 10.3333333333 6.59071197 5.4714045971 5.9768182948 30.2242242458 5.3333333333 15.7666666667 10.3333333333 30.2540925512 10.9134491708 6.9 6.9 6.9 6.9 7 12.9453558739 30.3615508071 30.5 15.9 15.5 7.6 30.8 31 9.8777777778 9.75 30.2666666667
4.6 30.5 30.1 30.6 4.3 10 4.4 4.3 4.3 4.6 6.85 6.65 5.95 6.45 8.2 3.6 6.2 4.113394791 6.4 6 8.6856743286 6.5 6.69071197 5.5892557464 19.5928371643 1.7925555291 22.6249319761 6.6127204931 17.1240453033 30.7578339874 10.4287267571 12.5740079158 4.0615508071 6.3 6.4 6.1 6.2 30.4 30.7 6.3 6 7.214274771 11.8768182948 6 7.5892557464 15.59071197 8.4333333333 6.0859549217 1.9956009364 5.7 8.2487248999 5.4042261031 12.453428636 30.5108185325 17.703030303 5.8555555556 8.8666666667 6.9666666667 5.4761904762 7.1 3.3289342698 7.1 6.0666666667 7.8 11.3333333333 10.7 7.7 7.7 7.7 5.3 30.5 30.9 30.5768182948 7.25 4.69071197
4.9 4.2 3.9 4.1 4.7 4.4 4.1 4.4 4.5 4.7 6.75 6.85 6.55 30.6 7.05 6.05 6.1 6.5 6 5.8453558739 6.6 30.578511354 5.5205792798 30.4615508071 5.5946277864 1.7315546285 4.6590193633 30.3539264695 30.4111149814 30.6967854397 6.2 5.8 6 5.8 5.4 5.2 5.4 3.8289342698 7.9067245426 15.4 13.9 6.3 6 6 5.3615508071 5.8 6.4787919471 5.7 2.2629494148 7 3.9904286252 8.2991289 10.3328101159 3.1 16.9768182948 30.2714045971 8.5869026671 27.9889883586 23.6006271054 19.3138488355 7.1 7 10.2 6.6550633642 7.8 10.2 7.6380952381 7.9 7.7 10.4 7.15 7.45 30.6564102564 7.05 30.6492063492
3.8 4.1 4.3 4.9 4.6 4.5 4.5 4.6 4.6 4.9 6.85 7.15 5.95 30.3 7.6 5.95 6.5 1.498142394 6.8 30.4666666667 30.19071197 15.7892557464 9.3384487607 30.1135735976 30.2267895821 30.1856743286 30.2784048832 8.9240453033 11.1801158374 13.2153372142 10.5897640738 30.3073155329 5.4 5.9 6.1 8.6714045971 5.7 5.7 5.7 9.1961517174 1.8193279424 20.8098388924 7.7892203723 30.5564102564 9.9618913743 5.7 5.8 8.5169601147 5.5892557464 8.1903557635 2.6742996679 13.3628248883 15.7666087768 11.4 22.4556550252 12.7585207206 30.0417852127 30.1134491708 6.3 3.8383691019 6.3 7 25.1524976531 7.7 7.7 30.1181350989 12.0703703704 7.6 7.6 10.4 7.45 30.4901371761 17.6644313952 7.25 6.85
4.1 4.8 4.5 4.6 4.8 4.6 30.6 4.4 4.7 4.7 6.75 6.65 5.95 6.55 5.85 6.45 5.85 6.6 6.7 6.3 4.6333333333 30.2928371643 30.1135735976 6.8 6.6 7.3570224301 9.6205455818 6.7 9.5120225406 7.056466985 30.2245602819 6.6 6.4 6.6 6.3 6.3 6.2 6.1 5.8 5.6934849615 1.8415013475 5.1 6 6.1 5.7 6 5.9 5.8 5.8 12.3 8.7207592179 2.1047379305 20.399404584 20.2587567673 7.5540382048 5.6528909085 21.4159705015 5.1417852127 6.4 6.5 6.3 30.2690047263 8.9595038309 16.4813298853 30.6955834467 20.3748334564 7.7 9.7666666667 30.6666666667 15.7 12.4666666667 30.4774851991 10.3314757273 30.1047379305 6.85
5 4.5 4.8 4.4 4.7 4.9 4.4 4.7 4.9 4.7 6.55 6.45 6.45 5.95 5.85 10.1 6.55 6.7 6.7 30.4 5.5 5.6 6.6 6.7 9.9570224301 6.69071197 6.6 5.9475950733 15.9573786367 30.4573786367 3.2380712638 13.0434849615 7.2666666667 5.0666666667 14.8666666667 6.6 6.2 30.2570224301 5.1235829038 5.8 5.9 5.8 5.9 13.8181192171 30.1729948341 5.5 30.4934562487 6 30.6872459465 6.9451780206 9.7205792798 25.6782210422 8.0890396954 7.7682213103 30.043952253 30.3351191813 8.7035521076 13.2903557635 12.9084518793 6.4 30.7573786367 30.0786892072 9.7813298853 30.4903557635 13.2417852127 30.2681050248 9.3374901471 7.1 7.3 7.2 3.2 7.6222222222 30.3666666667 30.6 9.75
4.9 4.8 4.7 4.8 5.1 4.4 4.8 4.7 4.7 4.5 6.95 6.65 5.7 30.5 6.65 6.25 6.15 6 6.7 11.335446344 6.5616480027 6.9 6.9 17.4 8.59071197 5.7892557464 6.9 18.5782174738 22.0381572756 30.5937128312 6.7 6.7 6.9 6.9 6.8 6.9 13.7084518793 6.8 30.3223216919 6.9 6.7 30.1240453033 5.2 5.1 5.2 6 6 24.4666666667 6 6.1 6.5 30.3666666667 6.6009114294 9.8958674673 7.1 30.6993623108 6.4 4.9813298853 4.9955834467 6.4302373727 17.7540925512 20.9911673208 13.9955834467 26.0417852127 20.8225890798 6.35 7.8956009364 12.8666666667 30.4666666667 26.0666666667 30.4666666667 7.95 7.75 12.75 8.15
5.1 4.9 4.9 5 4.7 4.7 4.8 4.8 4.2 4.3 4.6 4.2 6.05 6.35 5.3 17.8 6.45 6.5 14.5678658549 13.8181192171 17.5207704779 8.1905296316 6.8 8.2292657005 6.7 6.8 7 12.269104196 30.1522349452 6.7 6.6 6.6 7 6.8 7 6.7 9.3726779369 6.7 8.3090005921 6.7 30.4754153933 6 6 6 5.9 6.1 6.1 9.7666666667 6.6 2.0051154274 15.7742996679 30.4444323581 30.1838120122 20.1475304232 25.9237619586 30.541134965 8.093075142 16.5684525146 6.5958969948 4.7 19.8134491708 30.3393446036 30.1785371601 30.2384753952 30.4088191311 6.25 17.5 20.0333333333 24.9333333333 8.2 30.1333333333 8.6333333333 7.85 7.85 13.15
4.5 4.8 4.6 4.4 5.2 5 4.5 4.4 4.4 4.4 4.4 4.4 6.15 6.75 6.05 6.35 6.55 6.6 6.7 16.5955834467 4.926507906 9.5928371643 6.326286502 8.5637572938 3.7835203106 7 6.9 30.6703703704 30.540057876 7.1 6.8 6.8 30.2768182948 6.9 6.6 11.8564102564 5.2564102564 6.7 6.7 6.8 7 6.8 9.8843572659 6.6 6.7 6.8 12.461450055 5.6 7.7807843887 30.0098879263 25.7821701562 4.1983456956 20.9191643198 30.1487248999 30.4134491708 10.203030303 7.8761904762 14.7745942812 30.2132241218 30.3661434492 17.6889883586 30.1640561799 7.6457042423 30.2755853852 30.2670295079 30.3377707402 27.3222222222 9.2222222222 9.8222222222 30.0222222222 10.35 7.85 8.25 30.0547725789 28.7461399758
4 4.1 4 5.1 5.2 4.5 3.7 4.4 4.3 4.5 4.2 3.8 6.05 6.65 6.15 5.85 5.4768182948 6.95 6.9 20.8869632333 9.3570224301 6.826507906 30.6564484313 11.4685658488 11.0302373727 6.7 6.7 6.9 6.8 6.0268601941 6.4 6.9737387429 30.5746415108 7.5761904762 30.1761904762 14.6166666667 6.9 7.5166666667 9.8419755892 30.1916625669 6.8 10.0238672278 6.9 6.8 25.335446344 6.9 10.8827011897 7.2434982679 11.9923526966 30.2223216919 30.4850892186 5.8 6.7893298864 15.40209398 5.9273168347 30.5630813152 5.35 6.25 8.3111111111 25.1333333333 30.1333333333 11.1555555556 5.403030303 30.1222222222 11.7 6.15 9.6 30.6 7.05 7.15 7.25 8.05 8.05 30.0570227079 10.1245006541
5.8 6.1 5.4 5.2 3.9 3.6 3.8 3.7 3.5 3.8 3.7 3.9 6.25 6.25 7.3047650464 5.85 6.55 7.05 7 7 7.2 16.6603794978 30.0240453033 8.1911673208 6.5153372142 6.0618805153 1.61898463 15.9422194537 6.8 6.8270461645 8.9302373727 6.7 7.6869026671 6.4 8.1111111111 6.6 6.7 6.7 6.7 6.6 11.5444444444 6 6.75 16.7363636364 11.4083333333 6.9 6.6 4.2032244134 30.3376880965 7.2 6.9 6.5 6.6 1.3384487607 30.5765569041 30.4138991347 30.1239552048 30.1666666667 12.8111111111 10.3111111111 30.1570224301 9.747996552 6.25 7.6217300308 6.15 24.6 6.95 7.3067245426 7.4484520197 30.3081667897 9.5134491708 7.9406649427 7.55 20.478511354 30.4578339874
5.9 6.4 30.5 5.5 5.6 3 5.3 5.6 5.4 4.2 4.4 4.9 5 6.05 6.15 5.95 6.75 9.65 8.0768182948 30.497178591 6.6848537679 6.463570706 6.2540925512 7.0641856825 10.3471596063 3.24984391 6.45 7.6684525146 11.6813298853 30.3240453033 6.75 10.9134491708 14.1889883586 6.85 5.4570224301 10.3333333333 6.3333333333 17.9333333333 5.6059860233 10.4644437802 6.55 6.15 6.15 6.35 6.55 6.75 7.15 9.65 27.4815230842 8.3032244134 6.0194011491 18.3805354371 6.4838046346 16.8799677164 9.675118546 17.6476254443 10.4856826954 8.8813855149 10.2111111111 10.1111111111 11.2666666667 9.65 30.3777777778 6.25 30.2564102564 6.05 7.3564102564 7.05 7.25 7.5714045971 7.05 16.696961025 30.7937398861 12.8435428681 13.8043547631
NaN 30.9 5.8 5.7 5.8 9.6 5.4 5.5 5.7 5.5 5.4 5.7 30.35 6.55 5.85 5.95 5.39071197 17.25 6.4353191866 3.816476147 16.4598811283 6.3578339874 6.85 6.0091218061 7.05 4.0850406063 8.7266136648 6.5958969948 6.65 25.7120225406 13.2236890968 6.2393446036 6.15 5.6794273899 7.547996552 9.6555555556 6.05 5.5555555556 6.3302830782 6.15 6.15 20.2585392229 30.4839733804 6.45 7.4615508071 7.9829332032 15.1093499059 26.9490013082 6.85 6.95 30.6477344001 30.6603794978 14.4681050248 23.4417852127 11.4570224301 30.1621722674 7.8078695051 13.9883966975 8.2111111111 8.1111111111 30.2666666667 9.4761904762 17.6901371761 9.95 7.35 6.05 6.95 6.85 12.25 6.95 7.15 8.69071197 7.9589232249 30.4874474468 10.0148399063
NaN NaN 5.8 12.3 1.6 5.6 5.7 6.1 30.3 18.4 18.4 5.2 8.15 6.95 6.55 6.75 6.75 6.45 10.8622501134 6.85 7.05 6.85 9.6223216919 10.8260343862 6.75 6.05 30.2042261031 30.4511991882 5.75 5.85 6.35 6.7501731634 6.9440446391 6.3934119078 5.9084518793 7.6666666667 30.2969040394 9.3901371761 1.3094922192 7.3694840324 6.25 6.85 7.5266010238 6.95 6.55 10.0971540342 9.6373355562 15.5176752738 23.5617989856 9.55 9.8207592179 13.2302373727 18.2748334564 8.2178056689 9.138708522 18.6934562487 8.0048156164 30.0729948341 10.2111111111 6.85 6.95 7.05 6.95 30.4111111111 30.6111111111 30.7111111111 20.3111111111 6.95 7.05 6.95 7.05 6.75 9.9615508071 30.3923526966 10.1376880965
NaN NaN 5.9 30.6 5.9 5.6 5.7 5.7 6 10.55 7.95 13.1 15.55 6.95 6.75 7.05 6.85 6.55 6.75 6.95 6.95 6.85 19.4540925512 15.6134491708 5.4768182948 5.5758686137 5.3533326691 8.8705834467 6.15 6.35 30.5666666667 9.7777777778 7.1833333333 6.5897435897 6.05 6.15 5.95 8.4084518793 5.837864697 3.735208726 26.4651472445 6.75 9.6300971077 7.303030303 5.298142394 3.3768182948 6.85 6.85 6.95 30.4060112703 30.6219010501 7.05 8.2835203106 27.5574638207 27.7471417218 7.4758686137 27.878316797 13.4733912093 4.4158761576 28.8084518793 6.05 10.4333333333 6.05 30.4666666667 20.9666666667 10.6666666667 13.4666666667 16.4666666667 7.1666666667 21.6245006541 6.75 6.65 6.75 30.2311250567 7.65
NaN NaN NaN 5.5 5.8 NaN 5.5 8.2 7.75 8.15 7.75 7.95 18.15 30.3578685395 14.55 14.85 30.0270461645 15.0384487607 6.65 6.85 6.95 6.65 6.95 5.4615508071 10.4946277864 13.1267895821 10.91898463 6.478511354 6.05 27.5541587328 9.55 6.15 4.1295231453 5.8948749122 6.05 4.5333333333 8.9666666667 30.5067245426 24.7434849615 30.6811298163 6.35 6.05 6.95 6.95 6.95 23.4897785367 4.522521847 6.95 6.95 23.2235829038 6.85 6.95 5.9289342698 30.3116052299 16.0349737791 10.1117382165 23.92568603 13.5648090607 6.15 6.05 6.45 6.25 30.5555555556 30.4270461645 6.25 6.15 8.1761904762 30.3761904762 30.5761904762 30.3376880965 10.7135735976 8.0311250567 5.3 30.3147188482 7.65
7.45 7.65 NaN NaN 5.7 5.5 5.6 7.85 8.05 7.5 20.45 13.1242242458 7.95 7.05 6.95 6.95 NaN 11.8847858837 6.35 6.25 6.15 8.5333333333 5.9537203881 23.0316790289 5.5267895821 10.8856743286 30.1333333333 30.1333333333 9.75 9.85 6.95 6.95 6.75 30.3062672167 7.05 6.75 5.95 6.85 6.25 5.95 11.7207592179 6.25 12.7526087569 6.75 8.8850406063 13.9853397564 6.85 6.65 9.7705960277 12.5343272963 16.9874920661 30.1564102564 10.8 7.2564102564 9.6385891958 4.1417852127 9.5302373727 30.4937128312 6.75 6.85 12.1358404189 30.203030303 30.603030303 19.598142394 12.4777777778 9.2777777778 5.3777777778 30.0777777778 16.9777777778 14.9694840324 15.5311250567 5.3328101159 6.0660289775 30.4094922192 7.25
7.45 7.45 7.45 NaN NaN NaN 18.4 15.85 10.75 10.45 NaN 26.9558900823 7.95 7.15 6.95 7.25 6.85 6.85 5.9768182948 5.4513641714 20.9666666667 30.6 6.21056489 8.4011704976 5.71898463 14.9570224301 6.6666666667 7.05 6.95 7.35 9.55 7.6727487108 30.4175430751 19.4242242458 5.3393193566 6.45 6.05 6.85 6.45 30.3625444306 7.3570224301 4.7591076631 6.15 10.4328411419 9.0117382165 30.3060112703 30.4236890968 15.4453558739 12.4219010501 7.7115754658 9.6002554047 3.4222222222 6.45 9.2257618163 12.1977602346 6.85 9.5911673208 11.5118446873 13.7356117652 30.2208927697 9.6169517877 16.9222222222 30.3222222222 9.3202728564 9.2083333333 7.5083333333 7.4083333333 24.7083333333 9.9183739396 7.3450715499 30.3758686137 6.2192754236 3.4726779369 6.75 7.05
7.15 7.45 7.15 7.65 7.75 7.85 NaN NaN NaN NaN NaN 7.85 30.1893446036 7.05 30.202378304 6.95 6.95 1.9687796773 6.85 6.85 5.5969040394 19.4252444916 7.6418083139 30.1922860495 19.4665805837 7.6812466759 5.6666666667 7.05 6.75 7.25 6.95 6.95 6.95 7.15 6.75 6.15 6.05 5.95 6.15 6.75 3.138708522 19.2595038309 6.05 6.45 30.4318455014 30.4801158374 11.2326039052 10.1573786367 7.9683086365 6.45 10.1909187831 1.5752543046 5.273998276 9.3847858837 5.7963442264 8.5480057157 14.4101749826 5.4578339874 9.6523409952 8.0870412155 7.7421966066 9.3380952381 9.9380952381 22.5380952381 19.9380952381 10.0450715499 6.25 3.2758686137 7.15 30.2726779369 16.4578685395 30.3716618094 4.1084518793 6.59071197 7.05
7.25 7.25 7.2 30.45 7.35 7.45 7.45 10.25 10.35 7.85 12.95 NaN NaN 6.85 7.05 NaN NaN 6.95 7.05 6.5134491708 1.7915219852 6.85 5.4622501134 6.8340669095 5.6267895821 16.171505315 11.4197773382 6.95 9.65 7.25 6.85 6.85 7.1 16.3 1 5.95 6.55 6.25 6.85 27.4574638207 7.25 30.4993623108 5.55 6.35 5.95 30.1095238095 11.763570706 4.7055575185 9.8194193466 7.9088191311 10.3723311278 30.4248334564 13.7924010611 9.4761904762 8.4501096867 6.2314757273 6.5825157082 7.2 30.1047379305 8.1671695589 30.32568603 17.9833292142 6.15 5.95 30.0703703704 25.1726779369 30.3166666667 30.2578685395 10.2716618094 28.5453558739 6.178511354 8.4333333333 1.2 6.85 30.4245006541
7.55 12.75 7.35 7.45 7.45 7.45 7.45 7.45 7.75 7.75 7.75 1.7297141553 7.65 10.8302373727 NaN NaN 6.85 4.6 3.5570224301 6.85 8.0041568138 9.2347716914 3.0869632333 11.7666666667 6.6782210422 21.003083626 5.7198724248 8.0222222222 6.85 7.15 6.95 6.65 7.05 1.1 6.85 6.15 6.15 7.05 6.85 6.95 6.95 6.65 10.0111111111 6.05 30.2923526966 20.6419755892 30.1590193633 30.1092535051 30.4060112703 6.85 5.0329525334 6.45 30.1632972377 9.0687796773 17.6714285714 16.9333333333 13.2236890968 30.1 11.8240453033 8.5786892072 8.1282174738 5.65 13.5333333333 30.2333333333 18.0333333333 8.0333333333 30.4111111111 18.478511354 22.9333333333 12.9 12.0570224301 30.3540925512 13.3666666667 4.2270461645 7.35
15.35 8.2 7.85 1 5.2 3.1 9.75 10.25 7.75 6.75 6.85 6.75 5.2450715499 7.65 NaN NaN 6.85 4.5 4.6 4.5 6.95 5.3384487607 9.0225890798 6.7578339874 30.3174833192 8.3230658168 8.1504210912 6.65 6.85 6.85 7.15 7.05 7.15 7.15 6.75 6.65 6.65 6.75 6.75 5.3094922192 6.95 9.0333333333 24.7540925512 8.1714045971 NaN 19.747996552 19.7617874766 10.6889883586 15.3467825041 30.5417852127 30.6903557635 12.0146632187 11.0684525146 10.4190387257 6.2487248999 30.1648090607 6.55 4.6911673208 6.25 4.6540925512 20.1134491708 30.2889883586 15.0333333333 28.1333333333 30.2333333333 20.5333333333 13.9666666667 30.1666666667 18.2540925512 7.8453558739 7.547996552 7.4134491708 7.75 7.75 7.85
7.65 7.65 7.95 15.25 7.55 7.55 7.45 6.55 3.4761904762 3.4761904762 6.147996552 3.6666666667 8.3333333333 7.65 NaN 4.5 4.6 4.5 4.6 4.2 30.1669472598 6.0285580409 6.0574333907 5.8326204837 5.6604794146 5.6928362784 7.1 7.15 NaN 6.75 6.65 6.85 7.2 6.85 6.75 9.55 7.05 1.2 6.95 6.7513641714 7.8666666667 3.1 5.75 NaN 5.3660289775 30.0928371643 12.247996552 30.1883656714 30.1888888889 17.9955834467 17.347996552 10.0595038309 3.7422194537 6.85 6.0042261031 5.6741510037 23.5117159916 8.5268983415 4.9994484251 5.1 30.3393446036 6.75 7.8555555556 7.8555555556 14.7555555556 7.6555555556 5.6270461645 30.1761904762 10.2134491708 27.6615508071 10.0094922192 12.4660289775 3.3328101159 5.9108185325 7.35
