Outfile_2.asc
ncols         201
nrows         151
xllcorner     733748.947016
yllcorner     2561541.418206
cellsize      137.483444
NODATA_value  -9999
[rows 32 to 63 of 151, columns 72 to 143 of 201]
6.8 30.5134491708 6.7 6.2 6.1 6.3 5.6 5.7 5.9 6.3 6.9 6.3 6.8 6.9 7 7.1 7.1 7.1 17.0021130107 7.1 7.5 7.3 7.3 4.2 7 6.7 4.1 19.2 5.3 5.1 5.3777777778 8.2761904762 12.9 30.1 20.1969040394 5.5923526966 4.1047650464 7.2 7.3 4.3618913743 9.4333333333 15.1134491708 7.2 30.5666666667 17.8111111111 7.6 9.6777777778 30.3 4.0222222222 30.3094922192 8.4389532194 6.8853397564 7.9297003671 6.85 6.95 7.25 6.95 7.55 7.85 4.1 30.55 7.55 7.65 17.75 20.65 7.85 10.35 7.75 30.25 7.75 7.75 8.05
7 30.4660289775 6.5 5.2 6.8 6.8 5.9 5.8 5.8 6.3 6 5.7 6.5 6.8 5.3 7 7 7.2 7.3 30.1 10 9.9 9.3 6.6 19.3 4.1 6.7 4.2 5.2 15.1 10.6777777778 8.1761904762 6.8666666667 8.3666666667 4.5761904762 30.3777777778 9.2 30.5 9.9393193566 30.2533326691 7 8.1540925512 29.7 16.1333333333 15.4111111111 30.2166666667 30.4777777778 28 30.4660289775 30.3134491708 8.5084518793 7.8183739396 2.2535234292 7.15 6.85 30.4666666667 5.1111111111 7.65 7.55 7.65 7.65 7.45 7.65 8.05 7.95 7.65 25.65 7.85 15.35 10.45 10.25 7.95
7 5.3222222222 6.5 6.4 6.4 6.9 5 11.7 6.4 6 5.8 6.6 5.9 6.7 6.7 6.9 7.1 19.3 25.2 9.8 7.2 7.3 7.5 7.6 4 4 4 4.1 12.8 4.3 5.2777777778 13.1761904762 7.1 8.6666666667 30.3761904762 30.3777777778 30.6 7.1 7.3564102564 8.0134491708 9.9084518793 11.5 10.6666666667 7.9111111111 30.6666666667 30.2726779369 7.0635231517 30.2311250567 12.0135735976 12.1 8.8666666667 6.95 6.95 6.95 6.85 30.3666666667 7.45 7.55 7.75 7.55 7.55 7.75 7.55 7.95 7.75 7.85 8.15 7.85 7.75 7.75 7.95 7.95
7.5017858479 30.3217300308 6.3 6 30.4 7 19.4 5.7 1.4 30.1 6.8 6.3 5.7 6.4 6.9 30.3 7 30.9 5.2 7.3 7.1 7.7 7.3 12 4.1 11.6 4 4.1 4.2 5 7.9777777778 5.6761904762 15.7666666667 24.2666666667 9.5761904762 22.5777777778 30.3 12.513394791 7.2858309864 7.4761904762 6.9 30.0570224301 15.347996552 30.4376880965 5.6533326691 4.3768182948 9.4222222222 27.1946277864 7.4376880965 30.4245006541 5.1 6.85 6.85 1.5777777778 7.05 6.95 7.55 7.55 7.65 26.8108185325 17.65 30.7 7.75 7.95 17.65 7.45 7.85 8.05 8.05 7.85 15.55 15.25
13.0660289775 10.3 7.5 6.6 6.6 6.9 6.4 6.6 30.4 8.9 6.5 14.8 5.8 6.2 6.4 6.2 6.4 7.2 9.9 10 4 4 30.2 24.8 5 6.6 30.2 19.3 9.1 23.0021130107 5.3847858837 30.0761904762 7 7 13.3761904762 16.8777777778 9.1 7.9602895721 14.6874920661 30.3666666667 9.4570224301 8.278511354 9.5578685395 30.173998276 4.4393193566 4.414274771 30.3730772833 7.1928371643 30.0856743286 7.3333333333 7.75 6.95 6.95 6.95 6.95 7.05 7.65 7.65 7.55 7.55 7.45 30.65 8.05 10.15 7.65 7.45 7.95 7.85 30.2 7.75 7.35 17.65
7.3 7.6 6.8 7.5 6.7 7.4 6.3 9.8 9.7 6.7 6.3 5.3 5.7 6.1 6.4 6.4 30.2 9.6 9.8 30.1 7.3 4 7.7 6.8 4.5 11.9 6.6 14.1 4.1 6.6 30.403030303 8.4555555556 12.9333333333 12.878511354 30.3578685395 14.473998276 7.1399385949 30.136717456 6.9 20.8666666667 10.3333333333 6.7 17.2533326691 7.3399385949 14.4032369137 4.6660289775 30.1615508071 1.71898463 6.4570224301 2.69071197 1.8270461645 1.436717456 9.75 6.95 7.05 6.95 6.85 17.85 7.55 7.65 10.15 10.25 30.3 9.85 7.15 7.15 10.05 9.85 12.75 6.95 6.95 7.05
7.3 7.2 10.3 7.3 12.7 6.8 30.4 30.5 7 23.1 6.6 6.3 6.3 7.2 6.8 6.9 6.8 12.9 7.5 10.3 30.0067245426 7.9 18.2 12 4.1 4 5 5.2257618163 4.2635231517 3.8777777778 7.2 1.9555555556 6.9 23.0111111111 6.9 30.5564102564 4.398142394 6.9 10.378511354 14.9333333333 30.0084518793 6.6 6.4 7.2067245426 5.3477647286 1.4533326691 9.8205792798 13.29071197 18.9570224301 9.2666666667 7.55 7.35 7.15 6.75 5.4923526966 9.65 30.378511354 9.75 10.35 7.75 7.45 30.114274771 10.35 7.25 7.25 7.15 7.45 7.75 9.95 7.05 6.95 25.4
17.0618913743 7.2 7.5 7.5 7.6 6.6 24.9 6.8 6.5 6.9 6.6 6 6.2 7.2 6.9 6.9 4.8399385949 12.8 15.2 7.7 7.9 30.5 22.9 20.7 4.2 30.3 7.9450715499 7.0135735976 9.6134491708 24.7761904762 30.4 30.6883656714 6.8 7.8 10.9350406063 22.9768182948 4.5134491708 18.0856743286 7.1 16.8245006541 7.7969040394 12.1081667897 30.4242242458 6.9 5.3135735976 6.9 6.1245006541 1.2 9.4856743286 7.55 12.75 14.0067245426 7.55 10.3 7.05 30.1384487607 30.0892557464 6.95 6.95 30.45 10.35 30.3660289775 7.95 7.55 7.25 10.05 27.65 7.35 7.25 -9999 -9999 7.05
7.1 30.1768182948 18.714274771 7.8 7 6.4 7.3 6.5 6.5 6.6 6.9 6.3 6 6.7 7.3328101159 7.5 7.7 7.8 7.7 7.7 7.7 30.5 7.5 7.5 10.5 6.8188440482 8.0081667897 7.2 6.2245006541 7.3 14.8 6.8 14.0375594364 7.7 30.0112944531 23.0112111039 30.0666666667 21.9570224301 15.89071197 4.8205792798 30.4533326691 30.2450715499 24.8 9.7 19.7622501134 5.1245006541 30.3333333333 7.3540925512 4.2714045971 7.65 10.45 30.05 9.55 7.05 30.5002805931 9.65 30.3726779369 12.15 7.15 7.25 12.95 17.0615508071 7.0484520197 7.45 30.25 7.45 7.15 9.65 7.45 -9999 -9999 7.65
14.9205792798 7.3 6.8 7.1 6.2 12 7.5 7 6.8 6.5 6 5.9 6.8 7 6.6 10.4 7.5 7.5 7.8 7.6 7.2 7.5 10.1 12.7 7 6.7 -9999 18.41898463 7.7570224301 14.2714317131 7 6.8 16.9578339874 7.0967854397 5.0068038428 5.8390996564 6.69071197 7.4333333333 6.8 9.5901371761 7.2768182948 4.4108185325 30.6602895721 5.5726779369 4.7666666667 12.1333333333 30.3570224301 6.95 6.95 7.15 5.1 6.85 7.15 6.95 6.95 7.35 7.25 7.25 10.0245006541 30.35 12.35 13.6714045971 7.25 6.95 6.65 7.05 6.85 7.35 7.25 7.15 7.25 7.15
10.478511354 12.3892557464 7.1 7 6 3.8 6.9 9.8 7.3 6.8 6 6 7 7.2 6.7 12.6 6.8 7.1 6.59071197 6.7 6.7 7.1 6.8 7 7.7 7.1 7.7 6.278511354 8.3333333333 5.8745942812 30.2497823999 6.8 6.8 14.4326039052 6.0027049172 5.9463669952 6.3570224301 1.9856743286 7.1267895821 4.4946277864 4.3311250567 9.8399385949 17.036717456 9.8716618094 6.49071197 3.4570224301 17.0666666667 5.4928371643 5.2660289775 5.3032369137 7.15 6.95 9.85 6.95 7.35 7.05 7.35 7.05 7.05 9.85 7.45 9.75 30.2267895821 6.95 9.75 7.35 6.95 30.5374901471 6.85 30.4067245426 19.2 30.2
30.0333333333 9.6 5.5892557464 6.7 5.9 22.014274771 6.2 6.7 7 6.1 6.1 6.7 6.8 12.3 30.79071197 7.1 30.49071197 6.9 6.9 5.4376880965 6.7 7.1 7.4 9.9 18 7.6 7 7 5.9245006541 6.6 8.3678148254 30.4690276405 7.1937128312 19.263570706 10.9874258846 15.1661434492 6.9666666667 9.5928371643 4.3946277864 4.3242242458 5.4242242458 5.5081667897 6.9 5.278511354 15.1333333333 4.4453558739 6.6267895821 5.4858309864 7.05 5.1 6.6 6.6 7.1 17.3 7.2 7.3 30.8 7.25 9.95 30.5969040394 7.25 30.2333333333 7.15 7.05 9.85 17.15 6.95 9.55 30.4500529685 6.95 14.627426912 4.5862387519
12.3856743286 6.7 6.7 6.2 7.1928371643 5.9 6.1 6 6.1 7.6 5.7 30.0135735976 6.9 23.0540925512 30.4 10.1084518793 12.3205792798 6.8 6.8 7 6.9 7 17.5205792798 9.1027355997 7.1 7.7 13.2 7 8.3716618094 25.7237619586 7.6165769424 8.3827350258 5.9935268607 7.2 7.1 5.9859420902 7 7 5.3393193566 4.4222222222 1.3768182948 7.0267895821 30.1084518793 7.1 1.9245006541 30.3376880965 7.4 7.2 7.6 3.8 6.6 6.8 7.1 5.2 6.9 7.2 7.5 7.7 7.15 7.25 17.2205792798 10.278511354 24.65 30.1333333333 6.85 9.75 7.05 6.85 17.7483481745 22.6171833406 6.65 6.65
6.1 7.2666666667 30.2570224301 6.1 5.8 4.1267895821 25.2081667897 6.1 6.5 6.4 6.3 14.5714045971 7.1 6.9 8.578511354 7.4 6.8 6.9 6.9 7 6.8 5.2477647286 6.7 6.7 30.305300936 30.2 7.2 7.1 7.1 7.9602895721 10.3788989167 30.2823451376 26.6523179633 7.4 7.1 6.8 6.9 15.8770074531 6.9 6.8 5.3726779369 5.075 6.9 18.878511354 7.2205792798 10 19.0450715499 7.3 7.3 6.5 5.1 5.3 6.9 5.2 13.1 7.5 7.3 7.4 7.4 7.05 9.65 5.5969040394 7.15 12.4333333333 6.95 6.55 20.1333333333 6.45 6.65 6.45 6.35 6.45
14.4946277864 9.3928371643 27.71898463 8.59071197 30.1333333333 4.9084518793 4.5969040394 6.9726779369 6.998142394 6.4 17.0714045971 15.6245006541 16.8 15.978511354 6.6716618094 9.636717456 7.7477647286 6.9 6.9 5.2 6.6 6.7 7 6.7 6.3203870548 7.4 7 9.7 5.8356325411 5.6230521815 8.3125225222 8.7111111111 20.2 30.2444444444 30.4666666667 30.1111111111 6.5 7.2 7.1 6.8 6.8 6.893742273 16.7328910438 6.9134799922 7.9533326691 4.5477647286 7.4 7.6 27.6 6.7 6.5 6.7 30.6 7.1 10.1 7.3 7.3 7.1 7.2 9.8 6.85 6.85 30.1333333333 7.0703703704 6.95 9.65 30.2555555556 27.6200953027 30.6375594364 30.4356117652 15.0451780206 6.45
21.935702243 17.1923526966 30.3928371643 30.3666666667 15.9666666667 6.7 2.1245006541 9.81898463 6.6 6.7 27.4856743286 30.2333333333 6.9 30.4716618094 7.1 6.7 7.1 7 6.7 6.8 6.8 6.8 5.6528140863 6.7 7.6 6.95 10.3082403764 8.6111266977 5.5773862895 12.0222222222 4.709201947 2.0934562487 5.61898463 8.7257543607 6.6523179633 8.5961624635 12.1440446391 30.1393193566 20.3521773816 8.3643423404 8.9601229154 30.2555555556 5.3352414614 5.9126205685 5.8831464622 9.7108185325 30.3 5.2 6.8 7 30.2 30.5 18 1.5 6.8 22.3 7.4 7.5 7.3 7.5 7.15 30.3242242458 6.85 24.6564102564 30.6847858837 30.0094922192 14.4333333333 30.4961321867 30.1897640738 30.0043547631 30.1485805095 30.4282174738
7.503030303 6.5 6.6 6.7 6.4 6.5 12.5333333333 17.8555555556 8.1176157029 30.2660740412 7.1151186864 30.2954770164 7.5 5.6 30.0730772833 6.9 6.8 30.4 7 5 29.8 14.8 5.4380952381 15.9181350989 6.1570952919 6.85 18.1921691488 6.929996399 30.4377707402 3.9328101159 5.6755884172 6.0524976531 5.4268601941 10.3526087569 9.6972305644 9.8235015266 9.7571936115 6.3 6.2 14.5983456956 16.4870537214 12.2333333333 2.6203870548 10.7650123622 12.6459542766 13.3 10.2 7.1 7.3 7.1 30.2 6.9 7 9.7 7.1 7.3 10 7.6 7.1 21.8 30.3 30.3 17.3 14.2 30.0021130107 7.15 14.3242242458 30.4777777778 30.0073155329 10.9361506991 13.0851093871 30.6651186864
6.9 7 20.1761904762 12.1761904762 10.2761904762 1.5761904762 6.0733912093 2.530910846 6.6 6.5 5.7333333333 7.5 6.4 5.7 6.6 4.3047650464 6.9 6.3 6.1 6.2 30.4 26.7 17.6242242458 10.436570247 5.1059860233 30.6564102564 7.2535234292 4.2242677032 30.4564102564 14.1564102564 5.5134491708 6.3729365995 4.5690355763 30.1994767825 13.2870664144 14.5862387519 7.5048669366 6.3 6.3 1.990937233 30.2623737794 6.9777777778 8.6987079739 10.4287676428 15.3326256917 7.1 7.4 19.9 11.7 7.1 7.6 7.2 9.7 7.1 30.4 7.1 30.1 7.3 16.7 11.7 7.2 24.5 9 6.85 9 7.15 9.65 7.05 7.25 6.95 30.2178356538 30.3714045971
30.2333333333 11.9570224301 7 30.3666666667 8.9666666667 24.5666666667 14.3994767825 30.3420761414 9.0777777778 10.1540925512 6.7 6.1590193633 5.8714317131 4.7205792798 9.4615508071 9.2556550252 5.9 5.9 30.5 9.8 6 21.5 10.4108185325 5.75 5.747996552 6.3570224301 4.7111111111 1.5761904762 4.0847858837 10.5031712291 9.9419755892 8.2223216919 19.4300313266 8.4512334657 30.3094922192 15.0635231517 3.9393193566 13.1081667897 6.3 6.5388009261 9.3533326691 6.8 4.4575587721 6.9 7.3 7 7.2 14.6 9.7 7.1 7.5 14.1 7.2 5.1 16.7 30.4 9.7 30.4 5.2 5.3 10.3 4.2 6.9 6.95 6.95 7.05 11.9021130107 6.95 7.15 7.05 6.85 8.1167852127
9.9333333333 7.2 7.2 9.7111111111 7.1 10 7.6 7.6 7.2 30.4477344001 6.5 11.898142394 4.3067245426 5.9 14.6270461645 9.3333333333 6.1 5.8 6 5.1 30.3 30 7.6 5.273998276 6.35 30.278511354 2.6666666667 4.1555555556 11.8162167619 19.9036784889 4.6916625669 4.9467825041 4.8866660024 20.1158451277 4.1761904762 4.7199035803 5.8074243814 10.2831998385 8.1477712359 9.2108185325 2.6178307106 1.7533142958 1.6528929542 1.42899873 7 7 7 6.6 6.1 30.5 6.7 30.3 30.6 7.2 7 9.2 30.1 6.7 30.6 30.3 7.9 30.8 19 6.95 6.85 6.85 7.5083333333 7.403030303 7.05 18.4678658549 18.4092865378 30.5363636364
23.9 30.3166666667 8.3 8.1 6.9 7.8 7.9 7.8 12.4 19.1959052512 12.7 7.4 11.2245006541 7.4 10.2540925512 5.5714045971 19.598142394 10.4183739396 6.2 20.4 17.9 6.25 30.3 12.953428636 30.1042261031 5.3258747098 4.7512401769 12.505947185 1.822947292 22.5240421083 30.4 30.7874258846 10.3049951428 8.8526087569 25.9845735102 6.3714006833 6.35 20.6833333333 30.4866660024 30.1553296488 1.8959802891 1.3384487607 1.2450715499 10.1 9.2 1.1 6.5 7 30.6 9 30.2 30.5 7.7 14.7 14.8 7.8 12.8 4.4 20.6 21.8 9.1 30.3 6.15 6.45 14.2 6.65 12.0083333333 30.003030303 7.05 7.55 30.0955834467 25.4555555556
6.5450715499 30.2564102564 10.9 11.1 8.2 7.9 25.3 7.6 7 7 7.5801310486 7.3 5.6205792798 13.278511354 9.1 30.0856743286 9.3928371643 5.2768182948 7.2067245426 30.1 30.3 13.1 19.4 11.4328101159 5.6647589624 7.13974395 4.7526087569 15.605371548 4.7309458229 5.95 6.05 20.8573786367 7.7434852841 7.8513608481 12.6987842103 6.55 6.35 4.4681335412 18.3383284761 2.0406199178 6.920302182 1.3618913743 6.8 6.8 6.8 1.2147188482 9.3222222222 9.3179068435 7.4067245426 6.1 6.2 9.9 23 30.4 6.3 4.3 17.3 6.7 16.9 30.4 30.6 30.7 30.5 7.6 9.7 6.05 5.4079276146 9.9017858479 30.6854866991 6.75 30.0084518793 16.4666666667
-9999 -9999 -9999 8 8.2 13.5 7.9 7.6 9.9 6.5 5.2923526966 6.5 5.4726779369 5.6666666667 30.3570224301 5.6 5.5892557464 5.3384487607 5.2477647286 6.7 5.2 30.6 30.4 30.4564102564 5.8439023225 4.6064766961 3.3383284761 8.4856512967 2.2959439454 4.7469069309 6.15 6.2380712638 4.9636825423 4.9309458229 16.8721177144 2.0935268607 4.0760070601 8.6 2.6046589586 1.7749999779 1.6303300294 6.4222222222 1.2 21.6032369137 8.0399385949 4.1847858837 28.203030303 6.8 6.5 9.3399385949 1.4032369137 8.7 30.3 30.5 30.5 9.3 6.8 10.4 7.7 30.4 11.7 17.9 30.4 28.1 6.35 30.7 10.5 30.4758686137 8.4557238518 6.85 8.1225890798 15.8666666667
-9999 -9999 -9999 8 8.1 8.5 30.4666666667 13.2 5.1245006541 7.5 7.1 9.6 10.6858309864 10.8267895821 13.4666666667 7.5333333333 8.778511354 5.7 15.636717456 23.1556550252 5.7 25.4 6.45 6.5777777778 13.453008771 5.9380712638 30.1540925512 2.69071197 7.1714045971 5.0234705095 16.5190076619 3.7152126241 5.0422599133 2.0951511893 12.74690064 7.4191643198 11.2175015521 2.4222222222 12.1535791641 19.5319287483 4.5218743513 16.4847858837 6.4564102564 9.7 1.5533326691 5.6622501134 30.4555555556 5.8969040394 6.5 6.5 1.5618913743 6.5047650464 6.6 18 6.55 7.1 12.1 7.2 12.5 30.3 6.35 6.25 15.4 30.4 6.25 30.5 30.3 30.7242242458 30.3925555291 6.75 28.197178591 30.25
-9999 -9999 7.9 8 7.9 8.3 8.1 7.9 10.3245006541 8.2 6.9 5.2 7.9242242458 5.4081667897 10.5267895821 30.3245006541 30.3 5.9 20.2270461645 10.4726779369 13.2094922192 5.4556550252 7.4380952381 6.75 -9999 13.4801158374 6.55 -9999 11.1801158374 5.5 5.3 4.7355337841 1.5270461645 11.075118546 1.6892557464 30.3169601147 2.209201947 2.4428255525 4.8650123622 4.5251885585 4.4912577986 4.1714045971 10.2166666667 6.5 19.71898463 30.078511354 6.6 6.4 8.278511354 6.3 30.0615508071 14.6730772833 6.5 27.6 6.05 9.8 14.7 30.2 9.2 30.5 30.6 14.8 15.7 15.5 30.6 19.3 15.2 30.4 14.6564102564 6.65 30.756182661 30.4230769231
-9999 -9999 8 8 8 8 8.3 12.8 8 8.1 8.1 15.6393193566 29.5179068435 5.3399385949 5.5135735976 25.6714045971 6.1245006541 6.3 5.6 6.4 8.1270461645 6.1134491708 6.95 30.1384487607 30.3800907618 21.8708640506 8.2180308381 6.2171063627 30.32568603 4.2520223583 1.9511372672 2.129530349 5.1564484313 30.2477344001 17.1654743095 7.4014383581 30.5570952919 7.5539126131 4.5537203881 3.0621165671 10.3314757273 5.8015305025 18.8111111111 6.4111111111 30.6333333333 30.3333333333 30.4540925512 8.2111111111 29.6333333333 15.69071197 17.41898463 10.0928371643 6.4 7.9399385949 19.7 7 9.7 14.8 6.25 9.1 5.1 7.2 25.1 4.4 6.15 6.35 4.1 30.2 6.25 6.05 6.65 6.25
-9999 -9999 -9999 7.9 8.1 8.2 8.2 7.9 30.2 8.1 10.7 9.5615508071 6.6 7.9316790289 5.4333333333 7.5042261031 24.1761904762 28.4856743286 6.4 9.1 8.6666666667 30.3540925512 30.2333333333 8.2800614577 5.93974395 10.6379713052 12.3935268607 7.2286328389 4.2164250941 1.5704444133 1.6355130099 4.20510641 1.9829743404 12.1194011491 14.8102466654 1.8637223453 2.8610823404 16.0666666667 12.0333333333 5.7573786367 4.8666666667 13.4888888889 28.7666666667 6.8666666667 8.378511354 6.4 9.7622501134 14.7267895821 30.4666666667 30.4570224301 19.4570224301 16.0453558739 30.2376880965 9.436717456 11.9556550252 7.2047650464 7 30.4 6.25 6.25 6.15 4.1 15.3 6.15 7 9.8 30.4 1.2 9.3777777778 6.15 14.4666666667 20.2111111111
-9999 -9999 -9999 -9999 8 8.1 13.2 13.2 15.4 15.5 7.5 6.8 6.5 6.5 6.2 6.4 6.7 8.3856743286 6.5 6.3 11.19071197 25.4333333333 7.7333333333 1.7564102564 9.2874920661 5.8096966 21.6760070601 30.1412124542 1.6730769231 1.4703703704 1.3384487607 1.48611562 4.1224392339 1.5786041427 6.7865717317 1.8107229978 2.9904286252 2.6990906338 7.8870537214 1.5714045971 14.388854364 13.3870090087 10.5761904762 5.6761904762 7.4578685395 8.0384487607 14.4858309864 5.3858309864 7.4928371643 10.3666666667 30.29071197 30.1333333333 30.2245006541 5.6270461645 25.1615508071 7.2484520197 10.4 6.15 6.15 6.15 6.15 6.45 6.25 6.25 26.8 24.4 6.35 7 6.05 8.2761904762 30.3666666667 6.05
-9999 -9999 -9999 -9999 -9999 7.1 4.3730772833 8 11.0666666667 30.3666666667 7.3 6.5 6.2 9.3570224301 6.5 13.4333333333 -9999 6.9 17.8892557464 5.8892557464 13.1540925512 6.79071197 4.4084518793 5.3111111111 17.9006911303 30.2 7.6236890968 2.5873015873 2.1111111111 1.8733912093 1.8253443262 1.3237619586 1.2257618163 4.0158552292 4.0715970431 9.1376880965 2.4018572798 4.6428255525 6.388701459 5.1226430481 7.2 30.4874920661 7.603030303 5.403030303 15.498142394 5.2556550252 30.4188440482 1.2242242458 7.2946277864 4.4134491708 8.2666666667 23.89071197 30.2333333333 6.178511354 7.8578685395 17.573998276 30.1 30.1 6.05 6.15 6.05 15.4 12.7 6.25 27.7 6.7 9.1 11.6079276146 12.1017858479 30.347996552 6.35 30.4111111111
-9999 -9999 -9999 -9999 -9999 -9999 7.2 30.4768182948 7.3 7.1 6.9 -9999 -9999 -9999 -9999 -9999 -9999 -9999 6.6 8.6666666667 30.2333333333 -9999 17.7 30.1542351217 5.2324338008 8.1120225406 3.0238672278 4.8467825041 1.3635231517 1.373998276 2.3939846865 4.2353511597 1.2694840324 4.0546089565 4.0442146898 1.3333333333 4.303628582 8.1400453809 2.9041568138 8.200414722 30.1513641714 26.9768182948 30.113394791 7.2083333333 30.4067245426 5.1 7.6 5 7.2222222222 7.2768182948 15.5267895821 6.0856743286 12.7 6.178511354 13.1578685395 30.573998276 7.1 6.55 6.05 5.95 6.25 6.25 30.6 7.6 30.4 30.1 30.2 6.35 4.103030303 6.15 18.6333333333 8.6333333333
-9999 -9999 -9999 -9999 -9999 5 30.3 10.113394791 9.2564102564 5.298142394 7.4 -9999 -9999 -9999 -9999 -9999 -9999 -9999 -9999 -9999 -9999 -9999 -9999 -9999 6.5 5.0726619182 2.106906681 1.9640145061 4.6033841227 3.2245352062 5.1487992076 2.010477637 24.4827596463 4.3824898728 6.9662474188 6.7260253956 1.8603925074 10.1034638077 7.2 9.9 13.203030303 4.3083333333 1.1 6.3 5.1 5 5.1 5 5.2083333333 5.303030303 6.4 8.5333333333 10.778511354 8.1892557464 8.1533326691 20.5399385949 10.5222222222 6.35 6.15 5.3222222222 6.25 6.05 20.8222222222 5.75 30.5222222222 12.1179068435 30.2079276146 6.6202728564 4.6268601941 6.91898463 30.5333333333 30.1333333333
-9999 -9999 -9999 -9999 -9999 7.6 7.1 7.2 7.1 7.9067245426 5.3289342698 -9999 -9999 -9999 -9999 -9999 -9999 -9999 -9999 -9999 -9999 -9999 -9999 -9999 -9999 -9999 6.5 6.6310207061 5.5119610908 3.8451780206 5.2578339874 3.0708927697 5.0444444444 12.4302373727 2.5354980438 2.3948841404 2.4603794978 4.8302373727 9.8 30.2861401162 30.4492758406 6.6884651411 1.7395346585 3.8108185325 1.1 1 5.1 5 7.2079276146 5.4017858479 5.647996552 6.4570224301 6.2111111111 5.8761904762 7.4192754236 30.2333333333 30.2333333333 6.15 6.45 30.2333333333 6.05 9.3333333333 6.25 5.95 5.75 2.188759456 4.3757841239 7.4177163727 5.85 24.6813855149 5.75 30.1774851991
