Outfile_4.asc
NCOLS 201
NROWS 151
XLLCORNER 730592.938286
YLLCORNER 2561222.529137
CELLSIZE 145.176046
NODATA_VALUE NaN
[rows 66 to 98 of 151, columns 74 to 147 of 201]
NaN NaN NaN NaN NaN NaN NaN NaN NaN NaN NaN NaN NaN NaN NaN NaN NaN NaN NaN NaN NaN NaN NaN NaN NaN NaN NaN 6.2 30.599076262 20.1506636589 30.3553296488 30.4846975047 30.1400621611 30.5502212362 NaN NaN NaN NaN NaN 30.1874258846 9.4134491708 11.0223216919 30.6111111111 6.1084518793 14.8666666667 30.8555555556 30.2714045971 30.4042261031 8.1615508071 30.0453558739 6.4333333333 6.15 6.2540925512 5.8666666667 30.3666666667 16.0666666667 17.2666666667 7.15 7.05 21.0666666667 9.95 30.5361506991 7.45 17.45 17.55 14.75 7.35 7.15 11.0333333333 26.1666666667 13.6666666667 30.7888888889 30.9149362158 17.0348730697
NaN NaN NaN NaN NaN NaN NaN NaN NaN NaN NaN NaN NaN NaN NaN NaN NaN NaN NaN NaN NaN NaN NaN NaN NaN NaN 14.8205792798 6.4 26.5990906338 13.6761588859 30.3289342698 6.4 6.4 NaN NaN NaN 7.3 9.7 30.2840685946 30.4876160094 30.6874258846 30.2994767825 30.3 30.2333333333 27.5333333333 15.9666666667 30.3540925512 30.1453558739 5.8205792798 5.9727786529 6.9 22.1919346658 4.3727786529 30.2901371761 8.1703703704 5.6703703704 30.4703703704 30.3703703704 9.75 6.85 7.15 9.65 9.75 7.05 24.95 7.35 7.65 30.35 7.35 7.45 22.75 30.25 30.2714285714 7.55
NaN NaN NaN NaN NaN NaN NaN NaN NaN NaN NaN NaN NaN NaN NaN NaN NaN NaN NaN NaN NaN NaN NaN NaN NaN 26.3269562388 30.2440446391 NaN NaN NaN 6.3 6.1 NaN NaN NaN NaN 6.5 7.1 7.3 18.1859420902 30.5737387429 9.8302830782 29.8666666667 30.3333333333 30.5540925512 10.8666666667 30.4333333333 30.8 7.5954770164 6.0223216919 5.85460281 5.8148090607 8.4283329622 10.6905960329 8.1380952381 30.4380952381 30.1380952381 6.95 7.55 30.1380952381 7.15 7.05 7.15 14.75 7.25 7.65 19.85 7.55 7.25 7.55 30.45 30.4761904762 7.35 30.6921691488
NaN NaN NaN NaN NaN NaN NaN NaN NaN NaN NaN NaN NaN NaN NaN NaN NaN NaN NaN NaN NaN NaN NaN NaN 30.5578685395 17.3 30.7726526899 30.5230769231 6.4 NaN NaN NaN NaN NaN NaN 6.5 1.875 30.535446344 30.3313839675 17.35559494 7.2858309864 30.198142394 30.8333333333 30.3703703704 30.2134491708 30.5761904762 8.1716618094 6.6 6.5054744498 6.7 10.3 19.4381572756 8.7282174738 30.1752416018 3.8135735976 12.15 7.15 30.75 7.65 7.35 7.45 7.65 27.45 7.15 6.95 9.75 10.25 7.25 7.45 7.05 30.5694840324 22.55 30.6033108961 30.5952247076
NaN NaN NaN NaN NaN NaN NaN NaN NaN NaN NaN NaN NaN NaN NaN NaN NaN NaN NaN NaN NaN NaN NaN 30.2399385949 17.7758255781 7 30.6351191813 8.038878435 6.8 30.873998276 6.5 NaN NaN NaN NaN 6.5 6 30.4181192171 5.3 30.4615508071 14.4393193566 27.5108185325 15.5242242458 30.4393193566 10.6564102564 7.2 7.2 5.4 5.2 5.4 5.1 11.9240453033 30.5047379305 30.3013189489 5.7205792798 30.2615508071 30.5768182948 10.7345325216 7.35 30.6 19.95 22.9 30.6 7.7 7.7 7.05 15.15 7.55 30.4 6.1 21 24.8 14.9222222222 30.5336139264
NaN NaN NaN NaN NaN NaN NaN NaN NaN NaN NaN NaN NaN NaN NaN NaN NaN NaN NaN NaN NaN NaN 30.5 7.4 30.5853044011 30.2897412037 31.1146632187 6.8 30.2795713869 6.7 3.3 6.2 NaN NaN 6.2 30.4538357466 6 5.2 4.8 5.3 5.3 5.1 5.4 5.9 8.54984391 5.9 5.9 5.6 30.596856485 4.7 4.8 30.602378304 16.6041611408 30.2635231517 6.2 6.4 6.95 9.75 7.15 10.2047650464 7.6 8 7.5 7.7 8.1 7.05 7.05 7.25 24.85 30.9 30.7 30.3 31.0147188482 31.0094922192
NaN NaN NaN NaN NaN NaN NaN NaN NaN NaN NaN NaN NaN NaN NaN NaN NaN NaN NaN NaN 30.7 7.7 7.2 28.9668015807 6.8 6.3 7.2 5.8 6.3 6.5 4 NaN NaN 6.3 2.2587251934 5.9 4.4333333333 5 5 5.2 8.5270461645 30.6166666667 5.7 6 6.1 6.2 6.3 1.4 6 30.2018449158 6.706919727 7.8282174738 30.4830646666 20.2306741015 30.1570224301 6.4 6.3 7.4 7.7 7.4 30.5 7.8 7.3 30.8 7.3 10 6.95 9.55 14.95 30.8 30.7 31.2 30.6 30.6777777778
NaN NaN NaN NaN NaN NaN NaN NaN NaN NaN NaN NaN NaN NaN NaN NaN NaN 6.6 30.6 31 30.7 7.2 7.2 30.3 30.5224739802 30.2955834467 30.3084518793 5.4559224131 6.5 30.2212869664 NaN 6.2 6 3.9863806577 6 14.6205792798 6 5.9 6 6.2 6.2 6 6.7 6.3 6.1 30.2928371643 6.1 6.4 6.4 11.2514076045 16.4994767825 30.6690355763 23.667051395 30.6622501134 30.3453558739 30.0666666667 28.6333333333 7.1 7.1 7.1 7.3 7.1 20.8703703704 7 24.8 7.1 7.1 20.6222222222 6.85 20.2 30.7 30.8 30.8 30.9777777778
NaN NaN NaN NaN NaN NaN NaN NaN 6.95 4.3 NaN NaN NaN NaN NaN 31.2 30.5 6.2 31.4 12.7 6.6 24.0242242458 12.3 30.4928371643 30.4117382165 6.7 30.5801158374 17.7060112703 6.5 5.7 6 5.8 5.9 6.3 6 6.2 6.2 30.420674489 5.9 6 6.3 6.1 6.1 6.4 6.3 30.4666666667 6 6.2 10.653428636 18.6042261031 30.0245006541 30.5 8.5453558739 12.3 15.9874920661 30.4716618094 30.5111111111 9.7 6.11898463 9.9 7.4 7.6 7.4 6.2333333333 7.5 7.5 30.1 20.1 7.5 30.1 30.6 30.9 31.2 30.6777777778
NaN NaN NaN NaN 6.85 4.5 4.5 4.6 14.8 4.7 7.1 4.5 4.7 7.25 9.8 6.65 6.35 13.8 6.5 30.7 30.5242242458 30.1946277864 30.1267895821 6.8 30.2570224301 8.8661434492 30.6413293538 5.8 30.8391639897 30.7660740412 6.3 10.2167993852 5.7 6.2 4.7485927876 5.9 11.169983854 15.4545637691 28.3621827039 6.1 6.5 6.5 6.5 5.8666666667 6.3 6.4 28.1453558739 3.5267895821 3.3946277864 1.4714045971 25.79071197 30.3333333333 30.5716618094 10.1192754236 15.5602895721 13.1726779369 5.8333333333 10.2 5.8084518793 15.6681050248 7.2 9.6 7.2 6.9 7 7.2 12.3333333333 6.3222222222 7 7.5 30.8 30.9 31.4 31.2777777778
NaN NaN 12.05 4.6 4.8 4 4.2 3.6 4.4 30.7 4.4 15.2 6.75 6.05 30.5 6.85 30.6 6.6 6.3 30.9242242458 6 13.3267895821 6.7 30.1333333333 30.59071197 30.0666666667 3.7267895821 30.4223216919 6.7 30.4499159511 30.4161994504 30.1135735976 30.9164737863 20.7892557464 30.1928371643 6.3 6.8 23.2147188482 30.1328101159 24.4694840324 6.6 6.5 11.803030303 6.3 6.2 7.39071197 6 30.3856743286 8.1267895821 20.2555555556 18.0333333333 9.19071197 30.2714045971 8.8768182948 30.3242242458 12.9333333333 15.9666666667 12.9333333333 30.2540925512 10.9134491708 7.1 6.9 7 9.7 9.7 15.6453558739 30.4615508071 30.6 30.1 15.5 7.7 31 31.1 17.4777777778
6.95 4.7 30.5 30.1 30.6 4.3 30.2 4.4 4.3 4.3 4.6 6.85 6.65 6.05 6.75 11.1 8.7 6.5 9.513394791 7 6.3 11.3856743286 6.6 11.89071197 8.3892557464 30.3928371643 1.7925555291 30.2249319761 24.3127204931 30.4240453033 30.8578339874 30.4287267571 30.5740079158 4.1615508071 6.7 6.6 6.5 6.3 30.5 30.9 6.4 6.1 30.414274771 17.0768182948 6 7.6892557464 18.19071197 11.0333333333 8.6859549217 30.3956009364 5.8 30.1487248999 30.3042261031 30.353428636 30.8108185325 18.303030303 30.1555555556 16.5666666667 9.5666666667 13.1761904762 7.2 30.4289342698 7.3 18.8666666667 8.1 11.5333333333 13.4 7.9 30.1 7.8 10.5 30.7 30.9 30.6768182948
5 5 4.2 3.9 4.1 4.8 4.5 4.1 4.4 4.5 4.7 6.75 6.95 6.75 30.7 10.05 6.45 6.2 6.8 6.3 6.2453558739 6.9 30.578511354 10.8205792798 30.6615508071 5.7946277864 1.8315546285 7.3590193633 30.7539264695 30.8111149814 30.7967854397 6.2 6.3 6.2 5.9 5.7 5.3 5.7 3.8289342698 13.0067245426 30.5 16.6 6.4 6.1 6.1 5.3615508071 6 6.5787919471 6 2.4629494148 7.1 4.1904286252 20.9991289 12.9328101159 3.2 30.3768182948 30.6714045971 23.6869026671 30.7889883586 30.3006271054 19.3138488355 7.2 7.2 10.2 14.2550633642 8.2 10.3 7.6380952381 8.1 10.3 10.6 7.55 7.55 30.8564102564
3.9 4 4.2 4.3 4.9 4.7 4.6 4.5 4.6 4.7 5 7.05 7.35 6.25 30.5 15.5 6.05 6.7 1.598142394 14.6 30.8666666667 30.49071197 30.9892557464 14.5384487607 30.5135735976 30.4267895821 30.2856743286 30.3784048832 30.1240453033 11.3801158374 30.5153372142 30.4897640738 30.4073155329 5.7 6 6.2 8.6714045971 5.9 6 6 9.2961517174 2.0193279424 30.4098388924 10.4892203723 30.6564102564 22.7618913743 5.8 5.8 30.3169601147 10.7892557464 30.5903557635 5.4742996679 30.2628248883 30.4666087768 31 30.1556550252 15.5585207206 30.2417852127 30.3134491708 6.4 3.8383691019 6.4 7 25.3524976531 7.9 7.8 30.1181350989 27.1703703704 7.6 8 13.1 7.65 30.5901371761 20.2644313952
4.1 4.2 4.9 4.6 4.7 5 4.8 30.7 4.5 4.8 4.8 6.75 6.85 6.25 6.85 6.05 6.65 6.05 6.6 7.2 6.5 15.0333333333 30.5928371643 30.1135735976 6.9 6.8 9.9570224301 22.4205455818 7.1 9.7120225406 24.756466985 30.5245602819 6.8 6.5 6.7 6.4 6.3 6.5 6.4 5.9 13.4934849615 30.3415013475 5.6 6.4 6.3 5.9 6.4 6.3 5.9 6.1 30.1 30.1207592179 22.5047379305 30.799404584 30.5587567673 27.6540382048 5.6528909085 30.7159705015 5.1417852127 6.5 6.7 6.4 30.2690047263 30.2595038309 16.4813298853 30.6955834467 20.4748334564 7.8 30.4666666667 30.9666666667 15.9 30.3666666667 30.6774851991 12.9314757273
4.6 5.1 4.7 4.9 4.4 4.9 4.9 4.4 4.8 4.9 4.8 6.65 6.65 6.65 6.05 5.95 30.5 6.55 6.8 7.5 30.6 5.6 5.8 6.9 7 12.8570224301 6.89071197 6.8 11.1475950733 30.2573786367 30.9573786367 11.2380712638 18.2434849615 30.0666666667 7.8666666667 30.1666666667 6.8 6.6 30.7570224301 7.8235829038 6 6 6 5.9 24.0181192171 30.2729948341 5.9 30.6934562487 6.4 30.8872459465 7.1451780206 30.2205792798 30.4782210422 8.1890396954 7.8682213103 30.243952253 30.3351191813 28.9035521076 25.8903557635 30.0084518793 6.5 30.8573786367 30.2786892072 30.4813298853 30.4903557635 13.2417852127 30.3681050248 30.4374901471 12.2 15.1 7.2 3.5 8.1222222222 30.6666666667
4.6 4.9 4.9 4.9 4.8 5.3 4.4 4.9 4.8 4.9 4.5 7.05 6.95 18.4 30.7 6.95 6.65 6.35 6.6 7.2 30.035446344 6.7616480027 7.2 7 17.5 8.69071197 15.9892557464 7 30.1782174738 30.2381572756 31.0937128312 6.8 6.9 7.1 7.2 9.8 12.4 30.4084518793 6.9 30.5223216919 7 6.7 30.4240453033 5.3 5.3 5.4 6.1 6.3 30.4666666667 6.2 6.2 6.6 30.7666666667 11.9009114294 20.5958674673 14.8 30.9993623108 6.7 30.4813298853 4.9955834467 6.4302373727 25.3540925512 28.5911673208 24.2955834467 26.0417852127 20.8225890798 6.35 8.0956009364 12.8666666667 30.5666666667 30.4666666667 30.8666666667 8.35 13.15
4.8 5.1 5 4.9 5.1 5 4.8 4.9 4.9 4.2 4.5 5 4.4 6.05 6.35 30.2 20.5 6.85 6.8 14.7678658549 13.8181192171 17.5207704779 10.8905296316 6.9 8.5292657005 6.9 7.1 9.8 17.569104196 30.3522349452 7 6.6 6.8 7.1 6.9 7.2 7 30.3726779369 12.1 30.6090005921 6.9 30.5754153933 6.2 6 6.1 6 6.1 6.5 9.9666666667 7.2 7.5051154274 30.0742996679 30.6444323581 30.3838120122 25.4475304232 30.1237619586 30.941134965 8.193075142 30.3684525146 9.2958969948 9.8 30.1134491708 30.5393446036 30.2785371601 30.5384753952 30.5088191311 6.45 30.1 30.4333333333 25.0333333333 8.4 30.7333333333 30.4333333333 20.75
5 4.5 4.8 4.8 4.6 5.5 5.1 4.5 4.4 4.4 4.6 4.7 4.4 6.15 6.95 6.45 6.65 6.75 6.8 6.9 29.2955834467 7.526507906 14.7928371643 6.526286502 23.7637572938 13.9835203106 7.1 7 30.7703703704 31.040057876 9.9 6.9 6.8 30.5768182948 7.1 7 12.1564102564 5.4564102564 7 9.6 7.1 9.8 7.2 30.1843572659 7 6.9 7.2 30.461450055 6 7.8807843887 30.2098879263 30.6821701562 4.2983456956 30.0191643198 30.1487248999 30.8134491708 20.503030303 30.0761904762 14.7745942812 30.5132241218 30.5661434492 20.2889883586 30.1640561799 7.6457042423 30.3755853852 30.3670295079 30.4377707402 27.3222222222 14.5222222222 27.6222222222 30.2222222222 30.15 8.15 11.15
5.1 4.1 4.2 4.3 5.2 5.5 4.5 3.7 4.5 4.5 4.7 4.4 3.9 6.25 9.75 6.45 6.25 8.2768182948 6.95 7 20.9869632333 9.3570224301 6.926507906 30.6564484313 30.0685658488 23.9302373727 7 7 14.8 7 21.3268601941 6.5 12.0737387429 30.6746415108 7.5761904762 30.3761904762 17.2166666667 7.1 10.2166666667 30.0419755892 30.3916625669 7.2 30.3238672278 28.3 7.3 30.635446344 7.2 30.7827011897 8.7434982679 12.0923526966 30.4223216919 30.6850892186 6.1 21.9893298864 30.20209398 30.2273168347 30.9630813152 5.75 6.55 30.1111111111 30.3333333333 30.2333333333 30.2555555556 5.503030303 30.1222222222 30.4 6.35 30.3 30.7 7.25 9.85 7.45 8.25 8.15
30.55 5.9 6.3 5.7 5.3 4.3 3.7 3.9 4 3.8 4.2 3.7 4 6.65 6.35 27.5047650464 6.05 6.75 7.05 7.1 7.1 7.2 16.7603794978 30.1240453033 10.9911673208 14.4153372142 30.4618805153 1.81898463 30.2422194537 6.8 7.0270461645 30.0302373727 6.8 7.7869026671 6.8 30.3111111111 6.8 6.8 6.8 6.8 6.7 14.2444444444 6.4 7.15 21.8363636364 30.5083333333 7.1 6.6 4.2032244134 30.5376880965 7.2 6.9 6.5 7 4.1384487607 30.9765569041 30.4138991347 30.2239552048 30.5666666667 30.4111111111 13.0111111111 30.2570224301 12.347996552 6.35 10.4217300308 6.35 30.2 14.75 12.5067245426 12.6484520197 30.8081667897 9.8134491708 30.4406649427 13.05
NaN 6 6.6 30.6 5.9 5.9 5.6 5.4 5.9 5.4 4.4 4.6 5.2 5.3 6.15 6.25 6.05 6.85 9.65 30.2768182948 30.797178591 9.3848537679 16.763570706 8.8540925512 7.1641856825 15.6471596063 3.44984391 6.75 30.5684525146 14.2813298853 30.6240453033 6.75 10.9134491708 14.2889883586 6.85 5.6570224301 10.3333333333 6.3333333333 30.1333333333 18.2059860233 10.4644437802 6.65 6.65 6.35 6.85 6.85 7.05 7.25 9.75 27.4815230842 8.4032244134 16.2194011491 30.1805354371 9.0838046346 19.4799677164 9.675118546 25.2476254443 30.2856826954 8.8813855149 20.6111111111 30.0111111111 30.0666666667 18.05 30.4777777778 6.35 30.2564102564 6.05 30.0564102564 7.35 7.35 20.9714045971 22.75 30.496961025 31.1937398861
NaN NaN 31 5.9 5.8 6.3 20 5.7 5.8 6 5.8 5.5 5.9 30.35 6.65 6.05 6.15 30.29071197 17.45 6.7353191866 13.916476147 30.1598811283 8.9578339874 6.95 13.9091218061 7.25 4.1850406063 30.3266136648 6.6958969948 6.65 30.4120225406 13.2236890968 6.2393446036 6.25 5.6794273899 30.147996552 17.2555555556 6.05 5.7555555556 9.2302830782 6.35 6.35 25.6585392229 31.1839733804 6.55 17.6615508071 8.0829332032 30.5093499059 30.2490013082 7.15 9.55 30.6477344001 30.6603794978 14.4681050248 30.1417852127 16.5570224301 30.2621722674 7.8078695051 30.1883966975 8.2111111111 23.2111111111 30.4666666667 30.3761904762 30.6901371761 10.05 7.45 6.25 7.05 7.15 30.15 7.15 7.85 30.59071197 30.4589232249
NaN NaN NaN 5.9 15 9.6 6 6.1 6.2 30.6 21.1 30.3 5.5 8.45 9.65 7.05 6.85 6.85 6.45 30.0622501134 7.05 7.25 6.95 30.3223216919 18.5260343862 6.85 6.45 30.4042261031 30.4511991882 5.75 6.05 6.35 6.8501731634 6.9440446391 6.3934119078 30.1084518793 10.3666666667 30.4969040394 19.5901371761 30.1094922192 12.4694840324 6.45 9.65 7.8266010238 7.25 6.85 30.3971540342 9.7373355562 18.2176752738 30.2617989856 9.65 30.5207592179 13.2302373727 20.8748334564 8.2178056689 9.238708522 18.7934562487 8.0048156164 30.0729948341 12.8111111111 9.55 9.85 7.25 9.75 30.8111111111 30.9111111111 31.1111111111 30.8111111111 30.45 7.45 7.55 12.55 9.85 12.6615508071
NaN NaN NaN 6 30.9 6.2 6.1 6.1 6 6.2 13.25 8.25 15.8 23.25 7.15 6.95 7.15 7.05 6.55 6.85 7.05 12.05 6.95 19.4540925512 15.7134491708 10.6768182948 30.5758686137 10.5533326691 30.4705834467 6.25 6.65 30.8666666667 30.4777777778 9.7833333333 6.8897435897 6.05 6.15 6.25 21.2084518793 5.837864697 9.135208726 30.0651472445 7.05 30.4300971077 10.203030303 5.598142394 3.4768182948 6.85 6.85 9.65 30.5060112703 30.7219010501 7.15 11.0835203106 30.1574638207 30.3471417218 7.5758686137 30.578316797 13.5733912093 4.7158761576 30.4084518793 6.35 30.3333333333 6.35 30.5666666667 30.4666666667 16.5666666667 30.2666666667 30.2666666667 7.2666666667 30.4245006541 30.35 12.15 6.95
7.65 NaN NaN NaN 5.7 6.5 NaN 5.7 30.5 8.05 30.15 12.95 8.05 20.75 30.4578685395 14.65 14.85 30.1270461645 15.1384487607 6.85 17.05 7.25 6.85 6.95 5.5615508071 18.6946277864 30.8267895821 13.51898463 9.078511354 6.15 30.3541587328 9.55 6.35 4.3295231453 5.9948749122 6.25 30.2333333333 16.8666666667 30.6067245426 30.1434849615 30.7811298163 6.75 6.35 6.95 7.05 7.05 30.1897785367 4.522521847 6.95 6.95 25.8235829038 6.85 7.15 23.6289342698 30.4116052299 30.1349737791 30.3117382165 23.92568603 30.4648090607 6.35 6.15 6.75 6.45 30.7555555556 30.6270461645 6.55 6.35 30.0761904762 30.6761904762 30.7761904762 30.9376880965 30.1135735976 30.4311250567 30.2
7.85 7.65 7.75 NaN NaN 6.1 5.8 5.9 13.35 8.15 7.6 30.25 13.1242242458 7.95 7.15 7.15 7.05 NaN 11.9847858837 6.45 6.45 6.35 8.6333333333 30.2537203881 30.2316790289 30.6267895821 30.3856743286 30.2333333333 30.2333333333 9.75 9.95 7.15 6.95 6.85 30.3062672167 7.25 7.05 6.05 9.85 6.55 6.25 30.0207592179 6.65 15.3526087569 6.95 11.4850406063 30.3853397564 7.05 6.75 9.7705960277 12.5343272963 22.2874920661 30.3564102564 16.1 22.5564102564 30.4385891958 11.9417852127 30.4302373727 30.6937128312 6.95 7.25 30.3358404189 30.303030303 30.703030303 30.198142394 30.4777777778 9.2777777778 8.2777777778 30.1777777778 30.2777777778 27.5694840324 15.7311250567 5.6328101159 8.8660289775
9.95 7.45 10.15 7.55 NaN NaN NaN 30.2 26.05 13.35 10.55 NaN 30.0558900823 7.95 7.15 7.05 7.35 7.05 7.15 6.2768182948 30.4513641714 23.5666666667 30.6 6.31056489 11.5011704976 8.61898463 30.2570224301 6.7666666667 7.15 7.15 10.25 24.95 7.6727487108 30.7175430751 30.2242242458 8.0393193566 6.85 6.35 7.05 6.75 30.5625444306 19.9570224301 7.5591076631 6.25 13.1328411419 11.6117382165 30.6060112703 30.8236890968 30.1453558739 30.3219010501 30.6115754658 22.5002554047 3.8222222222 6.45 9.2257618163 12.1977602346 12.25 9.5911673208 11.6118446873 30.4356117652 30.5208927697 14.8169517877 16.9222222222 30.3222222222 9.4202728564 30.5083333333 10.2083333333 10.2083333333 27.3083333333 30.1183739396 10.1450715499 30.8758686137 6.2192754236 3.5726779369
7.25 7.35 7.55 7.15 7.85 7.85 7.95 NaN NaN NaN NaN NaN 10.45 30.3893446036 7.25 30.402378304 6.95 6.95 4.6687796773 6.85 6.95 30.3969040394 30.1252444916 12.9418083139 30.4922860495 30.4665805837 30.0812466759 10.8666666667 9.75 6.95 7.65 7.25 7.65 7.45 10.05 7.05 6.35 6.05 6.05 6.35 6.75 3.138708522 19.3595038309 6.15 6.45 30.5318455014 30.6801158374 13.9326039052 17.8573786367 13.1683086365 6.55 10.3909187831 1.5752543046 7.973998276 9.4847858837 8.3963442264 8.5480057157 27.0101749826 5.5578339874 30.3523409952 10.6870412155 30.3421966066 11.9380952381 15.0380952381 30.2380952381 30.2380952381 30.2450715499 6.55 3.4758686137 7.35 30.3726779369 30.4578685395 30.6716618094 4.2084518793
7.95 9.95 7.55 12.6 30.45 7.35 7.45 7.55 10.35 10.45 7.95 13.05 NaN NaN 6.85 7.25 NaN NaN 9.75 7.15 6.7134491708 4.5915219852 6.85 5.5622501134 9.5340669095 5.9267895821 30.371505315 11.4197773382 6.95 9.75 14.95 7.25 7.25 7.2 21.5 11.3 6.25 7.05 6.65 6.95 27.5574638207 7.25 30.5993623108 5.65 6.35 6.05 30.2095238095 11.763570706 30.1055575185 30.0194193466 8.0088191311 15.5723311278 30.4248334564 18.9924010611 9.6761904762 8.4501096867 6.2314757273 6.5825157082 7.2 30.3047379305 30.3671695589 30.52568603 30.2833292142 6.25 6.05 30.3703703704 30.4726779369 30.4166666667 30.3578685395 10.2716618094 30.3453558739 21.778511354 16.1333333333 30.5
7.85 7.55 15.55 7.65 7.65 7.55 7.55 7.55 7.55 10.35 7.85 7.85 1.8297141553 7.85 13.4302373727 NaN NaN 6.95 4.8 3.5570224301 6.95 8.2041568138 11.8347716914 3.0869632333 30.1666666667 16.8782210422 21.103083626 10.8198724248 10.6222222222 7.15 7.45 7.15 6.75 7.15 1.1 7.05 6.25 6.25 7.05 7.05 7.35 7.25 6.95 30.2111111111 6.35 30.4923526966 20.9419755892 30.2590193633 30.3092535051 30.7060112703 7.05 5.0329525334 6.65 30.2632972377 9.0687796773 17.7714285714 16.9333333333 13.2236890968 30.5 11.9240453033 8.6786892072 20.7282174738 5.85 26.2333333333 30.5333333333 30.5333333333 18.3333333333 30.5111111111 21.078511354 30.1333333333 18.1 24.8570224301 30.5540925512 30.4666666667
10.55 28.15 30.5 8.05 6.1 17.9 3.2 9.75 10.25 7.75 6.85 6.95 6.85 5.2450715499 7.65 NaN NaN 6.85 4.7 4.6 4.6 7.15 13.0384487607 16.3225890798 12.0578339874 30.5174833192 8.5230658168 15.8504210912 6.95 7.05 6.95 7.45 7.15 7.15 7.25 6.75 6.85 6.75 6.75 6.75 5.3094922192 9.65 9.2333333333 30.3540925512 8.3714045971 NaN 19.747996552 30.1617874766 25.9889883586 20.5467825041 30.9417852127 30.7903557635 19.7146632187 30.2684525146 10.4190387257 6.3487248999 30.2648090607 6.75 4.6911673208 6.25 7.2540925512 20.1134491708 30.2889883586 30.1333333333 30.4333333333 30.9333333333 30.3333333333 19.2666666667 30.3666666667 18.3540925512 7.9453558739 7.747996552 7.5134491708 7.95
7.85 7.75 7.65 8.05 15.35 7.65 7.65 7.55 6.65 3.5761904762 3.4761904762 6.147996552 3.6666666667 8.3333333333 7.65 NaN 4.7 4.8 4.6 4.8 4.4 30.3669472598 30.0285580409 16.5574333907 28.6326204837 5.6604794146 8.4928362784 14.8 7.35 NaN 6.95 6.85 6.85 7.2 6.95 6.85 9.65 7.05 1.2 6.95 6.8513641714 23.0666666667 18.3 5.85 NaN 10.4660289775 30.3928371643 30.747996552 30.2883656714 30.3888888889 30.2955834467 30.647996552 10.1595038309 8.9422194537 30.25 30.4042261031 13.4741510037 30.4117159916 30.2268983415 7.6994484251 5.4 30.3393446036 6.75 7.9555555556 28.3555555556 30.8555555556 30.0555555556 5.8270461645 30.4761904762 16.8134491708 30.5615508071 30.1094922192 30.3660289775 13.6328101159
