Outfile_4.asc
NCOLS 201
NROWS 151
XLLCORNER 733748.947016
YLLCORNER 2561541.418206
CELLSIZE 137.483444
NODATA_VALUE NaN
[rows 78 to 116 of 151, columns 0 to 87 of 201]
NaN NaN NaN NaN NaN NaN NaN NaN NaN NaN NaN NaN NaN NaN NaN 9.92 3.6 1.1 20.32 8.26 11.16 10.96 3.7 6.2 12.42 9.92 10.9 NaN NaN NaN NaN NaN NaN NaN NaN NaN NaN NaN NaN NaN 27.96 10.36 10.46 10.21 9.33 10.31 NaN NaN NaN NaN NaN NaN 10.03 30.7 6.7 5.9 5.9 5.5 5.9 5.4 6.4 6.6 6.7 6.5 6.6 6.4 6.6 6.79 6.79 30.1 6.49 5.59 5.69 6.79 5.54 6.04 30.7 30.5 5.64 30.8 14.74 6.04 30.8 30.5 30.4 30.3 30.6 30.7
NaN NaN NaN NaN NaN NaN NaN NaN NaN NaN NaN NaN NaN NaN NaN 19.92 7 16.26 8.36 18.36 20.86 10.86 7.3 12.62 15.12 12.42 10.7 NaN NaN NaN NaN NaN NaN NaN NaN NaN NaN NaN 10.3 10.36 10.56 10.36 9.58 9.33 9.33 10.21 NaN NaN NaN NaN NaN NaN 30.7 7.64 30.5 5.6 5.7 6.1 6.4 6 6.2 6.1 6.7 6.3 6.3 6.5 6.6 6.29 6.49 6.29 5.79 6.19 6.49 7.09 6.14 6.14 6.44 5.84 10.4 6.74 30.6 6.64 28 30.9 6.6 6.6 30.4 31.2
NaN NaN NaN NaN NaN NaN NaN NaN NaN NaN NaN NaN NaN NaN NaN 7.2 1.2 10.96 23.26 30.36 13.46 8.36 13.26 7.18 7.38 30.22 10.7 NaN NaN NaN NaN NaN NaN NaN NaN NaN NaN 10.24 10.3 10.46 12.96 9.48 9.48 9.58 9.33 10.21 NaN NaN NaN NaN NaN NaN 30.9 6.8 6.5 6.5 6.2 5.9 6 6.1 6.4 6 6.3 6.5 6.6 6.6 6.2 6.29 6.39 5.9 5.59 6.39 17.29 6.49 5.94 3.9 6.24 5.2 7.4 6.74 22 6.9 8.8 12.2 30.7 22.9 17.9 29.1
NaN NaN NaN NaN NaN NaN NaN NaN NaN NaN NaN NaN NaN NaN NaN 15.86 6.3 13.56 8.36 8.06 8.36 5.6 7.48 7.28 7.28 17.52 10.9 NaN NaN NaN NaN NaN NaN NaN NaN NaN NaN 10.3 10.3 10.4 24.58 9.48 9.48 9.58 9.33 10.21 NaN NaN NaN NaN NaN NaN 10.24 6.8 6.5 6.4 6.4 5.2 6.2 6.3 6.1 6.5 6.6 6.9 6.2 6 6.1 6.1 6 6.29 7.09 6.69 5.99 5.79 5.44 6.34 30.9 6.04 30.6 30.7 7.8 30.1 6.8 30.3 20.7 30.1 8.4 9.1
NaN NaN NaN NaN NaN NaN NaN NaN NaN NaN NaN NaN NaN NaN NaN NaN NaN NaN 8.56 15.76 21.4 8.36 8.26 7.58 9.92 30.22 13.3 NaN NaN NaN NaN NaN NaN NaN NaN NaN NaN 10.3 10.3 14.52 14.52 9.48 1 9.58 9.33 10.21 10.21 NaN NaN NaN NaN NaN 28.6 6.4 6.8 6.1 6.3 6.4 6.3 6 6.4 6.8 6.6 6.7 6.9 6.6 6.5 6.6 5.6 5.69 5.89 30.8 5.79 6.19 6.34 15.5 6.4 7.9 30.7 30.7 7.9 25.8 6.6 6.6 6.4 6.7 6.7 6.8
NaN NaN NaN NaN NaN NaN NaN NaN NaN NaN NaN NaN NaN NaN NaN NaN NaN NaN 8.26 8.06 8.16 10.76 1.2 1.2 8.8 10.9 NaN NaN NaN NaN NaN NaN NaN NaN NaN NaN 10.4 10.4 9.42 29.52 9.52 9.42 9.48 9.43 9.33 10.21 12.81 10.31 NaN NaN NaN NaN NaN 30.29 5.5 6.6 6.8 6.5 6.3 6.3 6.5 6.3 6.2 6.4 6.5 6.6 6.5 6.4 6 5.69 6.39 5.89 30.7 6.19 6.55 22.9 5.7 7.4 30.5 7.2 7.4 6.9 6.3 6.5 6.5 6.5 15.3 6.8
NaN NaN NaN NaN NaN NaN NaN NaN NaN NaN NaN NaN NaN NaN NaN NaN NaN NaN NaN NaN NaN NaN NaN NaN NaN NaN NaN NaN NaN NaN 10.7 10.7 10.7 10.7 10.7 NaN 10.4 10.5 12.02 9.52 9.52 9.42 9.58 9.53 9.43 12.81 10.21 10.21 10.21 NaN NaN NaN NaN NaN 16.2 30.6 10.2 5.9 6.1 6.2 6.1 5.4 5.7 5.4 6.6 6.1 6.2 5.9 5.89 5.99 6.49 5.39 5.85 6.35 6.45 6.6 7 30.4 30.3 30.5 30.6 6.1 30.4 6.5 6.9 7.8 6.4 30.5
NaN NaN NaN NaN NaN NaN NaN NaN NaN NaN NaN NaN NaN NaN NaN NaN NaN NaN NaN NaN NaN NaN NaN NaN NaN NaN NaN NaN NaN 10.7 10.7 10.7 10.7 10.7 10.7 10.7 10.3 10.3 19.52 12.32 9.72 9.62 9.42 1.1 9.33 9.33 9.33 10.21 10.21 NaN NaN NaN NaN NaN NaN 7.53 7.64 17.94 30.4 6.6 6.6 5.9 5.5 5.5 5.7 5.4 5.7 5.5 5.3 5.99 5.95 9.9 5.85 5.75 6.55 6.3 30.3 5.4 30.3 30.3 30.8 5.1 6.7 30.5 6.6 6.6 7 11.7
NaN NaN NaN NaN NaN NaN NaN NaN NaN NaN NaN NaN NaN NaN NaN NaN NaN NaN NaN NaN NaN NaN NaN NaN NaN NaN NaN NaN NaN NaN NaN NaN NaN NaN NaN 9.52 15.4 10.4 12.02 9.52 7.86 7.66 10.26 10.11 7.67 9.33 9.33 9.33 10.31 10.31 6.89 NaN NaN NaN NaN NaN 30.8 7.44 10.7 18.6 7.9 13.7 25.2 9.8 10.1 6.9 6.1 6.4 6.66 6.25 5.45 5.95 5.85 5.5 6.75 6.55 16.3 6.55 10.6 5 30.6 30.1 30.5 13.4 10.4 30.5 6.65 21.2
NaN NaN NaN NaN NaN NaN NaN NaN NaN NaN NaN NaN NaN NaN NaN NaN NaN NaN NaN NaN NaN NaN NaN NaN NaN NaN NaN NaN NaN NaN NaN NaN NaN NaN NaN NaN 9.52 9.42 9.42 9.52 10.36 5.6 7.66 7.51 7.71 7.67 7.77 9.43 9.33 10.21 12.81 6.69 NaN NaN NaN NaN NaN 30.6 7.24 30.4 8 30.3 10.2 10.4 7.7 7.6 7.46 6.96 7.56 6.75 6.45 5.85 5.85 6.4 6.75 6.75 6.75 20.9 22.9 12.3 7.7 7.05 30.7 30.3 8 30.3 6.85 28.9
NaN NaN NaN NaN NaN NaN NaN NaN NaN NaN NaN NaN NaN NaN NaN NaN NaN NaN NaN NaN NaN NaN NaN NaN NaN NaN NaN NaN NaN NaN NaN NaN NaN NaN NaN NaN 9.42 14.52 9.42 9.52 9.52 7.66 1.1 5.1 9.47 7.61 7.51 7.67 9.43 7 10.31 10.21 7.09 NaN NaN NaN NaN NaN 7.44 7.4 20 7.4 7.7 15.46 7.86 30.9 12.9 12.35 17.85 6.95 6.75 6.75 6.75 6.75 7.15 31.1 6.95 30.55 6.55 30.3 8.3 8.1 30.3 7.9 20.5 6.35 30.4 6.25
NaN NaN NaN NaN NaN NaN NaN NaN NaN NaN NaN NaN NaN NaN NaN NaN NaN NaN NaN NaN NaN NaN NaN NaN NaN NaN NaN NaN NaN NaN NaN NaN NaN NaN NaN NaN 9.42 14.52 12.02 9.52 9.52 9.42 25.2 1.1 11.97 7.51 7.51 7.51 7.57 21.15 5.2 7.57 7.97 NaN NaN NaN NaN NaN NaN 31.04 NaN 7.66 30.9 30.76 10.36 15.96 30.2 7.65 15.7 6.5 6.65 6.75 6.45 6.15 5.95 6.65 6.45 7.05 6.75 16.2 30.9 30.3 30.6 13 30.6 30.2 6.55 6.65
NaN NaN NaN NaN NaN NaN NaN NaN NaN NaN NaN NaN NaN NaN NaN NaN NaN NaN NaN NaN NaN NaN NaN NaN NaN NaN NaN NaN NaN NaN NaN NaN NaN NaN NaN NaN NaN 12.02 9.52 10.46 12.02 6.2 9.27 9.27 7.71 7.61 7.51 3 7.51 8.45 1.1 13.27 8.07 NaN NaN NaN NaN NaN NaN NaN 30.7 30.4 NaN 30.6 30.8 30.1 12.95 31.1 7.8 5.2 27.9 6.85 6.95 30.4 6.45 6.25 6.95 6.95 6.25 31.1 3.4 28 30.4 30.2 5.3 6.65 29.1 7.25
NaN NaN NaN NaN NaN NaN NaN NaN NaN NaN NaN NaN NaN NaN NaN NaN NaN NaN NaN NaN NaN NaN NaN NaN NaN NaN NaN NaN NaN NaN NaN NaN NaN NaN NaN NaN NaN 14.62 9.62 23.06 7.71 7.81 3.2 7.71 7.81 7.71 7.81 8.21 7.1 3.2 30.3 10.2 11.75 12.19 7.79 17.65 7.55 17.35 NaN NaN 7.24 7.46 9.96 22.5 9.3 17.85 30.7 30.6 7.75 6.85 6.75 6.35 6.95 NaN 27.1 3.9 6.85 7.15 30.2 30.6 30.5 30.6 5.3 30.3 30.7 18.7 6.75 6.45
NaN NaN NaN NaN NaN NaN NaN NaN NaN NaN NaN NaN NaN NaN NaN NaN NaN NaN NaN NaN NaN NaN NaN NaN NaN NaN NaN NaN NaN NaN NaN NaN NaN NaN NaN NaN NaN 9.62 30.12 7.61 7.71 23.3 7.61 7.61 7.61 7.71 13.21 8.41 16.79 9.09 5.2 9.15 9.35 7.59 7.95 8.05 8.15 7.45 7.25 NaN NaN NaN 9.96 7.16 30.15 12.85 30.45 NaN 7.75 6.85 6.85 6.95 30.4 6.95 6.85 30.1 30.5 6.35 23.2 5.5 30.3 30.9 8 10.5 30.2 7.05 7.05 7.05
NaN NaN NaN NaN NaN NaN NaN NaN NaN NaN NaN NaN NaN NaN NaN NaN NaN NaN NaN NaN NaN NaN NaN NaN NaN NaN NaN NaN NaN NaN NaN NaN NaN NaN NaN NaN NaN NaN 11.97 9.37 7.51 7.71 7.51 7.51 7.51 7.61 8.11 8.11 19.09 9.19 11.59 11.99 24.55 30.41 20.15 7.45 7.45 7.85 7.35 17.55 9.85 7.45 NaN NaN NaN 25.2 NaN NaN 1.2 6.85 7.05 6.75 30.4 7.15 6.85 30.4 16.5 30.4 8.3 30.3 8 5 10.2 7.8 7.05 7.25 7.55 7.15
NaN NaN NaN NaN NaN NaN NaN NaN NaN NaN NaN NaN NaN NaN NaN NaN NaN NaN NaN NaN NaN NaN NaN NaN NaN NaN NaN NaN NaN NaN NaN NaN NaN NaN NaN NaN NaN NaN 14.57 9.57 7.81 12.81 7.61 7.61 7.61 13.31 8.21 8.21 9.29 19.39 24.39 14.31 9.21 9.11 9.31 7.15 7.05 7.25 7.15 8.65 7.45 7.05 7.55 7.25 7.35 30.4 17.65 NaN NaN NaN 6.85 7.05 6.85 NaN 30.4 7.15 21.5 31.1 1.2 3.4 9.9 5.2 9.7 30.5 30.2 6.75 6.85 9.85
NaN NaN NaN NaN NaN NaN NaN NaN NaN NaN NaN NaN NaN NaN NaN NaN NaN NaN NaN NaN NaN NaN NaN NaN NaN NaN NaN NaN NaN NaN NaN NaN NaN NaN NaN NaN NaN NaN 9.37 7.71 7.61 7.81 7.91 10.41 10.31 8.31 28.8 11.99 8.31 11.61 8.91 11.41 9.21 11.81 30.21 8.91 3 8.91 7.05 22.35 7.25 7.45 7.25 7.25 7.15 7.35 7.45 7.35 7.25 NaN 6.53 NaN NaN NaN 6.85 30.4 7.15 31.1 4 1.3 15.6 7.6 30.7 30.5 5.5 6.55 6.75 6.95
NaN NaN NaN NaN NaN NaN NaN NaN NaN NaN NaN NaN NaN NaN NaN NaN NaN NaN NaN NaN NaN NaN NaN NaN NaN NaN NaN NaN NaN NaN NaN NaN NaN NaN NaN NaN NaN NaN NaN 7.51 3.6 10.21 7.51 7.61 30.59 30.19 21.79 11.71 8.43 21.91 8.91 3.6 9.11 17.2 9.21 8.91 8.91 13.91 9.11 7.75 7.45 7.45 7.15 7.15 7.35 7.65 7.35 6.35 6.55 6.65 7.25 NaN NaN 6.45 7.06 6.76 6.75 19.5 30.3 30.6 15.9 30.7 30.4 30.9 30.8 8.4 6.55 6.55
NaN NaN NaN NaN NaN NaN NaN NaN NaN NaN NaN NaN NaN NaN NaN NaN NaN NaN NaN NaN NaN NaN NaN NaN NaN NaN NaN NaN NaN NaN NaN NaN NaN NaN NaN NaN NaN NaN NaN 10.11 10.11 8.01 8.01 10.31 8.39 8.69 14.31 9.11 19.41 9.31 19.31 9.01 8.91 8.91 30.21 11.61 30.01 9.01 9.11 8.43 3.6 7.25 7.15 7.55 6.35 6.55 6.55 6.45 8.2 7.45 7.15 NaN 6.35 6.46 6.96 7.06 6.96 6.76 10.3 30.5 30.8 30.5 7.9 30.3 6.95 6.95 NaN 6.25
NaN NaN NaN NaN NaN NaN NaN NaN NaN NaN NaN NaN NaN NaN NaN NaN NaN NaN NaN NaN NaN NaN NaN NaN NaN NaN NaN NaN NaN NaN NaN NaN NaN NaN NaN NaN NaN NaN NaN NaN 30.41 7.91 7.71 7.61 8.61 8.61 8.71 16.91 11.81 9.41 9.21 9.21 9.21 9.21 9.11 30.21 13.91 9.01 8.81 8.33 8.23 7.55 5.4 6.75 6.85 13.4 3.2 5.7 5.9 12.45 NaN NaN 6.96 6.46 6.76 6.76 6.26 6.36 6.75 6.95 7.8 23.1 30.8 8.1 30.4 30.4 6.45 30.7
NaN NaN NaN NaN NaN NaN NaN NaN NaN NaN NaN NaN NaN NaN NaN NaN NaN NaN NaN NaN NaN NaN NaN NaN NaN NaN NaN NaN NaN NaN NaN NaN NaN NaN NaN NaN NaN NaN NaN NaN 7.61 13.11 7.73 7.83 7.73 7.83 8.91 13.71 9.31 19.51 9.71 11.71 9.21 9.21 9.21 8.91 11.61 11.51 8.03 8.03 8.33 8.33 3.1 10.05 6.55 5.8 6.65 6.75 6.55 5.7 NaN 30.8 6.56 30.8 20.9 6.86 6.76 6.06 6.45 6.95 6.55 23 20.6 30.4 9.3 1.6 6.25 6.95
NaN NaN NaN NaN NaN NaN NaN NaN NaN NaN NaN NaN NaN NaN NaN NaN NaN NaN NaN NaN NaN NaN NaN NaN NaN NaN NaN NaN NaN NaN NaN NaN NaN NaN NaN NaN NaN NaN NaN NaN 30.53 7.93 7.83 13.03 7.73 7.73 16.31 8.61 11.81 11.71 14.41 14.21 9.21 11.71 11.71 9.01 8.81 8.81 13.03 1 8.23 8.13 8.13 7.35 10.15 13.53 8.53 10.93 NaN 8.03 NaN 14.3 6.06 6.46 5.3 6.76 6.76 6.36 7.15 6.85 6.85 6.25 6.75 30.4 30.5 10.8 6.75 31.5
NaN NaN NaN NaN NaN NaN NaN NaN NaN NaN NaN NaN NaN NaN NaN NaN NaN NaN NaN NaN NaN NaN NaN NaN NaN NaN NaN NaN NaN NaN NaN NaN NaN NaN NaN NaN NaN NaN NaN NaN 26.53 7.83 7.73 7.63 10.43 12.83 7.93 1 9.21 14.41 9.11 9.11 1 9.11 9.41 14.11 8.91 8.91 7.93 8.03 10.63 15.63 8.13 8.03 11.03 13.63 30.13 8.23 NaN NaN NaN 5.93 6.56 7.9 10.9 6.76 6.66 6.96 30.4 30.2 6.55 6.95 14.85 7.05 9.55 6.15 7.15 6.95
NaN NaN NaN NaN NaN NaN NaN NaN NaN NaN NaN NaN NaN NaN NaN NaN NaN NaN NaN NaN NaN NaN NaN NaN NaN NaN NaN NaN NaN NaN NaN NaN NaN NaN NaN NaN NaN NaN NaN NaN 7.93 8.03 22.63 7.73 7.93 20.63 8.13 11.21 11.71 11.71 9.21 9.11 9.11 9.11 8.43 7.93 8.03 7.93 1.1 19.8 7.3 12.3 7 13.33 13.13 10.63 8.11 NaN NaN NaN NaN NaN 5.95 6.65 30.26 7.46 6.56 6.56 6.66 6.85 6.65 6.95 6.95 7.25 6.55 5.95 7.15 6.85
NaN NaN NaN NaN NaN NaN NaN NaN NaN NaN NaN NaN NaN NaN NaN NaN NaN NaN NaN NaN NaN NaN NaN NaN NaN NaN NaN NaN NaN NaN NaN NaN NaN NaN NaN NaN NaN NaN NaN NaN 7.73 12.93 8.03 10.83 7.83 10.23 11.71 17.11 17.01 9.41 11.91 11.91 6.2 11.91 9.7 5.6 14.8 12.1 3.1 8.33 8.23 8.33 8.13 8.23 8.13 10.73 10.73 8.43 8.33 NaN NaN NaN NaN NaN 7.05 7.16 7.06 6.66 6.76 NaN NaN NaN NaN NaN 6.75 6.85 6.85 6.75
NaN NaN NaN NaN NaN NaN NaN NaN NaN NaN NaN NaN NaN NaN NaN NaN NaN NaN NaN NaN NaN NaN NaN NaN NaN NaN NaN NaN NaN NaN NaN NaN NaN NaN NaN NaN NaN NaN NaN NaN 7.73 30.2 7.93 8.03 10.93 10.93 9.11 19.31 30.51 9.11 11.71 11.71 16.81 8.33 3.3 11.7 8.43 30.2 8.53 15.93 8.33 8.33 18.13 30.33 30.23 26.03 11.03 10.93 8.63 8.53 7.83 NaN NaN NaN NaN 6.63 7.06 6.56 6.46 NaN NaN NaN NaN NaN 30.2 6.95 5.83 6.15
NaN NaN NaN NaN NaN NaN NaN NaN NaN NaN NaN NaN NaN NaN NaN NaN NaN NaN NaN NaN NaN NaN NaN NaN NaN NaN NaN NaN NaN NaN NaN NaN NaN NaN NaN NaN NaN NaN NaN NaN 7.1 9.7 7.73 8.33 13.33 8.7 9.31 9.31 9.31 9.31 14.21 9.31 8.9 8.53 8.33 1.2 8.43 8.33 8.43 8.33 8.43 8.13 8.33 18.93 8.63 16.03 11.03 8.33 8.43 8.43 NaN 7.73 NaN NaN NaN NaN NaN 6.33 NaN NaN NaN NaN NaN 5.85 6.45 NaN NaN NaN
NaN NaN NaN NaN NaN NaN NaN NaN NaN NaN NaN NaN NaN NaN NaN NaN NaN NaN NaN NaN NaN NaN NaN NaN NaN NaN NaN NaN NaN NaN NaN NaN NaN NaN NaN NaN NaN NaN NaN NaN NaN 5.1 8.33 8.23 5.6 9.7 9.11 19.31 14.31 7.2 30.11 14.31 9.21 8.23 8.43 8.43 8.33 8.43 8.23 10.83 8.33 10.83 10.83 8.43 7.2 8.33 23.63 8.43 8.53 8.03 8.03 10.53 7.93 15.33 NaN NaN NaN NaN NaN NaN NaN NaN NaN 6.45 NaN NaN NaN NaN
NaN NaN NaN NaN NaN NaN NaN NaN NaN NaN NaN NaN NaN NaN NaN NaN NaN NaN NaN NaN NaN NaN NaN NaN NaN NaN NaN NaN NaN NaN NaN NaN NaN NaN NaN NaN NaN NaN NaN NaN NaN NaN 8.43 10.83 8.43 8.33 8.33 NaN NaN NaN NaN NaN 9.21 8.33 8.43 8.43 18.53 8.33 8.33 1 8.23 8.23 30.53 8.23 3.2 13.33 11.03 8.33 10.83 10.83 8.23 10.93 10.63 10.73 8.23 NaN NaN NaN NaN NaN NaN NaN 5.55 6.25 NaN NaN NaN NaN
NaN NaN NaN NaN NaN NaN NaN NaN NaN NaN NaN NaN NaN NaN NaN NaN NaN NaN NaN NaN NaN NaN NaN NaN NaN NaN NaN NaN NaN NaN NaN NaN NaN NaN NaN NaN NaN NaN NaN NaN NaN NaN NaN NaN NaN NaN NaN NaN NaN NaN NaN NaN 8.23 8.23 8.23 8.63 18.73 8.43 30.43 8.23 8.23 8.33 7.2 7.93 8.33 8.53 11.03 8.23 16.03 8.83 11.13 7.83 8.03 7.83 7.93 NaN NaN NaN NaN NaN NaN NaN NaN NaN NaN NaN NaN NaN
NaN NaN NaN NaN NaN NaN NaN NaN NaN NaN NaN NaN NaN NaN NaN NaN NaN NaN NaN NaN NaN NaN NaN NaN NaN NaN NaN NaN NaN NaN NaN NaN NaN NaN NaN NaN NaN NaN NaN NaN NaN NaN NaN NaN NaN NaN NaN NaN NaN NaN NaN NaN 8.23 8.33 15.93 8.43 8.33 8.23 8.23 8.43 8.43 21.03 8.23 8.03 8.03 30.73 16.13 8.53 10.83 8.23 11.13 7.93 7.93 NaN 7.93 NaN NaN NaN NaN NaN NaN NaN NaN NaN NaN NaN NaN NaN
NaN NaN NaN NaN NaN NaN NaN NaN NaN NaN NaN NaN NaN NaN NaN NaN NaN NaN NaN NaN NaN NaN NaN NaN NaN NaN NaN NaN NaN NaN NaN NaN NaN NaN NaN NaN NaN NaN NaN NaN NaN NaN NaN NaN NaN NaN NaN NaN NaN NaN NaN NaN 10.83 8.23 8.23 8.33 NaN NaN 8.23 NaN 8.33 17.3 15.93 8.33 30.3 10.73 18.23 8.33 8.23 8.33 8.53 7.93 7.63 NaN NaN NaN NaN NaN NaN NaN NaN NaN NaN NaN NaN NaN NaN NaN
NaN NaN NaN NaN NaN NaN NaN NaN NaN NaN NaN NaN NaN NaN NaN NaN NaN NaN NaN NaN NaN NaN NaN NaN NaN NaN NaN NaN NaN NaN NaN NaN NaN NaN NaN NaN NaN NaN NaN NaN NaN NaN NaN NaN NaN NaN NaN NaN NaN NaN NaN NaN NaN NaN NaN NaN NaN NaN NaN NaN NaN NaN 18.13 10.63 10.73 15.73 13.63 8.03 8.13 8.23 8.43 NaN NaN NaN NaN NaN NaN NaN NaN NaN NaN NaN NaN NaN NaN NaN 7.73 NaN
NaN NaN NaN NaN NaN NaN NaN NaN NaN NaN NaN NaN NaN NaN NaN NaN NaN NaN NaN NaN NaN NaN NaN NaN NaN NaN NaN NaN NaN NaN NaN NaN NaN NaN NaN NaN NaN NaN NaN NaN NaN NaN NaN NaN NaN NaN NaN NaN NaN NaN NaN NaN NaN NaN NaN NaN NaN NaN NaN NaN NaN NaN NaN NaN 8.13 30.5 11.03 8.43 28.23 28.53 10.2 NaN NaN NaN NaN NaN NaN 7.84 8.14 NaN NaN NaN NaN NaN 7.73 7.73 7.73 NaN
NaN NaN NaN NaN NaN NaN NaN NaN NaN NaN NaN NaN NaN NaN NaN NaN NaN NaN NaN NaN NaN NaN NaN NaN NaN NaN NaN NaN NaN NaN NaN NaN NaN NaN NaN NaN NaN NaN NaN NaN NaN NaN NaN NaN NaN NaN NaN NaN NaN NaN NaN NaN NaN NaN NaN NaN NaN NaN NaN NaN NaN NaN NaN NaN NaN NaN 8.63 20.83 8.23 13.13 8.23 8.23 18.33 10.63 NaN NaN NaN 7.84 8.14 NaN NaN 8.23 NaN 8.03 7.73 6.85 6.85 6.85
NaN NaN NaN NaN NaN NaN NaN NaN NaN NaN NaN NaN NaN NaN NaN NaN NaN NaN NaN NaN NaN NaN NaN NaN NaN NaN NaN NaN NaN NaN NaN NaN NaN NaN NaN NaN NaN NaN NaN NaN NaN NaN NaN NaN NaN NaN NaN NaN NaN NaN NaN NaN NaN NaN NaN NaN NaN NaN NaN NaN NaN NaN NaN NaN NaN NaN NaN NaN NaN 7.05 6.75 7.63 7.93 8.04 NaN 7.84 7.94 8.14 7.84 7.84 7.93 7.93 3 8.78 7.73 5 6.85 6.85
NaN NaN NaN NaN NaN NaN NaN NaN NaN NaN NaN NaN NaN NaN NaN NaN NaN NaN NaN NaN NaN NaN NaN NaN NaN NaN NaN NaN NaN NaN NaN NaN NaN NaN NaN NaN NaN NaN NaN NaN NaN NaN NaN NaN NaN NaN NaN NaN NaN NaN NaN NaN NaN NaN NaN NaN NaN NaN NaN NaN NaN NaN NaN NaN NaN NaN NaN 6.75 6.75 6.75 6.75 7.05 7.05 7.06 NaN 7.72 30.04 7.84 6.96 6.96 6.96 6.96 7.51 6.85 6.85 6.85 6.85 6.85
NaN NaN NaN NaN NaN NaN NaN NaN NaN NaN NaN NaN NaN NaN NaN NaN NaN NaN NaN NaN NaN NaN NaN NaN NaN NaN NaN NaN NaN NaN NaN NaN NaN NaN NaN NaN NaN NaN NaN NaN NaN NaN NaN NaN NaN NaN NaN NaN NaN NaN NaN NaN NaN NaN NaN NaN NaN NaN NaN NaN NaN NaN NaN NaN NaN NaN 6.75 7 6.75 7.05 7.05 7.05 5 6.96 7.94 7.84 28.34 6.96 7.26 6.96 6.96 6.51 3 6.85 6.85 6.85 6.85 6.45
