Outfile_3.asc
NCOLS 201
NROWS 151
XLLCORNER 733748.947016
YLLCORNER 2561541.418206
CELLSIZE 137.483444
NODATA_VALUE NaN
[rows 80 to 119 of 151, columns 89 to 177 of 201]
6.6 6.7 8.1 15.2 6.6 6.8 6.4 5.6 5.9 5.3 5.4 5.7 5.3 5.7 3.4 10.2 5.5 5.2 30.1 5.2 30.4 30.3 30.4 1.2 6.5 11.3 7.7 5.1 6 5.7 6.1 3.1 6.7 9 6.1 30.5 1.5 6.3 6 3.2 3.2 7.4 21.1 30.5 6.65 6.65 6.35 6.65 6.55 7.35 30.6 12.45 7.45 7.15 7.25 30.4 24.95 7.15 7.05 14.2 20.5 30.6 30.4 30.7 7.4 7.05 30.35 30.15 13.35 30.7 30.15 8.05 6.95 6.85 6.95 7.55 30.25 7.85 7.65 10.05 7.75 7.85 25.6 7.45 7.65 17.55 7.75 28.6 7.45
7 6.9 31.3 31.1 6.6 7 6.7 6.7 6.6 6.6 21.5 5.6 30.6 5.8 5.3 4.9 5.3 5.8 20.9 13.4 3.4 8.6 28.2 30.7 4 6.5 7.2 3.8 30.6 7.8 6.4 6.4 3.3 5.9 26 21.1 16.8 9.7 8.5 1.2 7.5 30.5 15.15 8.4 14.95 7.45 7.55 7.45 7.15 7.35 7.65 30.55 30.15 9.95 7.45 30.5 10.4 9.85 7.35 7.25 30.15 30.9 30.7 30.6 30.8 7.25 30.4 30.9 30.6 16.9 30.7 15.55 30.7 15.25 8.15 30.6 28.55 25.65 7.75 30.4 8.05 18.15 7.85 7.75 7.65 7.55 7.85 10.7 10.05
6.5 6.8 6.6 7.1 3.8 19 6.1 6.4 6.3 6.5 6.1 23.7 1.4 5.9 6.2 30.5 4 30.6 6 5.9 6.8 8.9 8.5 13.7 6.6 15.8 30.3 30.5 30.3 21.8 6 3.7 6.2 11.4 5.8 30.2 30.5 3.6 7.2 5.7 6.95 9.75 7.25 7.55 7.25 7.25 3.2 30.35 7.25 7.25 7.25 7.45 7.55 7.15 7.55 15.05 4 6.5 7.55 7.75 30.15 30.5 30.4 30.9 30.5 6.75 30.7 30.6 7.65 6.95 6.85 6.85 6.75 6.55 1.3 30.7 3.2 30.5 7.75 10.25 25.45 7.45 7.45 7.65 14.95 14.95 7.35 14.95 7.45
6.8 6.4 6.7 6.8 19.1 6.2 6.5 6.7 6.4 6.1 6.2 6.2 6.3 6.5 6.5 30.6 6.3 5.5 9.1 5.8 6.1 30.4 30.4 30.5 5.8 6 30.5 5.25 6.05 5.95 3.2 6.25 3 3.8 7.8 1.2 18.5 5.8 7.1 7.05 6.95 6.75 30.05 10.15 7.45 5.8 30.2 6.4 7.15 6.95 8.05 30.05 30.95 30.15 9.95 7.05 1.2 3.7 30.05 30.35 7.35 30.6 30.5 30.7 9.2 20 30.7 6.85 6.95 6.75 6.85 6.75 6.95 7.05 7.75 10.25 30.6 7.95 7.65 7.75 7.65 7.45 7.95 30.1 10.15 7.35 7.25 7.55 3.1
9.1 30.8 18.7 24.2 11.7 7.8 30.7 30.6 6.2 6.3 30.4 21.5 6.5 6.4 11.4 6.7 30.5 7.8 30.2 1.4 5.1 5.7 29.8 5.5 5.3 26.4 5.75 6.35 30.5 30.5 30.3 6.1 1.3 3.9 3.3 1.2 6.55 8.4 3.9 6.95 6.95 7 6.95 11 9.85 1.2 7.15 12.45 10.7 14.85 12.45 7.95 7.15 7.35 7.05 7.05 7.05 7.45 7.55 7.25 7.25 12.45 30.5 30.7 30.5 10 19.95 30.9 30.6 6.65 6.55 6.85 10.15 7.65 17.75 30.6 7.65 7.85 15.05 30.7 7.35 7.65 9.95 30.5 7.35 7.35 7.45 7.35 7.25
6.2 29.5 6.1 6.6 6.8 6 3.9 6.4 6.2 6.1 3.3 8.8 6.5 30.4 6.7 6.6 6.6 30.7 8.8 6.5 6.6 6.3 30.5 6.9 6.4 8.1 28.3 24.8 30.5 1.2 8.9 30.1 30.1 5.8 30.4 5.85 13.5 7.15 3.5 5.7 1 30.5 23.5 30.4 23.7 6.6 30.5 9.75 6.95 6.85 7.05 7.15 28.05 18.05 7.65 6.85 30.3 20 7.55 7.45 12.45 30.6 30.4 30.5 6.55 7.25 9.55 7.55 30.1 30.6 7.45 7.15 6.95 12.45 7.45 10.25 7.55 7.95 9.2 7.45 10.25 20.05 29.8 7.45 27.25 7.35 3.1 5.6 7.35
30.6 30.6 7.05 30.5 30.9 30.4 6.4 11.9 30.4 1.2 5.85 5.85 5.65 6.25 30.6 6.65 6.85 6.65 30.3 13.4 15.4 23 6.55 6 6.1 30.3 26 19 11.3 13.8 3.8 3.7 6.5 6.25 30.5 3.8 26.9 3.8 7.35 7.35 6.1 14.95 8.4 7.05 25 6.5 11.3 24.1 7.05 7.35 7.25 7.35 4.1 7.95 9.95 30.4 30.3 5.3 30.3 7.3 30.5 30.8 6.95 1.4 30.6 30.4 6.75 31.1 24.95 30.1 10.05 6.7 7.15 6.95 7.55 30.35 7.95 11.8 7.75 7.65 30.5 7.55 7.55 7.65 7.35 7.55 5.45 5.65 5.55
15.4 6.55 5.8 21.1 4.1 10.5 30.5 30.4 6.3 5.65 5.75 6.25 5.95 30.5 30.9 30.5 30.5 8.1 6.85 6.55 12.9 20.3 30.5 30.4 1.3 30.4 5.6 10.9 5.8 8.2 30.1 21.4 6.45 6.75 6.55 10.8 6.15 6.85 6.65 7.05 7.05 19.55 30.5 6.95 23.5 30.3 1.3 7.15 5.4 6.3 7.7 7.25 7.25 10.55 7.35 7.05 20.05 30.6 30.6 11.7 6.65 30.5 14.2 7.05 30.3 5.8 14.3 30.8 30.9 7.25 9.95 7.15 30.3 6.85 7.45 10.35 7.85 30.1 27.85 3.9 7.35 10.05 30.55 5.75 5.85 5.55 5.55 26.7 4.95
5.4 30.8 5.4 30.7 16 1.2 5.2 16.6 12.3 6.35 5.65 5.95 13.6 6.45 6.55 3.3 6.45 18.3 10.5 7.25 30.4 8.9 6 15.6 13.5 1.4 8.4 6.7 28.5 3.7 6.45 6.45 6.35 3.8 6.45 6.3 6.4 14 7.05 12.35 7.15 7.05 6.85 6.55 7.8 30.4 6.75 6.55 6.85 5.5 1.2 6.5 3.8 13 7.45 9.85 7.35 30.4 27 19.2 30.5 15.05 30.5 17.35 6.75 7.35 7.25 17.45 7.05 7.25 7.25 30.8 7.15 6.85 12.95 7.65 30.05 30.6 7.55 7.45 7.65 12.45 6.05 5.65 5.75 5.55 4.75 4.65 4.65
3 15.6 20 6.15 6.35 5.3 5.3 5.1 30.4 7.4 6.45 6.35 16.6 6.45 6.05 5.95 6.35 6.65 6.95 30.4 30.7 6.75 30.7 21.4 6.5 6.5 11.8 3.7 8.8 6.15 5.95 3.3 5.95 6.25 13.4 30.2 6.45 30.2 10.9 30.3 30.9 6.95 6.65 5.4 6.65 6.85 6.85 6.75 16.4 6.75 4 18.6 6.5 7.05 30.4 30 9.1 11.4 30.2 30.2 30 30.6 30.6 30.7 6.55 6.45 12.25 7.25 6.75 6.85 6.95 7.25 30.4 6.95 6.85 7.65 12.65 7.45 7.75 7.65 7.45 5.85 5.65 4.95 5.15 5.05 4.85 NaN NaN
5.65 15.5 7.8 11.9 25.5 23.5 23.1 27.3 5.85 5.95 5.65 6.35 6.65 26.2 30.3 7.6 7.9 15.1 6.55 30.6 30.2 7.9 30.3 3.8 30.2 7.9 30.7 18.8 11.4 6.05 5.85 25.2 5.95 11.5 3.9 6.05 1.3 5.2 13.3 10.2 8.8 7.8 6.4 6.75 7.7 6.75 16.5 6.95 30.4 3.2 13.3 30.7 30.5 6.85 6.85 6.95 7.65 6.25 6.45 6.95 7.35 12.35 12 30.6 6.55 6.55 30.25 6.95 6.35 6.85 9.75 30.7 6.55 6.65 7.05 7.15 30.1 30.3 21.85 20.15 6.05 6.05 5.15 5.05 4.85 4.95 NaN NaN NaN
6.45 6.15 30.4 11 6.25 5.75 6.25 6.65 6.25 11.2 3 6.05 6.65 7.9 6.65 28.5 30.8 30.5 30.1 11.5 6.75 6.35 30.4 5.9 6.4 3.7 14 9.1 6.4 6.35 6.45 3.8 3.7 1.5 3.6 6.2 6.4 30.2 3.9 3.8 4 5.1 7.8 7.9 30.3 6.45 7.35 7.15 6.85 6.85 9.65 7.55 5.8 7.05 17.3 6.75 7.65 12.55 7.15 7.35 9.85 30.7 7.75 6.65 6.55 6.55 13.05 7.35 6.45 6.15 7.15 6.95 30.4 7.05 6.45 7.55 14.95 30.2 6.25 5.15 5.15 5.25 4.75 NaN NaN NaN NaN NaN NaN
13.5 6.75 6.7 6.65 14.3 5.85 6.25 6.75 5.9 30.8 6.35 6.5 6.25 30.3 3.5 5.9 30.2 30.3 6.2 1.5 4.2 19.5 30.6 6.2 1.5 18.8 30.3 5.8 19.3 9 6.45 1.4 1.2 11.3 3.6 6.2 6.25 6.45 3.1 5.7 3.2 3.1 17.7 3.6 9.7 6.65 11.7 7.35 3.3 1.2 28.9 1.5 30.6 14.55 7.1 6.55 7.35 7.65 14.75 3.4 6.95 7.25 9.85 7.15 6.85 30.45 7.15 7.05 9.7 6.15 30.6 31.1 31.1 6.75 6.55 4.55 6.15 5.25 5.25 5.35 5.05 4.95 NaN NaN NaN NaN NaN NaN NaN
6.95 7.05 6.55 5.2 16.8 5.45 6.65 8.8 8.6 30.7 18.4 16.1 6.45 6.15 8.8 3.8 5.1 6.3 16 30.5 8.4 31.1 30.4 3.3 1 17.9 30.6 30.4 6.2 3.1 13.3 1.2 5.6 16 23.2 16.7 23.4 5.95 30.3 1 3.1 7.2 3 30.4 30.5 6.55 7.15 30.4 8.9 30 3.8 8.9 8.9 30.5 6.85 6.75 7.65 22.6 7.45 6.95 6.4 7.15 6.45 6.45 8.45 30.15 6.95 7.05 7.1 6.25 19.5 31.3 29.8 7.7 30.5 4.75 5.1 5 30.6 NaN NaN NaN NaN NaN NaN NaN NaN NaN NaN
6.85 30.1 30.5 30.6 5.55 6.05 5.55 3.3 6.75 6.75 6.05 8.4 6.15 6.05 21.6 30.4 30.3 7.4 3.6 13.5 6.15 4.1 30.6 13.9 30.6 12.9 6.45 30.3 3.7 3.7 3.2 3 11.1 5.95 5.85 5.1 30.3 30.2 5.8 5 5 12.8 7.7 30.3 30.8 30.7 7.15 6.95 30.2 18.9 7.95 7.95 5.9 30.5 7.05 7.05 6.75 6.65 7.25 30.35 30.05 18.05 6.45 6.65 8.05 30.15 6.95 30.3 7.05 6.35 6.45 6.85 11.7 6.85 6.65 5.4 5.3 5.3 NaN NaN NaN NaN NaN NaN NaN NaN NaN NaN NaN
6.55 7.05 31 11.8 1 5.45 6.35 6.85 8.5 6.25 6.35 5.1 5.95 6.25 6.75 30.1 6.6 3.2 6.45 10.3 8.5 13.3 8 10.9 25.3 15.4 30.5 30.1 17.8 5.7 5.7 5.75 5.95 5.85 1.1 14 30.4 5.6 8.4 5.8 30.3 13 18.7 6.75 11.9 7.15 7.15 7.05 1.2 1.1 30.4 30.4 6.4 30.8 30.4 27.9 6.75 6.55 7.35 9.95 7.85 7.85 8.35 18.05 8.05 7.85 7.75 7.25 22.9 7.05 6.55 7.55 6.85 30.5 5.05 5.5 5.4 4.9 NaN NaN NaN NaN NaN NaN NaN NaN NaN NaN NaN
6.65 25.5 6.55 6.45 6.45 6.45 6.55 6.45 6.65 6.55 6.25 20.4 5.95 5.85 1.3 5.9 3.7 25.7 26.4 11.6 6.3 23.2 6.15 6.65 15.3 1.2 6.65 3.8 6.35 6.25 6.05 3.9 6.2 13.5 3.3 3.3 8.3 30.4 30.3 30.5 3.1 5.8 30.1 6.85 6.85 8.05 6.85 9.75 23.7 1 22.65 7.65 7.85 7.45 30.1 7.3 6.65 9.7 6.55 7.55 22.75 15.4 7.85 30.25 10.55 7.65 15.35 13.25 6.95 7.15 30.6 7.15 5.25 5.15 5.5 5.2 5 NaN NaN NaN NaN NaN NaN NaN NaN NaN NaN NaN NaN
22.2 6.45 6.65 6.25 6.75 6.55 4 6.85 30.5 5.45 6.1 3.2 5.65 NaN 8.9 30.4 30.3 13.3 6.2 3.2 6.3 3.9 3.7 9 5.1 30.4 9.7 30.6 14.7 16.9 6.4 14.2 3.9 8.4 15.9 5.7 25.8 5.7 3.3 10.7 5.7 3.3 18.6 7.05 4.1 8.35 30.3 10.25 3.8 16.2 7.75 7.45 7.35 28.6 30.3 30.5 6.55 6.75 6.55 13.45 10.15 10.25 7.65 7.75 30.15 7.85 7.85 7.95 10.35 7.35 5.75 5.75 5.15 5.25 5.2 5 4.8 NaN NaN NaN NaN NaN NaN NaN NaN NaN NaN NaN NaN
9.65 6.75 6.75 6.45 30.7 31 21.8 7.05 6.35 30.8 22.8 6.05 NaN 5.75 8.5 3.3 25.5 15.9 3.3 1.1 3.6 3.7 15.9 6.55 16.4 30.5 3.7 30.6 9.1 6.45 9 6.55 6.45 1.4 3.3 5.8 11.1 23.1 5.6 7.6 11.6 30.4 8.65 30.6 6.95 30.2 10.95 10.45 3.8 1.2 15.85 8.25 7.45 28.5 10.35 8.35 1.1 1.3 8.25 8.35 8.25 19.2 8.25 8.15 30.8 7.65 10.45 27.75 25.75 5.85 5.1 4.75 5.15 5.1 5.2 5.1 NaN NaN NaN NaN NaN NaN NaN NaN NaN NaN NaN NaN NaN
14.55 6.75 6.75 6.75 30.6 30.7 30.5 6.45 30.7 5.9 12.2 1 NaN NaN NaN 28.4 3.7 3.5 8.3 4 5.7 3.7 19.9 10.2 8.2 6.05 30.8 4.3 6.45 6.2 23.7 6.15 6.35 3.2 3.7 30.5 30.5 8.3 6 19.9 6.95 11.5 16.25 8.55 6.3 15.95 8.25 7.85 7.95 8.25 15.95 8.25 10.85 8.35 21.15 13.25 8.05 18.55 10.95 8.35 7.95 30.5 8.25 8.05 8.35 13.35 8.05 12.85 6.35 5.55 5.65 4.65 5.15 5.2 5.2 5.1 NaN NaN NaN NaN NaN NaN NaN NaN NaN NaN NaN NaN NaN
6.95 6.65 6.85 6.95 30.4 6.45 6.05 30.7 5.85 30.3 8.5 NaN NaN NaN NaN 5.85 5.7 3.3 6.45 24.1 19 30.3 5.9 3.1 7.9 7.1 13.5 6.5 6.4 6.45 21.2 7.8 6.15 30.2 8.5 8.3 30.3 3.2 5.6 8 7.05 11.9 17 8.95 8.65 10.85 7.95 7.75 7.75 7.75 13.35 18.35 18.85 30.65 20.85 13.35 8.45 8.55 8.45 8.05 7.95 7.9 28.45 7.8 10.85 13.45 7.85 5.85 31.2 5.75 4.65 4.95 5 5.2 5.2 5.3 NaN NaN NaN NaN NaN NaN NaN NaN NaN NaN NaN NaN NaN
6.45 6.45 6.45 7.65 6.65 6.25 6.45 5.9 30.6 17.1 6.05 NaN NaN NaN NaN NaN 5.85 6.45 6.75 4 6.6 30.6 30.4 20.3 10.3 10.2 1.3 6.5 30.6 10.5 5.4 11.1 6.45 5.85 6.15 1.3 6.85 6.75 6.95 6.65 7.05 30.2 21 16.9 7.55 30.15 30.1 10.55 7.75 7.75 9.2 8.15 28.95 13.55 30.45 26.15 15.95 8.75 10.85 21.05 7.85 30.5 15.75 15.5 8.05 8.15 10.55 26.8 30.8 4.85 4.75 4.85 5 5.5 5.5 NaN NaN NaN NaN NaN NaN NaN NaN NaN NaN NaN NaN NaN NaN
6.15 5.95 6.05 30.4 6.35 5.85 6.45 10 9.7 5.8 NaN NaN NaN NaN NaN NaN 1.1 3.8 19 30.7 23.5 13.6 30.2 30.3 30.4 12.5 10.8 6.5 13.3 12.6 6.45 30.7 9 6.45 7.3 6.95 1.2 7.05 6.95 7.05 7.05 6.95 8.55 10.75 8.15 7.85 9.65 12.35 12.45 6.95 9.55 30.6 30.6 30.4 8.15 30.15 11.25 13.65 30.35 10.85 7.85 30.6 14.4 8.15 7.95 8.05 5.95 4.55 5.25 4.95 4.85 5.2 5.4 5.4 5.5 NaN NaN NaN NaN NaN NaN NaN NaN NaN NaN NaN NaN NaN NaN
6.45 NaN 6.45 5.55 6.35 6.35 30.5 30.7 30.7 6.75 6.15 NaN NaN NaN NaN NaN 5.95 8.8 8.8 30.4 26.3 9.2 3.2 7.8 5.3 8.7 30.6 6.1 30.6 30.5 6.25 3.9 6.35 6.65 5.95 6.55 14.9 7.05 7.15 30.4 6.35 5.75 29.4 30.2 6.15 6.75 7.25 7.55 14.75 7.15 6.75 7.35 7.25 7.15 16.45 30.4 30.15 20.95 13.65 8.35 10.55 30.7 10.55 30.6 10.55 5.45 3.95 5.15 5.05 5.35 4.85 5.3 5.4 5.4 5.1 NaN NaN NaN NaN NaN NaN NaN NaN NaN NaN NaN NaN NaN NaN
5.75 NaN NaN 5.65 6.05 5.75 6.15 30.5 30.9 30.9 31.1 6.45 NaN NaN NaN NaN 6.05 5.95 30.6 30.6 30.1 30.7 8.5 22.8 15.8 3.2 23.5 30.4 5.6 5.1 5.8 30.4 3.2 6.05 6.35 6.15 5.95 30.7 6.45 6.25 5.95 30.6 6.25 11.7 26.8 6.05 30.5 30.6 22.65 7.15 30.3 7.05 12.35 7.25 9.85 7.65 30.05 30.1 8.45 8.05 30.5 10.55 8.15 30.35 6.15 3.75 4.75 4.95 4.95 4.95 4.9 4.9 5 5.1 5.1 NaN NaN NaN NaN NaN NaN NaN NaN NaN NaN NaN NaN NaN NaN
NaN NaN NaN NaN 6.45 7.05 30.5 30.9 30.2 31 6.85 6.45 9 NaN 3.8 5.1 7.8 30.1 5.8 30.8 30.7 13.4 7.9 3.4 5.7 8.8 6 18.7 17.8 6.55 30.5 8.9 9.7 28.9 6.35 6.25 5.45 5.55 6.15 6.55 6.25 30.6 30.1 22 30.5 6.15 10.15 14.95 30.15 10.45 31 7.25 30.7 6.75 6.75 16.8 7.25 7.75 7.25 30.45 13.25 7.85 10.95 7.75 3.95 4.85 5.15 4.75 4.95 4.95 4.8 5 5 4.8 4.9 NaN NaN NaN NaN NaN NaN NaN NaN NaN NaN NaN NaN NaN NaN
NaN NaN NaN NaN 6.35 6.75 6.45 30.5 7.2 30.6 6.15 6.25 26.7 10.7 5.8 5.75 11 30.5 20.9 3.4 9 30.5 30.3 3.3 3.3 30.3 30.4 6.85 3.3 6.75 6.55 6.1 30.5 6.25 6.35 6.45 6.25 5.65 6.25 7.3 6.35 8 7.7 30.4 6.05 5.85 8.25 7.35 10.25 13.05 7.45 9.75 5.65 6.95 6.95 6.95 7.15 7.15 7.55 7.65 7.45 8.05 30.65 7.25 4.35 5.35 5.05 6.55 6.75 5.05 5.3 5.1 4.9 4.9 NaN NaN NaN NaN NaN NaN NaN NaN NaN NaN NaN NaN NaN NaN NaN
NaN NaN NaN NaN 6.95 6.85 6.45 27 30.4 30.5 31 30.3 30.2 30.6 5.9 6.35 30.5 16.1 5.9 3.6 21 6.15 3.1 8.5 8.5 30.1 6.85 30.5 6.75 6.55 6.35 6.55 6.1 30.8 30.7 5.95 6.05 6.05 5.75 5.55 6.15 24.6 30.4 6.15 30.8 31 5.85 5.85 30.8 6.75 30.2 30.6 5.85 6.95 6.65 6.55 30.4 7.05 9.55 6.95 6.85 7.05 30.35 6.25 6.75 5.05 NaN NaN NaN NaN NaN NaN NaN NaN NaN NaN NaN NaN NaN NaN NaN NaN NaN NaN NaN NaN NaN NaN NaN
NaN NaN NaN NaN 6.15 6.35 30.4 6.65 30.3 6.55 6.35 30.5 13.2 18.4 30.6 6.25 30.7 30.6 30.6 30.6 30.4 6.25 5.8 3.1 5.1 7.9 30.1 7.05 6.45 5.85 6.05 6.05 6.15 30.5 6.15 6.05 5.75 11 5.35 5.45 5.95 30.6 17.4 5.75 15.5 6.35 6.05 30.6 5.75 6.25 5.65 30.3 5.65 5.85 8 5.35 7.05 6.35 7.15 6.75 6.65 6.85 5.45 5.55 5.55 NaN NaN NaN NaN NaN NaN NaN NaN NaN NaN NaN NaN NaN NaN NaN NaN NaN NaN NaN NaN NaN NaN NaN NaN
NaN NaN NaN NaN 6.05 6.25 6.75 6.25 23.2 6.45 6.65 6.65 7.15 30.2 30.5 5.85 6.75 6.65 6.75 6.35 16 5.7 3.2 30.1 10.1 7.8 14.6 6.45 6.65 5.95 6.15 6.35 6.35 5.95 6.15 6.05 6.05 30.6 5.75 5.55 30.3 7.7 17.7 30.2 17.9 30.5 23.2 30.1 6.05 30.4 5.85 30.1 6.25 5.55 5.35 5.65 5.55 30.4 5.45 5.45 5.35 6.15 30.3 5.15 NaN NaN NaN NaN NaN NaN NaN NaN NaN NaN NaN NaN NaN NaN NaN NaN NaN NaN NaN NaN NaN NaN NaN NaN NaN
NaN NaN NaN NaN NaN NaN NaN 6.55 31 6.85 6.55 6.25 6.35 21.9 6.35 5.95 6.75 3.1 6.55 6.45 6.55 30.4 10.8 10.7 30.1 5.1 9.2 6.35 6.35 5.95 6.25 8.7 6.55 30.7 14.3 6.25 6.25 6.05 5.85 5.35 5.55 14.1 5.45 6.05 30.8 30.4 30.2 6.15 19.5 6.45 30.8 5.85 6.15 5.85 6.25 6.45 5.65 31.4 30.3 30.7 30.5 5.95 5.25 NaN NaN NaN NaN NaN NaN NaN NaN NaN NaN NaN NaN NaN NaN NaN NaN NaN NaN NaN NaN NaN NaN NaN NaN NaN NaN
NaN NaN NaN NaN NaN NaN NaN NaN 7.25 14.75 6.85 6.25 30.4 7.05 9.8 5.95 6.35 6.45 6.25 6.15 5.7 30.7 30.6 5.4 3.4 30.4 30.7 11 6.35 6.45 6.05 30.2 6.15 30.6 30.5 6.05 5.65 19.3 1.3 5.65 5.85 5.15 5.35 30.6 23.9 6.55 6.45 6.35 6.45 6.45 30.5 5.95 6.15 27.8 30.5 6.05 9.55 5.95 17.5 30.4 5.1 5.85 31 NaN NaN NaN NaN NaN NaN NaN NaN NaN NaN NaN NaN NaN NaN NaN NaN NaN NaN NaN NaN NaN NaN NaN NaN NaN NaN
NaN NaN NaN NaN NaN NaN NaN 6.25 7.45 9.75 7.05 7.05 6.55 30.5 6.55 5.9 6.15 6.35 6.05 8 29.1 30.6 30.4 30.3 30.2 30.1 30.6 18.4 6.35 6.55 30.3 6.35 6.15 6.75 30.5 30.8 5.95 6.05 10.9 6.15 30.4 6.15 6.55 30.7 6.15 30.9 6.25 6.35 6.25 6.35 6.45 30.6 30.6 6.65 6.15 6.35 15.75 15.25 30.5 15.2 5.95 6.65 NaN NaN NaN NaN NaN NaN NaN NaN NaN NaN NaN NaN NaN NaN NaN NaN NaN NaN NaN NaN NaN NaN NaN NaN NaN NaN NaN
NaN NaN NaN NaN NaN NaN NaN 6.15 6.35 7.35 6.95 12.15 7.25 22.15 6.95 6.65 26.1 6.65 6.85 30.4 30.3 22.3 31.1 5.5 30.6 6.4 11 30.6 30.7 6.85 6.25 30.8 6.05 6.45 6.65 30.4 25.4 30.5 22.6 30.7 6.15 5.65 6.45 5.75 16.8 30.5 30.5 30 6.25 6.45 6.55 6.45 6.65 6.45 6.35 30.5 12.95 7.45 20.05 17.95 30.8 5.75 NaN NaN NaN NaN NaN NaN NaN NaN NaN NaN NaN NaN NaN NaN NaN NaN NaN NaN NaN NaN NaN NaN NaN NaN NaN NaN NaN
NaN NaN NaN NaN NaN NaN NaN NaN NaN NaN 6.55 6.45 NaN 6.45 6.75 6.75 30.6 23.4 30.2 14.3 30.4 30.4 30.1 6.65 15.3 30.8 6.45 24.5 6.25 6.45 6.25 27.5 5.95 6.05 6.35 11.6 30.5 6.05 30.4 5.85 6.15 6.25 5.65 5.85 30.7 30.5 30.5 30.4 30.4 30.2 6.75 6.75 6.55 6.15 6.25 6.45 6.35 22.45 12.95 7.75 30.7 NaN NaN NaN NaN NaN NaN NaN NaN NaN NaN NaN NaN NaN NaN NaN NaN NaN NaN NaN NaN NaN NaN NaN NaN NaN NaN NaN NaN
NaN NaN NaN NaN NaN NaN NaN NaN NaN NaN NaN NaN NaN NaN 6.95 9.65 29.4 5.4 6.85 30.6 6.75 6.45 9.3 27.8 30.6 6.15 5.95 5.95 30.4 30.7 30.65 6.35 6.05 30.9 6.35 6.35 6.75 6.15 30.9 30.1 30.6 30.6 22 6.05 14.1 5.55 6.05 30.8 6.05 5.75 6.55 6.55 5.95 11.6 6.05 6.15 30.4 5.85 17.25 9.85 30.8 NaN NaN NaN NaN NaN NaN NaN NaN NaN NaN NaN NaN NaN NaN NaN NaN NaN NaN NaN NaN NaN NaN NaN NaN NaN NaN NaN NaN
NaN NaN NaN NaN NaN NaN NaN NaN NaN NaN NaN NaN NaN 6.85 30.4 7.45 13 7.05 7.15 5.2 30.5 6.55 6.05 30.6 6.55 6.85 30.4 7.75 30.8 30.4 8.15 9.35 6.75 31.1 6.35 6.45 16.8 6.05 16.9 30.6 6.35 6.05 30.2 6.05 5.85 5.95 6.05 5.85 6.05 6.05 30.4 6.25 6.15 30.5 6.15 5.95 30.4 5.85 7.25 7.25 12.25 NaN NaN NaN NaN NaN NaN NaN NaN NaN NaN NaN NaN NaN NaN NaN NaN NaN NaN NaN NaN NaN NaN NaN NaN NaN NaN NaN NaN
NaN NaN NaN NaN NaN NaN NaN NaN NaN NaN NaN NaN NaN NaN 7.25 6.85 7.8 6.85 6.85 30.3 6.75 6.45 21.8 30.3 30.4 31.1 6.75 15.65 18.05 30.5 9.6 7.85 6.35 30.8 6.15 30.6 6.35 30.7 30.1 15.6 30.6 6.05 6.15 30.4 5.95 5.95 30.9 7.3 6.15 14.3 5.95 6.15 5.65 5.75 6.55 6.15 5.95 5.45 7.25 7.25 NaN NaN NaN NaN NaN NaN NaN NaN NaN NaN NaN NaN NaN NaN NaN NaN NaN NaN NaN NaN NaN NaN NaN NaN NaN NaN NaN NaN NaN
NaN NaN NaN NaN NaN NaN NaN NaN NaN NaN NaN NaN NaN NaN 6.85 9.65 6.95 6.95 7.15 6.95 7.35 7.15 30.4 12 30.9 30.5 5.85 6.15 10.65 26.3 3.5 30.3 6.25 30.6 13 6.35 6.35 25.1 6.05 5.85 11.7 30.7 6.25 30.3 6.15 16.75 29.3 17.4 6.55 5.75 5.45 6.15 5.85 5.85 5.75 6.15 6.05 5.55 NaN NaN NaN NaN NaN NaN NaN NaN NaN NaN NaN NaN NaN NaN NaN NaN NaN NaN NaN NaN NaN NaN NaN NaN NaN NaN NaN NaN NaN NaN NaN
NaN NaN NaN NaN NaN NaN NaN NaN NaN NaN NaN NaN NaN NaN NaN NaN 6.85 6.75 30.3 6.85 6.85 30.45 30.9 16.8 30.5 30.3 30.3 5.95 7.75 15.35 15.75 30.4 7.95 5.95 30.4 6.15 6.55 6.35 30.8 14.4 5.65 6.15 5.75 30.1 30.5 7.75 12.85 7.85 30.4 30.7 30.4 6.15 27.1 5.85 30.7 30.4 NaN NaN NaN NaN NaN NaN NaN NaN NaN NaN NaN NaN NaN NaN NaN NaN NaN NaN NaN NaN NaN NaN NaN NaN NaN NaN NaN NaN NaN NaN NaN NaN NaN
