Outfile_4.asc
NCOLS 201
NROWS 151
XLLCORNER 730592.938286
YLLCORNER 2561222.529137
CELLSIZE 145.176046
NODATA_VALUE NaN
[rows 0 to 32 of 151, columns 74 to 147 of 201]
NaN NaN NaN NaN NaN NaN NaN NaN NaN NaN NaN NaN NaN NaN NaN NaN NaN NaN NaN NaN NaN NaN NaN NaN NaN NaN NaN NaN NaN NaN NaN NaN NaN NaN NaN NaN NaN NaN NaN NaN NaN NaN NaN NaN NaN NaN NaN NaN NaN NaN NaN NaN NaN NaN NaN NaN NaN NaN NaN NaN NaN NaN NaN NaN NaN NaN NaN NaN NaN NaN NaN NaN NaN NaN
NaN NaN NaN NaN NaN NaN NaN NaN NaN NaN NaN NaN NaN NaN NaN NaN NaN NaN NaN NaN NaN NaN NaN NaN NaN NaN NaN NaN NaN NaN NaN NaN NaN NaN NaN NaN NaN NaN NaN NaN NaN NaN NaN NaN NaN NaN NaN NaN NaN NaN NaN NaN NaN NaN NaN NaN NaN NaN NaN NaN NaN NaN NaN NaN NaN NaN NaN NaN NaN NaN NaN NaN NaN NaN
NaN NaN NaN NaN NaN NaN NaN NaN NaN NaN NaN NaN NaN NaN NaN NaN NaN NaN NaN NaN NaN NaN NaN NaN NaN NaN NaN NaN NaN NaN NaN NaN NaN NaN NaN NaN NaN NaN NaN NaN NaN NaN NaN NaN NaN NaN NaN NaN NaN NaN NaN NaN NaN NaN NaN NaN NaN NaN NaN NaN NaN NaN NaN NaN NaN NaN NaN NaN NaN NaN NaN NaN NaN NaN
NaN NaN NaN NaN NaN NaN NaN NaN NaN NaN NaN NaN NaN NaN NaN NaN NaN NaN NaN NaN NaN NaN NaN NaN NaN NaN NaN NaN NaN NaN NaN NaN NaN NaN NaN NaN NaN NaN NaN NaN NaN NaN NaN NaN NaN NaN NaN NaN NaN NaN NaN NaN NaN NaN NaN NaN NaN NaN NaN NaN NaN NaN NaN NaN NaN NaN NaN NaN NaN NaN NaN NaN NaN NaN
NaN NaN NaN NaN NaN NaN NaN NaN NaN NaN NaN NaN NaN NaN NaN NaN NaN NaN NaN NaN NaN NaN NaN NaN NaN NaN NaN NaN NaN NaN NaN NaN NaN NaN NaN NaN NaN NaN NaN NaN NaN NaN NaN NaN NaN NaN NaN NaN NaN NaN NaN NaN NaN NaN NaN NaN NaN NaN NaN NaN NaN NaN NaN NaN NaN NaN NaN NaN NaN NaN NaN NaN NaN NaN
NaN NaN NaN NaN NaN NaN NaN NaN NaN NaN NaN NaN NaN NaN NaN NaN NaN NaN NaN NaN NaN NaN NaN NaN NaN NaN NaN NaN NaN NaN NaN NaN NaN NaN NaN NaN NaN NaN NaN NaN NaN NaN NaN NaN NaN NaN NaN NaN NaN NaN NaN NaN NaN NaN NaN NaN NaN NaN NaN NaN NaN NaN NaN NaN NaN NaN NaN NaN NaN NaN NaN NaN NaN NaN
NaN NaN NaN NaN NaN NaN NaN NaN NaN NaN NaN NaN NaN NaN NaN NaN NaN NaN NaN NaN NaN NaN NaN NaN NaN NaN NaN NaN NaN NaN NaN NaN NaN NaN NaN NaN NaN NaN NaN NaN NaN NaN NaN NaN NaN NaN NaN NaN NaN NaN NaN NaN NaN NaN NaN NaN NaN NaN NaN NaN NaN NaN NaN NaN NaN NaN NaN NaN NaN NaN NaN NaN NaN NaN
NaN NaN NaN NaN NaN NaN NaN NaN NaN NaN NaN NaN NaN NaN NaN NaN NaN NaN NaN NaN NaN NaN NaN NaN NaN NaN NaN NaN NaN NaN NaN NaN NaN NaN NaN NaN NaN NaN NaN NaN NaN NaN NaN NaN NaN NaN NaN NaN NaN NaN NaN NaN NaN NaN NaN NaN NaN NaN NaN NaN NaN NaN NaN NaN NaN NaN NaN NaN NaN NaN NaN NaN NaN NaN
8 NaN NaN NaN NaN NaN NaN NaN NaN NaN NaN NaN NaN NaN NaN NaN NaN NaN 8 7.9 NaN NaN NaN NaN NaN NaN NaN NaN NaN NaN NaN NaN NaN NaN NaN NaN NaN NaN NaN NaN NaN NaN NaN NaN NaN NaN NaN NaN NaN NaN NaN NaN NaN NaN NaN NaN NaN NaN NaN NaN NaN NaN NaN NaN NaN NaN NaN NaN NaN NaN NaN NaN NaN NaN
10.6 NaN NaN NaN NaN NaN NaN NaN NaN NaN NaN NaN NaN NaN NaN NaN NaN 7.9 8.2 7.9 NaN NaN NaN NaN NaN NaN NaN NaN NaN NaN NaN NaN NaN NaN NaN NaN NaN NaN NaN NaN NaN NaN NaN NaN NaN NaN NaN NaN NaN NaN NaN NaN NaN NaN NaN NaN NaN NaN NaN NaN NaN NaN NaN NaN NaN NaN NaN NaN NaN NaN NaN NaN NaN NaN
10.6 NaN NaN NaN NaN NaN NaN NaN NaN NaN NaN NaN NaN NaN NaN 16 8.2 30.3 13.2 8.1 NaN NaN NaN NaN NaN NaN NaN NaN NaN NaN NaN NaN NaN NaN NaN NaN NaN NaN NaN NaN NaN NaN NaN NaN NaN NaN NaN NaN NaN NaN NaN NaN NaN NaN NaN NaN NaN NaN NaN NaN NaN NaN NaN NaN NaN NaN NaN NaN NaN NaN NaN NaN NaN NaN
10.8 NaN NaN NaN NaN NaN NaN NaN NaN NaN NaN NaN NaN 8 10.7 8.2 10.8 10.8 13.3 10.9 8 NaN NaN NaN NaN NaN NaN NaN NaN NaN NaN NaN NaN NaN NaN NaN NaN NaN NaN NaN NaN NaN NaN NaN NaN NaN NaN NaN NaN NaN NaN NaN NaN NaN NaN NaN NaN NaN NaN NaN NaN NaN NaN NaN NaN NaN NaN NaN NaN NaN NaN NaN NaN NaN
8.2 NaN NaN NaN NaN NaN NaN NaN NaN NaN 18.4 8.5 13.1 8.1 8 10.9 8.2 13.1 8.3 7.1 15.4 NaN NaN NaN NaN NaN NaN NaN NaN NaN NaN NaN NaN NaN NaN NaN NaN NaN NaN NaN NaN NaN NaN NaN NaN NaN NaN NaN NaN NaN NaN NaN NaN NaN NaN NaN NaN NaN 7.65 NaN 30.35 NaN NaN NaN NaN NaN NaN NaN NaN NaN NaN NaN NaN NaN
NaN NaN NaN NaN NaN NaN NaN NaN NaN NaN 13.3 30.6 30.6 30.6 18.1 10.9 10.6 8 8.3 8.1 13.3 NaN NaN NaN NaN NaN NaN NaN NaN NaN NaN NaN NaN NaN NaN NaN NaN NaN NaN NaN NaN NaN NaN NaN NaN NaN NaN NaN NaN NaN NaN NaN 7.45 7.55 7.45 7.7 7.45 7.55 30.45 30.05 7.85 7.1 7.65 NaN NaN NaN NaN NaN NaN NaN NaN NaN NaN NaN
NaN NaN NaN NaN NaN NaN NaN NaN NaN 13.4 30.6 13.3 30.6 11.1 30.3 19.9 8.1 8.3 10.8 18.8 8.5 8.7 NaN NaN NaN NaN NaN NaN NaN NaN NaN NaN NaN NaN NaN NaN NaN NaN NaN NaN NaN NaN NaN NaN NaN NaN NaN NaN NaN NaN NaN NaN 10.25 25.35 7.55 10.55 7.65 15.45 8.05 15.9 7.85 7.65 7.55 7.65 NaN NaN NaN NaN NaN NaN NaN NaN NaN NaN
7.8 NaN NaN NaN NaN NaN NaN NaN 8.8 30.5 13.1 8.2 30.3 30.7 20.8 30.4 8.8 18.8 8.4 8.2 25.8 25.5 NaN NaN NaN NaN NaN NaN NaN NaN NaN NaN NaN NaN NaN NaN NaN NaN NaN NaN NaN NaN NaN NaN NaN NaN NaN NaN NaN NaN NaN 8.2 8 6.3 30.2 11.1 8.2 8.4 10.8 30.5 28.05 30.4 12.55 10.15 NaN NaN NaN NaN NaN NaN NaN NaN NaN NaN
7.9 NaN NaN NaN NaN NaN 8.2 25.6 30.4 30.7 6.6 30.5 10.3 17.9 27.9 10.6 26.6 7.9 7.8 30.7 8 8.3 10.5 NaN NaN NaN NaN NaN NaN 8.1 NaN NaN NaN NaN NaN NaN NaN NaN NaN NaN NaN NaN NaN NaN NaN NaN NaN NaN NaN NaN NaN 8.3 13.4 21 8.3 8.2 30.4 10.9 13.2 7.95 7.75 20.65 7.65 10.15 7.75 NaN NaN NaN NaN NaN NaN NaN NaN NaN
10.5 30.5 NaN NaN 4 11.9 6.5 4 21.9 21.7 4 25.2 13 7.9 7.8 13 8 7.9 12.9 7.7 4.1 18.7 13.3 NaN NaN NaN NaN NaN NaN 30.2166666667 13.5 30.4 NaN NaN NaN NaN NaN NaN NaN NaN NaN NaN NaN NaN NaN NaN NaN NaN NaN NaN NaN 10.9 30.6 8.4 23.8 10.9 30.8 30.4 28.6 16.1 17.85 12.6618913743 7.65 7.55 7.75 NaN NaN NaN NaN NaN NaN NaN NaN NaN
8.1 12.9 8 13.6 7.7 8 7.8 30.6 7.9 13.2 30.5 30.6 10.4 7.9 10.4 7.4 7.6 8 12.8 10.3 7.5 30.1 30.6 30.9 30.1 NaN NaN NaN NaN 30.9703703704 30.1333333333 31 28.6 30.4 8.3 13.2 6.4 NaN NaN NaN NaN NaN NaN NaN NaN NaN NaN NaN NaN NaN NaN NaN 30.2 30.5 30.9 17.1 30.4 8.2 10.6 8.2 8.1 22.85 7.55 30.678511354 10.05 7.45 NaN NaN NaN NaN NaN NaN NaN NaN
27.8 30.1 30.3 18.2 12.5 7.4 7.9 23.5 30.5 13.5 30.2 27.9 7.8 10.2 10.6 7.7 7.5 12.6 7.6 12.6 10.2 10.4 7.8 8.3 30.8 10.9 8 30.3 8.2 30.5 30.3 21 30.2 15.8 8.3 7.9 6.5 7.8 10.6 NaN NaN NaN NaN NaN NaN NaN NaN NaN NaN NaN NaN 8.3 8.4 30.9 30.5 8.6 11.3 13.7 30.6257618163 18.2 30.4 10.8 7.65 7.55 10.6540925512 NaN NaN NaN NaN NaN NaN NaN NaN NaN
7.9 7.8 7.8 26.6 7.5 10.6 10.9 30.2 10.7 7.8 7.6 7.5 7.8 7.6 8.3 30.5 10.1 7.4 7.4 30.4 7.8 8.2 17.9 11 20.6 8.2 8.2 15.7 7.9 13.1 16.2 8.5 30.4 10.9 10.8 22.9 7.6 3.6 10.6 13.5 14.3 7.5 NaN NaN NaN NaN NaN 7.8 NaN 25.6 8 23.6 18.2 8.2 30.2 30.7 25.8 13.5 8.5 20.7 10.8 10.65 8.05 7.85 NaN NaN NaN NaN NaN NaN NaN NaN NaN NaN
7.5 12.1 17.2 3.7 7.5 30.2 30.9 30 7.7 7.7 7.8 7.8 10.1 7.6 12.5 7.6 25 7.8 7.6 30.6 10.5 7.7 10.6 7.5 8.1 8.2 8.2 30.3 7.7 10.4 30.7666666667 10.4 6.7333333333 4.2703703704 30.7 31.1 13 19.9 8.1 7.9 7.6 7.6 7.5 7.3 7.3 7.3 7.7 15.5 10.6 20.4 30.9 10.6 7.7 10.5 21 8.2 13.1 8.6 10.5 8.4 8.05 7.85 8.25 10.55 8.15 7.85 NaN NaN NaN NaN NaN NaN NaN NaN
7.3 9.9 7.2 7 20.9 15.9 22.7 12.6 10.6 13.1 10.9 8 7.6 10.2 10.1 30.3 30.3 7.4 19.9 13.6 30.4 13.1 30.2 12.4 10.3 8.2 8 9.8 7.4 30.2513641714 24.7666666667 13 29.0333333333 12.7 8 8 30.4 10.6 10.3 7.7 7.2 22.6 7.2 3.6 1.2 3.6 3.9 23.4 30.5 21.1 13.1 8.1 8 10.1289342698 13.5 30.4384487607 15.7 30.6 21.4 7.95 7.85 8.05 10.45 7.75 7.75 10.35 30.85 15.15 23.35 30.55 30.05 30.6 7.95 7.85
30.3 7.7 9.7 6.9 6.9 6.7 7.7 12.5 12.6 12.9 7.9 30.2 8.3 7.8 20.1 10.2 20 17.8 17.4 14.9 15.4 30.6 7.8 7.2 7 7.4 7.2 6.9 7.3380952381 30.2703703704 7.3 30.7 8.1 30.3513641714 7.5 3.3 7.4 7.3 30.7 30.6 30.3 6.3 30.4 7.9 8.9 12.8 9.1 8 8 23.4 13 8.7002805931 8 13.2 30.5 7.9 22.8540925512 10.65 30.65 15.55 7.95 10.85 8.05 18.15 20.55 30.35 30.15 12.55 7.95 10.75 30.55 13.05 7.75 13.25
10.2 6.8 14.8 7.1 7 6.7 10 7.6 7.4 30.1 12.7 7.6 15.4 25.1 10.3 7.7 9.2 7.8 30.3 30.6 30.3 7.7 10.2 30.2 7.5 7.5 13.9 4.3 9.8 7.5 12.8 10.2 30.1 30.3333333333 17.8 7.6 10.3 1.3 8.1 30.9 30.8 2.1579244652 12.0489137706 7.8 1.3129588438 1.1 1.2 7.5 7.1 12.3 10 12.7 13.1 7.5 2.6245006541 30.65 30.9333333333 8.35 31.01898463 30.05 7.75 30.45 30.75 10.35 8.15 17.85 7.45 7.35 7.65 13.35 13.35 8.35 7.85 8.05
7.3 7.4 7.1 6.9 7.3 5.6 6.4 NaN 17.2 3.7 6.2 3.7 20.3 10.3 8 17.6 7.8 12.9 12.6 10 7.3 29.9 7.3 10.873998276 14.0777777778 10 6.7777777778 11.0777777778 7.6 7.8 7.7 10.1 7.7 30.3 7.9 3.5564102564 30.7 28 18.1 10.7 18.4 10.7 30.3685127644 30.6991289 16.898142394 8.1 8.2 7.5 30.7 30.4 7.9 30.4 8 30.7540925512 6.85 7.95 27.75 30.55 7.85 7.85 30.75 30.05 8.25 8.05 10.25 7.65 7.75 15.05 15.55 7.65 10.35 10.65 7.85 7.75
3.9079276146 7.2 6.9 7 6.5 6.9 NaN 9.8 NaN 7 3.9222222222 9.1289342698 10.1 7.4 10.1 1.473998276 7.6 30.603030303 12.6 7.2 7.5 30.2 10 7.5 30.6761904762 12.7 10.2761904762 3.8761904762 30.4945644158 30.4708182626 8.397178591 12.6 30.4 8.1617382165 17.8166666667 7.0166666667 10.5714045971 7.6 30.6 7.8 5.0430664066 25.4120225406 30.4047379305 30.5904286252 30.4211282852 2.1901371761 30.3094922192 7.9 11.2289342698 7.7 7.5 23 12.7 4.5333333333 7.05 17.55 10.15 7.75 10.75 8.9032369137 7.95 12.95 30.65 8.15 7.95 10.45 30.5 25.55 30.6 7.45 7.85 18.05 7.85 7.55
7.2 7.1 6.5 6.8 7.2 6.9 12.2 6.8 NaN 10 30.603030303 7.6 17.7333333333 6.7333333333 7.9 8 20.3 7.8 30.4270461645 7.5 7.4 30.4453558739 10 12.6 11.3111111111 18.6111111111 30.1111111111 30.6111111111 9.3609550211 30.3012482872 30.9777777778 30.1874258846 30.3080151505 28.22568603 25.4380983798 30.1333333333 30.1540925512 9.1111111111 8.1 25.8 8.1 13.4 10.5 30.8273928005 30.2921877893 25.0666666667 12.9622501134 10.3 10.7 15.9 30.4156866083 7.6 7.6 7.15 7.05 30.55 7.95 30.15 23.15 7.85 8.05 30.6 8.45 8.25 7.65 7.75 8.15 30.35 10.35 7.65 7.85 7.65 7.95 7.55
7 30.6 7.5 7.5 7.1 7.3 7.1 7.4 7 30.4555555556 7 10.1 10.4 20.5666666667 17.6333333333 7.9 15.3111111111 7.8 7.5 30.5333333333 7.2 1.6 7.5 20.1 30.4666666667 14.4666666667 30.6666666667 13.8666666667 30.3200953027 12.2708927697 30.3120225406 30.4240453033 14.0840685946 30.8314757273 30.840057876 9.8333333333 6.7 12.5 12.2 7.1 9.9825157082 9.6 15.3 7.9 4.6575575791 7.1333333333 30.478511354 25.3 30.347996552 30.5585207206 30.1982350545 10.5 7.4993623108 12.35 14.95 12.75 9.4032369137 7.95 7.65 7.65 7.2 6.6 30.6 28.35 30.55 22.95 30.15 10.75 8.15 30.9 30.35 30.25 8.45 30.5
2.79071197 30.4 12.6 9.8 6.7 10.1666666667 7.1 6.9 6.9 30.3333333333 16.0333333333 7.3 7.6 30.6 8.1 10 23.5666666667 7.3 7.7 22.8 30.3 7.5 10 30.2555555556 30.4761904762 10.1761904762 30.2761904762 30.4761904762 30.9019522925 30.4897640738 30.0245602819 30.1047379305 7 30.2112105808 30.3555555556 14.8 7.3 7.4 7.3 6.3523689097 16.7536979496 6.8 7.2 12.4100148419 7.6 30.2245006541 5.7666666667 6.2 7.9 10.7 30.1159705015 10.838708522 6.95 30.95 30.4237619586 8.15 7.85 13.05 30.65 8.05 30.5 30.4 30.6 30.55 15.75 30.65 13.25 8.05 12.95 13.05 10.75 7.75 30.8 NaN
23.0666666667 12.9111111111 9.7 14.7111111111 6.7 4.4111111111 6.8 30.1111111111 30.3245006541 6.9 30.1333333333 9.6 18.1084518793 30.9 10 25 30.4761904762 12.5 12.8 10.6 30.8681050248 7.5 6.2094922192 14.8 7.5 12.4777777778 20.0777777778 30.0777777778 30.6777777778 30.1617382165 6.9958969948 8.6351191813 6.421584533 8.917305074 9.303030303 7.1 30.7 7.1 7.4 3.703030303 6.6797798013 12.3714285714 7.4 30.0137297639 30.1268601941 30.1134491708 30.4270461645 30.1453558739 7.9 30.2 10.5786892072 7.59071197 7.6127204931 30.35 7.55 7.95 30.2 30.5 8.05 7.95 7.45 30.35 19.7 30.6 30.45 25.95 28.25 20.85 5.8 20.65 8.35 10.55 15.25 7.65
6.9 6.6 6.7 12.2166666667 6 17.1166666667 6.2 7 7.2 7.1 6.7 7 7.5 7.5 30.7 22.6 22.0847858837 7.9 7.7 8.1 7.5 7.5 27.6147188482 3.8083333333 25.1021130107 12.2 8.2 9.8 15.6694840324 10.2 15.4 6.6412609479 30.3555555556 6.303030303 3.5083333333 30.5083333333 30.1083333333 7.2 7.2 5.9777777778 8.7761904762 7.3 7.4 15.1 30.2777777778 12.5635231517 17.6094922192 23.4 8.4 26.9568038428 7.6 7.55 4.8302373727 9.95 16.0253443262 8.05 8.05 7.95 25.65 7.75 18.15 7.75 10.45 10.55 30.35 8.15 20.55 8.05 10.65 8.25 30.35 7.65 18 17.95
7.4 6.6 6.3 6.6 6 6.1 6.1 6.9 6.9 6.7 7.1 7.3 17.5 30.4 7.7 30.7 1.3021130107 7.3 7.8 30.3 7.6 19.7 30.4 17.4 7.3 9.9 5.3 15.2 5.2777777778 5.4761904762 10.3 7.2 3.9969040394 30.3923526966 14.5047650464 30.4 7.3 7.5618913743 1.4333333333 6.3134491708 7.2 10.0666666667 17.3111111111 10 7.3777777778 30.1 30.2222222222 8.4094922192 6.3389532194 30.1853397564 30.5297003671 17.25 7.05 7.35 12.35 7.85 30.15 17.4 8.05 8.05 7.95 7.95 7.85 25.35 7.95 7.85 15.75 8.15 7.85 10.55 30.45 8.05 7.65 10.25
