Outfile_2.asc
NCOLS 201
NROWS 151
XLLCORNER 730592.938286
YLLCORNER 2561222.529137
CELLSIZE 145.176046
NODATA_VALUE NaN
[rows 33 to 65 of 151, columns 0 to 74 of 201]
NaN NaN NaN NaN NaN NaN NaN NaN NaN NaN NaN NaN NaN NaN NaN NaN NaN NaN NaN NaN NaN NaN NaN NaN NaN NaN NaN NaN NaN NaN NaN NaN NaN NaN NaN NaN NaN NaN NaN NaN NaN NaN NaN NaN 7.7 8 11.1 14.7 11.9 8.05 10.6 13.1 7.2 7.15 8.05 7.8 8.35 9.9 16.0118913743 18.2115508071 6.4205792798 7.928511354 6.05 7.9 7.95 8 8.3 10.8 7.7 7.95 6.4661994504 5.6163880718 7.35 6.3660289775 6.65
NaN NaN NaN NaN NaN NaN NaN NaN NaN NaN NaN NaN NaN NaN NaN NaN NaN NaN NaN NaN NaN NaN NaN NaN NaN NaN NaN NaN NaN NaN NaN NaN NaN NaN NaN NaN NaN NaN NaN NaN NaN NaN NaN 8.55 8.95 8.85 9.6 8.05 7.2 7.6 9.9 7.3 7 7.05 8 12.45 8.3 15.85 8.4 8.9 7.25 6.2270461645 8.278511354 2.1 20.2073333333 20.1253333333 19.2017072729 8.3 9.55 8.9 7.2 7.1 6.9 6.0722222222 6.7
NaN NaN NaN NaN NaN NaN NaN NaN NaN NaN NaN NaN NaN NaN NaN NaN NaN NaN NaN NaN NaN NaN NaN NaN NaN NaN NaN NaN NaN NaN NaN NaN NaN NaN NaN NaN NaN NaN NaN NaN NaN NaN NaN 8.05 4.9 9.85 5.25 1.85 1.65 1.95 12.05 7.05 6.95 7 10.65 7.5 8.75 19.905 7.75 6.214274771 7.75 7.65 13.3205792798 19.8540925512 11.6 7.95 8.05 14.35 9.2 7.8 15.7327842464 5.347996552 10.2517858479 16.3717300308 6.5
NaN NaN NaN NaN NaN NaN NaN NaN NaN NaN NaN NaN NaN NaN NaN NaN NaN NaN NaN NaN NaN NaN NaN NaN NaN NaN NaN NaN NaN NaN NaN NaN NaN NaN NaN NaN NaN NaN NaN NaN NaN NaN NaN 5.45 5.85 4.8 5.25 2.15 1.45 13.2 8 9.1 8.9 7.75 8.75 8.65 7.8 18.6 12 5.9 7.6 7.1 7.55 6.3634491708 7.2 7.6 5.6384487607 5.6726779369 8.4 5.2833333333 13.15 8.2 6.3660289775 15.25 9.4
NaN NaN NaN NaN NaN NaN NaN NaN NaN NaN NaN NaN NaN NaN NaN NaN NaN NaN NaN NaN NaN NaN NaN NaN NaN NaN NaN NaN NaN NaN NaN NaN NaN NaN NaN NaN NaN NaN NaN NaN NaN NaN NaN 4.4 8.15 1.85 10.75 1.85 2.35 2.25 9.1 9.95 14.7 11.85 7.1 20.013 8.2 5.2 7.3 6.05 7.8 4.85 5.1328101159 7.95 6.3556550252 7.1 7.6 9.25 8.5 9.4 9.7 8.05 9.4 13.85 5.1
NaN NaN NaN NaN NaN NaN NaN NaN NaN NaN NaN NaN NaN NaN NaN NaN NaN NaN NaN NaN NaN NaN NaN NaN NaN NaN NaN NaN NaN NaN NaN NaN NaN NaN NaN NaN NaN NaN NaN NaN NaN NaN NaN NaN 5.1 4.7 2.1 8.05 7.55 10.3 7.4 18.25 9.6 10.9 7.9 5.15 20.009 20.124 5.25 5.15 5.35 5.15 5.95 2.15 1.95 7.35 10.55 5.7453558739 9.45 2.8584518793 9.9634491708 9.7 7.3 7.95 8.95
NaN NaN NaN NaN NaN NaN NaN NaN NaN NaN NaN NaN NaN NaN NaN NaN NaN NaN NaN NaN NaN NaN NaN NaN NaN NaN NaN NaN NaN NaN NaN NaN NaN NaN NaN NaN NaN NaN NaN NaN NaN NaN 6.9 8.3 7.25 7.1 2.1 12.55 2.15 8.5 10.05 8.25 9.25 20.094 12.4 8.05 5.15 17 14.25 8.25 8.15 2 2.15 1.9 5.1 8 7.05 6.75 6.85 11.5 7.35 8.65 11.2618913743 9.05 8.6
NaN NaN NaN NaN NaN NaN NaN NaN NaN NaN NaN NaN NaN NaN NaN NaN NaN NaN NaN NaN NaN NaN NaN NaN NaN NaN NaN NaN NaN NaN NaN NaN NaN NaN NaN NaN NaN NaN NaN NaN 1.5 4.55 5.15 2.3 4.9 7.2 14.85 7.65 8.95 2.25 15.1 8.55 12.35 13.25 4.85 9.4 2.3 7.3 7.15 1.85 2.05 7.95 5.25 19.915 7 6.95 6.85 6.5 6.65 6.95 7.65 8.45 8 15.6768182948 5.314274771
NaN NaN NaN NaN NaN NaN NaN NaN NaN NaN NaN NaN NaN NaN NaN NaN NaN NaN NaN NaN NaN NaN NaN NaN NaN NaN NaN NaN NaN NaN NaN NaN NaN NaN NaN NaN NaN NaN NaN 11.25 5.1 6.45 4.85 5.3 6.1 7.3 2.2 7 19.97 8.35 13.65 5.4 11.65 6.1 11.75 8.1 11 5.15 1.95 1.85 5.45 5.7 6.95 6.95 6.35 6.35 6.5 6.5 6.4 17.5856743286 7.25 7.15 13.7205792798 9 7.15
NaN NaN NaN NaN NaN NaN NaN NaN NaN NaN NaN NaN NaN NaN NaN NaN NaN NaN NaN NaN NaN NaN NaN NaN NaN NaN NaN NaN NaN NaN NaN NaN NaN NaN NaN NaN NaN NaN NaN 7.95 7.7 5 6.85 7.2 4.95 5.35 6.75 6.85 8.2 8 7.05 8.4 4.9 8.8 12.5 16.5 17.35 2.2 5 6.5 4.85 5.3 6.9 6.65 10.85 15.2 6.4 6.45 6.5 6.7 9.2 9.55 6.328511354 5.5392557464 8.95
NaN NaN NaN NaN NaN NaN NaN NaN NaN NaN NaN NaN NaN NaN NaN NaN NaN NaN NaN NaN NaN NaN NaN NaN NaN NaN NaN NaN NaN NaN NaN NaN NaN NaN NaN NaN NaN NaN NaN 11.6 19.959 7.75 7.3 8 6.65 5.85 4.6 6.9 7 7.2 13.3 6.4 6.7 9.95 14.65 4.9 19.954 5.25 6.25 4.4 5.65 5.9 6.85 6.5 6.7 5.05 6.45 5.05 6.3 6.65 19.4767895821 19.4356743286 19.9593333333 6.95 6.7392557464
NaN NaN NaN NaN NaN NaN NaN NaN NaN NaN NaN NaN NaN NaN NaN NaN NaN NaN NaN NaN NaN NaN NaN NaN NaN NaN NaN NaN NaN NaN NaN NaN NaN NaN NaN NaN NaN NaN 9.15 9.35 10.25 9.75 10.85 7.25 7.2 8.8 8.2 8.2 8.35 8.65 8.4 8.05 5.15 8.05 7.05 5 7.75 9.5 7.65 6.6 4.7 6.95 5.45 4.8 6.45 6.35 6.7 6.6 6.65 6.15 13.6446277864 17.2767895821 14.4856743286 6.65 7.7
NaN NaN NaN NaN NaN NaN NaN NaN NaN NaN NaN NaN NaN NaN NaN NaN NaN NaN NaN NaN NaN NaN NaN NaN NaN NaN NaN NaN NaN NaN NaN NaN NaN NaN NaN NaN NaN NaN 8.75 12.85 8.8 10.35 9.35 8.2 7.85 11.15 7.15 9.4 7.35 7.45 8.1 7.6 8.05 7.85 7.95 8 8 5.4 4.7 5.9 6.95 16.1 6.25 6.7 6.35 6.6 19.947 6.3 4.9 6.8 7.85 7 6.55 5.2666666667 20.0120224301
NaN NaN NaN NaN NaN NaN NaN NaN NaN NaN NaN NaN NaN NaN NaN NaN NaN NaN NaN NaN NaN NaN NaN NaN NaN NaN NaN NaN NaN NaN NaN NaN NaN NaN NaN NaN NaN NaN 15.8 17.45 13.65 9.05 10.25 16.9 12.35 7.85 7.65 6.1 7.45 8.6 9.7 7.75 11.65 5.1 4.85 5.15 5.1 10.6 6.45 20.009 17.1 7.7 14.45 13.4 8.95 5.95 6.05 6.25 7.75 7.35 7.15 14.7742242458 12.4946277864 20.0048371643 20.05198463
NaN NaN NaN NaN NaN NaN NaN NaN NaN NaN NaN NaN NaN NaN NaN NaN NaN NaN NaN NaN NaN NaN NaN NaN NaN NaN NaN NaN NaN NaN NaN NaN NaN NaN NaN NaN NaN NaN 10.7 10.85 10.75 14.35 8.45 12.55 13.45 9 7.35 8.55 16.3 7.5 7.4 7.35 11.5 5.05 7.1 5.4 6.45 6.75 19.975 16.95 1.95 10.95 6.35 5 5.05 11.1 6.9 8.55 7.2 8.6 11.3583333333 16.3083333333 19.485702243 20.0003526966 14.0928371643
NaN NaN NaN NaN NaN NaN NaN NaN NaN NaN NaN NaN NaN NaN NaN NaN NaN NaN NaN NaN NaN NaN NaN NaN NaN NaN NaN NaN NaN NaN NaN NaN NaN NaN NaN NaN NaN NaN 9.9 19.97 12.65 20.071 10.05 8.9 18.9 4.95 8.5 8 8.4 8.85 7.9 15.6 7.35 7.85 8 7.35 5 6.55 5.15 5.7 6.1 5.3 4.6521130107 6.3 6.8 6.9 6.9 5.5277777778 8.8 7.7 19.103030303 11.053030303 9.603030303 7.2 7
NaN NaN NaN NaN NaN NaN NaN NaN NaN NaN NaN NaN NaN NaN NaN NaN NaN NaN NaN NaN NaN NaN NaN NaN NaN NaN NaN NaN NaN NaN NaN NaN NaN NaN NaN NaN NaN 8.5 10.9 7.9 11.55 12.05 10.65 9.25 8.9 10.9 5.75 8.1 20.059 20.023 20.021 8.1 7.75 7.3 7.8 2.1 9.65 6.75 6.75 6.1688440482 5.635702243 4.9064102564 5.1347858837 6.45 6.85 5.4166666667 7.4 5.5261904762 11.05 9.9 14.9 7.65 8.45 7.9 17.9761904762
NaN NaN NaN NaN NaN NaN NaN NaN NaN NaN NaN NaN NaN NaN NaN NaN NaN NaN NaN NaN NaN NaN NaN NaN NaN NaN NaN NaN NaN NaN NaN NaN NaN NaN NaN NaN 8.05 4.9 17.75 11.8 19.901 10.15 14.8 18.45 7.75 10.25 18.5 11.1 5.35 11.7 7.95 15 7.2 7 5.2147188482 7 6.45 5.9 2.5347858837 2.4692754236 6.25 6.25 6.5 6.25 17.6084518793 8.25 9 16.5 10.55 8.6 7.25 8.3833333333 8.7833333333 12.4070224301 9.55
NaN NaN NaN NaN NaN NaN NaN NaN NaN NaN NaN NaN NaN NaN NaN NaN NaN NaN NaN NaN NaN NaN NaN NaN NaN NaN NaN NaN NaN NaN NaN NaN NaN NaN NaN 7.85 8.6 10.15 13.05 9.5 11.35 19.65 10.8 11.35 9.4 11.7 9.3 14.25 10.4 8.15 11.7 9.65 6.85 5.8 5.3594922192 2.4384487607 2.7226779369 2.4166666667 3.0261904762 2.5216618094 6.4453558739 7.0540925512 8.1666666667 20.1703333333 9.75 10.95 19.995 6.94071197 NaN NaN 8.25 9.65 16.6833333333 9.75 10.8
NaN NaN NaN NaN NaN NaN NaN NaN NaN NaN NaN NaN NaN NaN NaN NaN NaN NaN NaN NaN NaN NaN NaN NaN NaN NaN NaN NaN NaN NaN NaN NaN NaN NaN NaN 9.65 10.65 4.95 8.6 9 10.85 8.4 13.5 5.5079276146 15.45 17.35 9.05 9.95 19.912 5.5268601941 12.9 2.7901371761 10.35 5.2761904762 6.7555555556 6.9166666667 6.2333333333 6.2111111111 3.4666666667 5.1833333333 9.95 18.4333333333 7.89071197 6.8 7.4 11.3 8.1 7.55 NaN NaN NaN NaN 11.8 6.2166666667 15.15
NaN NaN NaN NaN NaN NaN NaN NaN NaN NaN NaN NaN NaN NaN NaN NaN NaN NaN NaN NaN NaN NaN NaN NaN NaN NaN NaN NaN NaN NaN NaN NaN NaN NaN NaN 8.8 8.8 8.1 13.95 9.5 5.6108185325 12.0399385949 15.2 5.5517858479 19.9686790289 5.9681050248 5.6134491708 2.4078685395 12.85 2.61898463 5.5666666667 20.1713333333 8.75 17.0166666667 19.9753333333 2.65 5.7333333333 4.1166666667 3.69071197 3.6245006541 2.9453558739 6.7555555556 13.0714045971 6.6 7.65 10.75 13.6 8 NaN NaN NaN NaN 1.5450715499 5.0064102564 9.95
NaN NaN NaN NaN NaN NaN NaN NaN NaN NaN NaN NaN NaN NaN NaN NaN NaN NaN NaN NaN NaN NaN NaN NaN NaN NaN NaN NaN NaN NaN NaN NaN NaN NaN NaN NaN 19.954 16.4 20.013 20.1280715499 5.5258686137 14.2 19.9442261031 14.3 9.55 11.15 2.6084518793 5.9745006541 20.169511354 19.913 19.45 10.05 19.917 7.0666666667 3.578511354 5.8245006541 2.6453558739 2.56898463 2.597996552 2.9578685395 2.4042261031 6.4384487607 8.8517858479 10.5 4.99984391 11.15 18.95 18.95 NaN NaN NaN NaN NaN NaN NaN
NaN NaN NaN NaN NaN NaN NaN NaN NaN NaN NaN NaN NaN NaN NaN NaN NaN NaN NaN NaN NaN NaN NaN NaN NaN NaN NaN NaN NaN NaN NaN NaN NaN NaN NaN NaN NaN 16.2135231517 19.9834922192 10.4726779369 19.9516880965 20.1266618094 8.3745006541 13.15 9.55 19.9493333333 8.9 8.7 10.95 15.1 9.45 NaN NaN 7.9 7.35 13.6042261031 2.3115508071 5.2268601941 2.2017858479 6.973998276 2.203428636 2.3289342698 7.9108185325 13.8 9.85 12.3 19.982 16.75 8.4 NaN NaN NaN NaN NaN NaN
NaN NaN NaN NaN NaN NaN NaN NaN NaN NaN NaN NaN NaN NaN NaN NaN NaN NaN NaN NaN NaN NaN NaN NaN NaN NaN NaN NaN NaN NaN NaN NaN NaN NaN NaN NaN NaN NaN 12.1 11.6953558739 20.003 19.963 15.7 20.226 6.4611111111 7.8 15.1 20.1985555556 19.958 13.25 NaN NaN NaN NaN 7.7 12.253428636 5.535702243 5.4702728564 6.7079276146 2.5 15.7 6.1 9.1 11.15 16.85 17.6 9.4 9.6 NaN NaN NaN NaN NaN NaN 8.15
NaN NaN NaN NaN NaN NaN NaN NaN NaN NaN NaN NaN NaN NaN NaN NaN NaN NaN NaN NaN NaN NaN NaN NaN NaN NaN NaN NaN NaN NaN NaN NaN NaN NaN NaN NaN NaN NaN NaN 20.078 20.075 7.95 18.95 10.3 7.95 10.25 12.15 20.1764922192 20.004 15.45 NaN NaN NaN NaN NaN 7.3 9.3 10.25 4.95 5.25 10.5 14.5 6.3 4.95 8.7 11.15 12.55 7.85 NaN NaN NaN NaN NaN NaN 8.55
NaN NaN NaN NaN NaN NaN NaN NaN NaN NaN NaN NaN NaN NaN NaN NaN NaN NaN NaN NaN NaN NaN NaN NaN NaN NaN NaN NaN NaN NaN NaN NaN NaN NaN NaN NaN NaN NaN NaN NaN 11.7 19.959 20.057 18.2 12.1 9.65 11.1 17.6 10.5 11.15 NaN NaN NaN NaN NaN 7.4 8.4 8.6 6.05 17.95 4.95 18.6 9.15 9.3 8.45 8.1 11.95 NaN NaN NaN NaN NaN NaN NaN NaN
NaN NaN NaN NaN NaN NaN NaN NaN NaN NaN NaN NaN NaN NaN NaN NaN NaN NaN NaN NaN NaN NaN NaN NaN NaN NaN NaN NaN NaN NaN NaN NaN NaN NaN NaN NaN NaN NaN NaN NaN NaN 11.85 20.012 NaN NaN 15.25 9.15 17.55 20.032 NaN NaN NaN NaN NaN NaN 6.85 NaN 8.35 5.85 8 10 7.45 NaN 7.05 8 9.15 8.9 NaN NaN NaN NaN NaN NaN NaN NaN
NaN NaN NaN NaN NaN NaN NaN NaN NaN NaN NaN NaN NaN NaN NaN NaN NaN NaN NaN NaN NaN NaN NaN NaN NaN NaN NaN NaN NaN NaN NaN NaN NaN NaN NaN NaN NaN NaN NaN NaN NaN NaN NaN NaN NaN 10.1 8.05 20.038 19.918 NaN NaN NaN NaN NaN NaN NaN NaN 7.15 7.85 7.45 7.55 NaN NaN NaN NaN 7.75 8.6 NaN NaN NaN NaN NaN NaN NaN NaN
NaN NaN NaN NaN NaN NaN NaN NaN NaN NaN NaN NaN NaN NaN NaN NaN NaN NaN NaN NaN NaN NaN NaN NaN NaN NaN NaN NaN NaN NaN NaN NaN NaN NaN NaN NaN NaN NaN NaN NaN NaN NaN NaN NaN NaN NaN 9.3 NaN NaN NaN NaN NaN NaN NaN NaN NaN NaN NaN NaN NaN NaN NaN NaN NaN NaN 6.9 NaN NaN NaN NaN NaN NaN NaN NaN NaN
NaN NaN NaN NaN NaN NaN NaN NaN NaN NaN NaN NaN NaN NaN NaN NaN NaN NaN NaN NaN NaN NaN NaN NaN NaN NaN NaN NaN NaN NaN NaN NaN NaN NaN NaN NaN NaN NaN NaN NaN NaN NaN NaN NaN NaN NaN NaN NaN NaN NaN NaN NaN NaN NaN NaN NaN NaN NaN NaN NaN NaN NaN NaN NaN NaN 6.7 NaN NaN NaN NaN NaN NaN NaN NaN NaN
NaN NaN NaN NaN NaN NaN NaN NaN NaN NaN NaN NaN NaN NaN NaN NaN NaN NaN NaN NaN NaN NaN NaN NaN NaN NaN NaN NaN NaN NaN NaN NaN NaN NaN NaN NaN NaN NaN NaN NaN NaN NaN NaN NaN NaN NaN NaN NaN NaN NaN NaN NaN NaN NaN NaN NaN NaN NaN NaN NaN NaN NaN NaN NaN NaN NaN NaN NaN NaN NaN NaN NaN NaN NaN NaN
NaN NaN NaN NaN NaN NaN NaN NaN NaN NaN NaN NaN NaN NaN NaN NaN NaN NaN NaN NaN NaN NaN NaN NaN NaN NaN NaN NaN NaN NaN NaN NaN NaN NaN NaN NaN NaN NaN NaN NaN NaN NaN NaN NaN NaN NaN NaN NaN NaN NaN NaN NaN NaN NaN NaN NaN NaN NaN NaN NaN NaN NaN NaN NaN NaN NaN NaN NaN NaN NaN NaN NaN NaN NaN NaN
NaN NaN NaN NaN NaN NaN NaN NaN NaN NaN NaN NaN NaN NaN NaN NaN NaN NaN NaN NaN NaN NaN NaN NaN NaN NaN NaN NaN NaN NaN NaN NaN NaN NaN NaN NaN NaN NaN NaN NaN NaN NaN NaN NaN NaN NaN NaN NaN NaN NaN NaN NaN NaN NaN NaN NaN NaN NaN NaN NaN NaN NaN NaN NaN NaN NaN NaN NaN NaN NaN NaN NaN NaN NaN NaN
