Outfile_5.asc
NCOLS 201
NROWS 151
XLLCORNER 730592.938286
YLLCORNER 2561222.529137
CELLSIZE 145.176046
NODATA_VALUE NaN
[rows 33 to 65 of 151, columns 74 to 147 of 201]
7.6 31.1 7.2 10.1 6.3 6.2 6.5 7 6.2 6.2 9.6 14.6 30.7 7.4 14.8 10.1 20.1 10.1 20.1 7.1 30.5 9.8 9.9 14.8 30.4 17.3 5.2 30 5.7777777778 5.5761904762 9.7666666667 30.2666666667 30.8761904762 30.4777777778 30.4 30.4 30.2393193566 30.4533326691 7 14.1540925512 7 30.4333333333 30.3111111111 4.4166666667 30.2777777778 30.8 30.1660289775 8.6134491708 6.0084518793 20.6183739396 30.4535234292 7.05 7.15 30.2666666667 30.0111111111 7.65 8.05 28.05 18.35 15.45 7.75 8.05 30.75 10.65 8.25 7.95 10.35 8.05 10.55 8.15 11.15 10.35 10.35 7.75
7.2 6.9 14.9 7.6 30.4 27.4 6.9 6.1 5.9 6.7 5.9 6.8 6.9 6.9 6.7 11.4 7.8 7.5 12 12.5 7.7 7.6 30 20 30.5 9.8 13.2 30.3 30.3777777778 30.4761904762 30.5 5.2666666667 12.1761904762 3.4777777778 30.8 3.3 13.7564102564 15.8134491708 4.8084518793 30.2 17.8666666667 30.5111111111 30.4666666667 10.0726779369 30.0635231517 8.0311250567 20.1135735976 7.4 7.5666666667 7.45 9.65 7.25 14.75 9.5666666667 7.85 7.75 10.75 30.35 7.65 13.45 23.25 18.05 7.75 8.05 8.05 7.95 20.65 7.85 8.35 8.25 7.45 7.85 7.95 3.5
7 7.2 14.5 7.5 30.5 6.3 30.4 30.6 9.6 7 5.9 6.7 6.8 6 7 6.6 31.1 7.4 10.3 7.8 9.8 30.6 30.4 30.6 30.6 30.5 31.1 11 26.0777777778 30.7761904762 30.3666666667 12.8666666667 6.9761904762 8.9777777778 30.1 30.413394791 8.7858309864 13.7761904762 12.6 30.0570224301 11.547996552 1.6376880965 5.8533326691 30.2768182948 30.3222222222 20.0946277864 20.9376880965 30.4245006541 5.6 14.95 7.15 30.4777777778 7.05 7.15 10.45 17.85 7.85 4.3108185325 10.55 19.2 8.25 30.35 12.95 12.75 12.85 30.05 7.85 8.35 10.65 20.45 12.85 7.75 7.85 7.75
25.5 30.2 14.7 7.8 7 7 30.7 30.9 7.6 30.6 6.4 6.1 6.3 6.5 6.2 7.6 15.2 30.6 7.5 30.5 28 8.5 30.4 6.9 27.5 31.1 31 30.5021130107 30.2847858837 4.1761904762 12.2 19.9 30.4761904762 30.2777777778 16.8 30.4602895721 6.9874920661 30.2666666667 7.9570224301 6.978511354 6.7578685395 3.473998276 7.6393193566 30.214274771 24.5730772833 25.3928371643 14.1856743286 30.7333333333 10.35 7.25 7.05 6.85 6.85 7.15 10.25 7.95 7.85 7.65 8.15 12.95 18.35 10.15 7.85 20.55 10.35 30.45 5.8 10.35 7.55 7.85 10.45 30.35 7.45 30.4
30.5 30.5 7.1 7.5 7.5 19.8 7.2 7 6.1 6.3 5.8 6.6 6.9 7.3 29.6 22.9 7.6 15.7 30.1 14.9 7.5 7 30.2 30.2 7 22.3 12.1 6.8 8.403030303 8.3555555556 30.5333333333 10.078511354 23.7578685395 16.873998276 30.5399385949 25.436717456 7 15.4666666667 21.6333333333 7 30.2533326691 8.5399385949 11.5032369137 30.9660289775 30.3615508071 30.51898463 30.2570224301 18.29071197 30.4270461645 30.036717456 6.85 7.35 7.15 7.05 7.25 10.45 7.95 10.35 7.85 20.75 30.6 7.35 7.25 7.25 12.45 10.25 7.85 7.05 7.15 14.65 30.6 24.5 12.75 30.35
30.3 7.8 8.2 7.3 30.1 27.2 9.7 13.1 6.9 6.5 6.3 7 7 7.2 7 10.3 17.9 7.9 30.7067245426 30.3 31 30.6 30.7 30.5 30.4 8.0257618163 7.4635231517 30.4777777778 17.5 25.0555555556 14.8 7.5111111111 15.5 4.0564102564 12.698142394 7.1 4.978511354 22.1333333333 9.3084518793 6.5 6.6 13.7067245426 30.3477647286 14.5533326691 30.1205792798 30.39071197 30.3570224301 17.3666666667 15.25 7.85 6.95 6.95 8.1923526966 12.45 7.678511354 7.25 7.85 30.25 10.55 30.214274771 7.75 7.55 7.35 7.05 10.15 7.35 6.85 7.15 17.35 30.5 7.35 12.45 15.95 7.65
8.1 30.5 23.4 7.1 7.8 7.5 10.2 6.9 7 6.1 6 6.9 6.8 6.9 7.4399385949 8 8.2 30.7 10.8 7.8 15.8 11.2 30.3 30.3 28.3450715499 12.7135735976 30.2134491708 10.4761904762 30.5 30.9883656714 7.2 10.5 31.2350406063 10.7768182948 27.8134491708 14.8856743286 7 7.3245006541 3.7969040394 6.4081667897 11.5242242458 7.4 18.4135735976 7.3 11.6245006541 24.4 30.4856743286 7.75 7.75 9.4067245426 10.05 5.1 7.25 1.4384487607 30.2892557464 9.15 7.25 8.05 8.15 15.0660289775 30.45 14.95 7.25 12.35 7.55 7.05 6.95 NaN NaN 10.45 30.3 30.55 16.1 31.4
28.014274771 28 7.2 14.9 15.1 7.2 12.8 7.6 6.6 6.2 6.5 6.8 30.6328101159 8.2 30.6 17.9 8 8 10.7 8.1 30.9 13.2 8.5 12.6188440482 30.6081667897 30.3 14.0245006541 30.2 17.7 9.7 24.2375594364 7.8 30.4112944531 30.4112111039 7.9666666667 30.4570224301 30.59071197 30.6205792798 14.4533326691 6.9450715499 7.2 7.3 12.2622501134 30.4245006541 26.0333333333 20.1540925512 9.7714045971 7.95 8.05 7.75 19.75 9.75 7.9002805931 12.35 1.5726779369 7.25 27.75 9.95 10.35 12.4615508071 30.4484520197 10.25 9.95 7.25 7.15 7.15 7.15 NaN NaN 7.45 30.3 30.5 30.35 31
7 6.9 6.4 30.3 7.8 7.4 7.1 7 6.6 6.4 7.2 12.5 7.2 30.3 10.7 7.8 20.2 7.8 7 30.4 8 7.8 9.9 7.4 NaN 30.11898463 30.4570224301 15.3714317131 17.4 7 30.3578339874 30.0967854397 18.1068038428 30.7390996564 30.49071197 30.4333333333 7.4 30.2901371761 13.7768182948 30.7108185325 31.1602895721 30.4726779369 30.9666666667 31.2333333333 30.7570224301 22.65 7.55 30.25 30.7 7.25 9.95 7.55 20.45 7.55 7.55 17.65 30.2245006541 12.65 7.35 30.6714045971 9.85 17.45 7.25 6.75 6.75 7.15 7.35 19.85 9.75 15.35 7.65 7.95 30.45 30.8
6.9 7.2 6.7 31.1 7.1 30.6 7.8 6.9 6.9 6.9 7.1 7.6 30.5 30.8 30.4 12.7 30.29071197 7.1 7 7.4 7.4 7.3 13 7.8 13.3 30.478511354 30.4333333333 30.4745942812 11.9497823999 6.9 14.8 15.5326039052 9.0027049172 30.4463669952 30.3570224301 30.0856743286 30.4267895821 30.1946277864 12.7311250567 10.5399385949 30.536717456 7.6716618094 30.39071197 30.4570224301 30.6666666667 30.4928371643 13.0660289775 30.6032369137 7.45 30.15 7.35 7.45 7.65 20.25 7.95 30.55 10.65 12.55 30.05 30.35 11.2267895821 9.85 10.05 9.65 7.25 8.1374901471 6.95 11.6067245426 6.6 30.6 16.3 30.1 30.5 26.6
8.9892557464 7.7 6.6 30.414274771 6.5 6.9 7.4 6.4 6.4 7.1 7.4 7 5.29071197 7.1 30.19071197 7.5 7.7 30.2376880965 10 25.2 30.4 7.5 15.3 10.4 10 14.9 30.6245006541 7.2 30.3678148254 30.2690276405 30.6937128312 10.563570706 4.8874258846 30.7661434492 30.4666666667 1.8928371643 30.6946277864 30.5242242458 20.7242242458 30.5081667897 27.5 30.778511354 30.3333333333 30.3453558739 17.3267895821 10.7858309864 30.65 5.3 7 14.8 7.2 9.9 7.3 14.9 15.5 12.65 7.45 4.4969040394 7.85 30.4333333333 9.95 7.65 30.35 30.55 7.85 30.25 30.3500529685 7.35 29.927426912 31.1862387519 9.2374901471 9.75 7.25 10.4
7.4 6.5 30.5928371643 6.6 6.3 6 6.3 31 6.4 9.5135735976 6.9 30.4540925512 3.9 15.8084518793 30.0205792798 9.7 7.1 7.4 7.3 7.1 20.5205792798 30.2027355997 27.2 10.1 7.1 9.8 30.2716618094 30.5237619586 6.7165769424 30.0827350258 30.3935268607 7.4 7.3 30.4859420902 30.7 7.4 30.5393193566 12.6222222222 30.3768182948 20.7267895821 30.5084518793 30.6 30.9245006541 30.6376880965 7.6 12.5 22.8 30.8 6.8 7.1 12.6 10.3 6.9 7.4 7.3 10.2 7.05 7.15 4.1205792798 2.478511354 7.15 14.7333333333 9.75 30.65 30.15 7.45 17.5483481745 30.7171833406 7.05 7.45 7.15 6.95 6.65 30.4484520197
30.3570224301 6.6 6.3 30.4267895821 6.2081667897 6 6.8 6.7 6.5 30.5714045971 7.1 7.5 30.878511354 7.2 7.4 9.6 7.3 7.3 7 13.3477647286 6.9 7 30.405300936 30.2 9.7 7.4 7.3 28.1602895721 30.3788989167 9.0823451376 30.4523179633 7.5 7.3 24.7 7.1 5.8770074531 6.9 12.3 10.6726779369 30.275 7.2 30.578511354 30.7205792798 7.8 30.1450715499 12.6 10.4 7.2 31 30.4 15.1 15.7 30.9 7.7 7.6 7.6 25.3 12.45 7.25 10.9969040394 7.05 9.7333333333 7.65 7.25 17.2333333333 9.65 7.15 6.95 6.95 9.85 6.95 12.05 30.5419755892 30.4172058324
30.41898463 30.39071197 20.5333333333 30.9084518793 30.5969040394 30.5726779369 7.598142394 6.7 19.4714045971 24.5245006541 30.7 7.578511354 30.7716618094 30.436717456 30.5477647286 6.9 9.8 28.1 6.9 6.8 6.7 6.9 30.4203870548 10 7.3 7.1 30.7356325411 30.3230521815 8.6125225222 30.3111111111 30.8 30.5444444444 22.2666666667 17.5111111111 6.3 7.2 7 9.8 7.2 7.393742273 9.1328910438 30.8134799922 30.2533326691 30.4477647286 30.5 25.4 30.2 7.2 7.4 7 21 7.3 30.3 30.7 7.9 10.1 10.4 22.6 7.15 7.15 30.5333333333 30.2703703704 7.15 7.25 12.4555555556 30.8200953027 5.0375594364 6.0356117652 8.9451780206 7.35 7.05 7.45 30.6633899069 6.65
30.5928371643 31.2666666667 16.1666666667 22.4 30.1245006541 30.71898463 7 6.9 7.2856743286 30.2333333333 7.1 18.7716618094 7.3 7 7.2 7.3 7.2 7.2 7.2 7.1 10.9528140863 9.8 13 7.45 30.0082403764 30.4111266977 30.3773862895 25.4222222222 30.709201947 30.5934562487 30.01898463 30.1257543607 30.3523179633 7.7961624635 30.4440446391 20.2393193566 30.5521773816 30.0643423404 30.3601229154 30.5555555556 30.3352414614 30.5126205685 30.1831464622 16.7108185325 11.6 30.3 12.4 7.3 6.4 4.1 8.1 30.8 7 30.6 20 7.8 7.4 7.4 6.95 30.2242242458 6.75 9.0564102564 30.4847858837 4.3094922192 4.3333333333 14.4961321867 12.2897640738 16.3043547631 8.7485805095 30.8282174738 30.7889883586 3.0298755254 30.8 30.7448045212
6.8 7 7.4 7.2 30.5333333333 30.9555555556 30.6176157029 30.5660740412 30.7151186864 30.4954770164 7.5 6 30.4730772833 27.4 9.8 30.4 9.6 30.4 6 6.1 30.7380952381 18.5181350989 30.2570952919 7.45 30.4921691488 30.429996399 30.6377707402 30.0328101159 30.6755884172 30.7524976531 30.4268601941 30.3526087569 30.5972305644 29.6235015266 7.1571936115 6.8 6.7 30.2983456956 30.4870537214 30.2333333333 30.2203870548 8.5650123622 11.2459542766 17.9 30.8 7.2 7.6 12.5 14.2 7.1 7.4 12.2 10.8 30.5 7.2 14.9 10.1 4.3 30.5 19.1 3.4 11.3 30.2021130107 7.05 1.6242242458 29.3777777778 7.4073155329 26.3361506991 31.0851093871 30.7651186864 27.4071068402 23.0860514612 30.7786892072 30.0240453033
30.3761904762 30.7761904762 6.2761904762 30.2761904762 18.7733912093 31.130910846 7 6.9 5.7333333333 30.4 6.7 5.9 7.2 30.1047650464 7.3 6 6.3 6 15.5 15.7 1.9242242458 30.236570247 30.3059860233 13.8564102564 30.7535234292 30.2242677032 30.2564102564 30.8564102564 5.9134491708 30.2729365995 22.9690355763 23.8994767825 30.6870664144 30.6862387519 30.3048669366 6.8 7 30.690937233 30.8623737794 30.9777777778 30.5987079739 11.5287676428 6.6326256917 10 15.4 30.8 30.4 9.7 7.3 10 30.3 7.7 18.9 30.5 30.6 15.3 3.9 6.2 30.4 11.8 4.1 7.15 1.1 9.65 7.15 7.15 7.45 12.65 7.5178356538 31.1714045971 30.2433447023 30.2081667897 30.3163426646 30.1020891032
12.5 5.6666666667 7.5666666667 30.2666666667 30.4994767825 15.5420761414 30.4777777778 8.3540925512 6.8 21.6590193633 30.1714317131 30.7205792798 24.6615508071 6.7556550252 6.1 6.5 4 5.8 5.8 21.4 7.9108185325 6.05 30.247996552 30.1570224301 10.3111111111 30.2761904762 30.0847858837 6.3031712291 20.6419755892 30.3223216919 27.1300313266 30.5512334657 30.4094922192 6.1635231517 27.3393193566 18.2081667897 6.9 30.4388009261 30.5533326691 6.8 9.7575587721 7.1 7.3 30.5 17.7 8.5 26.2 25.1 30.8 30.5 30.5 25.8 4.4 8.9 21.1 8 30.4 10.5 7.7 30.9 30.1 7.35 7.25 7.45 6.7021130107 7.55 10.05 7.15 7.65 30.6167852127 30.2333333333 30.4130438755 6.75 4.2288320124
10.3 30.9111111111 7.1 7.3 10.6 12.9 7.5 20.2477344001 6.7 14.198142394 30.8067245426 6.3 30.1270461645 1.8333333333 6.6 6.4 6 10.2 17.8 30.6 15.2 5.573998276 6.15 31.078511354 30.2666666667 30.4555555556 30.2162167619 10.2036784889 17.6916625669 15.4467825041 30.6866660024 30.4158451277 30.1761904762 7.7199035803 10.7074243814 30.0831998385 30.6477712359 9.1108185325 30.1178307106 10.0533142958 22.4528929542 24.82899873 7.4 12.4 10.2 10 6.8 30.9 7.2 6.6 11.8 31.2 30.6 30.9 30.6 17.5 30.4 8.1 8.1 30.4 6.9 9.85 7.35 12.15 8.4083333333 13.903030303 12.35 30.4678658549 30.3092865378 30.4363636364 6.1425352804 7.25 30.8405617714 30.3694784217
30.2 10.8 7.3 10.4 13 25.8 12.8 5.4959052512 8.1 10.3 30.4245006541 7.7 30.4540925512 30.6714045971 6.898142394 30.5183739396 6.4 17.9 13.2 6.15 30.3 5.353428636 24.9042261031 30.4258747098 30.0512401769 30.505947185 17.622947292 30.1240421083 30.5 16.4874258846 13.0049951428 16.6526087569 11.5845735102 6.5714006833 6.55 6.8833333333 13.9866660024 28.7553296488 30.5959802891 30.7384487607 9.5450715499 10.2 29.8 30.3 9.8 6.3 30.3 6.4 3.3 28.8 10.7 30.1 3.2 30.1 30.6 30.6 30.1 11.7 31 30.7 7.05 9.95 1.5 9.55 26.7083333333 21.103030303 30.15 14.85 14.9955834467 4.1555555556 6.95 30.4733230525 30.7682195417 30.5768182948
10.9 9 8.7 30.7 8.2 15.4 7.3 7.3 30.5801310486 7.8 8.5205792798 19.478511354 30.4 6.6856743286 9.4928371643 8.6768182948 8.5067245426 6.5 30.5 30.4 30.6 30.4328101159 18.8647589624 30.43974395 30.6526087569 30.705371548 30.2309458229 6.55 6.55 30.7573786367 30.4434852841 30.3513608481 30.9987842103 6.65 6.65 30.3681335412 23.9383284761 15.4406199178 29.920302182 30.1618913743 6.9 7 12.4 30.7147188482 30.3222222222 17.2179068435 30.2067245426 6.4 6.3 30.4 30.9 25.8 6.7 19.9 30.3 31.2 24.9 1.2 3.9 3.8 18.9 30.6 6.2 6.75 30.4079276146 30.7017858479 20.0854866991 7.35 30.9084518793 30.8666666667 14.85 30.5997840537 30.859220178 13.4222222222
NaN 13 11 8.3 15.4 8.2 7.6 6.8 30.6923526966 6.7 30.2726779369 30.2666666667 10.1570224301 6 30.2892557464 5.6384487607 5.5477647286 15 24.6 5.4 25.8 30.4564102564 18.5439023225 10.0064766961 30.0383284761 11.5856512967 30.2959439454 30.4469069309 6.45 9.3380712638 10.5636825423 8.2309458229 22.7721177144 12.8935268607 14.8760070601 30.3 30.2046589586 30.2749999779 30.8303300294 30.4222222222 31.1 30.7032369137 13.0399385949 17.2847858837 30.703030303 9.7 6.7 11.8399385949 30.7032369137 30.6 19.1 6.2 16.4 30.3 30.5 12.9 30.3 12.8 6.5 7.8 1 18 6.15 6.3 30.7 18.8758686137 30.4557238518 9.85 30.8225890798 30.4666666667 31.3872459465 31.2428255525 30.738943094 30.4
NaN 7.9 7.9 8.1 4.3666666667 15.5 30.2245006541 7.6 14.7 7.1 8.3858309864 10.9267895821 15.8666666667 30.5333333333 30.578511354 6.2 30.236717456 23.2556550252 5.9 30.5 6.35 9.3777777778 8.653008771 30.6380712638 30.4540925512 30.39071197 7.6714045971 18.0234705095 30.0190076619 30.1152126241 17.8422599133 15.2951511893 20.44690064 12.6191643198 30.1175015521 20.6222222222 30.4535791641 20.3319287483 20.0218743513 30.6847858837 30.5564102564 9.7 30.9533326691 30.1622501134 30.2555555556 30.4969040394 7 6.7 30.5618913743 30.4047650464 7.1 30.6 6.65 13.6 13.3 8.2 13.4 4 6.25 6.35 23.1 30.1 6.85 8.8 6.4 30.6242242458 30.4925555291 9.65 30.597178591 30.95 31.2199993357 30.8936229055 30.7222222222 18
7.9 8 8 15.5 8.1 7.8 8.6245006541 30.2 7.3 15.4 10.5242242458 30.2081667897 30.0267895821 8.7245006541 16 6 9.2270461645 30.3726779369 30.0094922192 30.1556550252 8.5380952381 6.55 NaN 30.3801158374 6.25 NaN 30.4801158374 6.3 5.8 30.6355337841 9.7270461645 14.375118546 30.1892557464 30.7169601147 30.509201947 30.6428255525 12.9650123622 30.2251885585 27.8912577986 22.2714045971 26.3166666667 7.1 1.81898463 29.378511354 7.1 6.7 4.778511354 6.7 9.1615508071 30.6730772833 6.8 30.6 6.65 30.6 13.3 3.1 1 4 9.2 21 15.2 30.5 9.2 6.5 10.5 9 30.3564102564 7.25 2.956182661 20.9230769231 4.9948749122 12.6127291329 30.4147188482 20.3
7.9 7.9 8.1 7.9 8 10.5 25.6 8.1 8.2 10.6393193566 30.4179068435 10.4399385949 5.7135735976 13.5714045971 30.6245006541 7.1 6 6.6 30.4270461645 30.5134491708 7.55 30.4384487607 13.4800907618 30.4708640506 13.8180308381 6.2171063627 5.62568603 30.4520223583 30.2511372672 30.229530349 30.3564484313 30.3477344001 30.6654743095 18.1014383581 30.3570952919 23.2539126131 30.5537203881 30.4621165671 30.6314757273 11.5015305025 11.6111111111 6.5111111111 26.2333333333 24.8333333333 2.2540925512 22.0111111111 25.0333333333 2.59071197 6.81898463 30.4928371643 6.8 15.6399385949 3.4 13.7 19.1 30.9 6.35 13.9 30.7 5.9 30.6 30.3 6.65 6.45 30.4 1.2 6.25 6.85 6.45 6.75 30.3555555556 30.103030303 30.8083333333 30.5
NaN 7.9 7.9 8 7.9 8 7.9 21 10.6 9.1615508071 6.8 7.9316790289 30.3333333333 30.4042261031 28.5761904762 5.9856743286 6.7 16.4 30.5666666667 30.6540925512 30.5333333333 30.4800614577 11.43974395 30.1379713052 14.8935268607 30.2286328389 30.3164250941 9.7704444133 30.6355130099 30.00510641 30.7829743404 10.3194011491 30.5102466654 30.3637223453 30.8610823404 16.5666666667 30.1333333333 30.6573786367 27.9666666667 31.1888888889 17.5666666667 24.7666666667 4.778511354 6.9 6.7622501134 28.3267895821 6.6666666667 30.3570224301 30.5570224301 30.2453558739 6.3376880965 30.236717456 11.7556550252 3.4047650464 20.8 4.3 6.55 6.25 6.45 31 30.2 6.25 15.9 10.7 8.4 30.4 30.5777777778 6.75 30.6666666667 25.3111111111 30.4969040394 30.3923526966 21.8047650464 12.8
NaN NaN 7.9 7.9 8.1 7.9 12.7 10.3 10.1 6.8 6.8 6.8 6.5 6.4 12.5 30.1856743286 6.6 6.6 9.69071197 30.5333333333 30.1333333333 24.6564102564 30.8874920661 30.2096966 27.3760070601 30.7412124542 30.5730769231 30.3703703704 14.4384487607 30.48611562 9.8224392339 30.5786041427 30.6865717317 9.9107229978 30.5904286252 30.5990906338 30.4870537214 27.7714045971 30.488854364 11.2870090087 30.7761904762 30.1761904762 13.9578685395 16.0384487607 30.2858309864 30.2858309864 30.4928371643 30.4666666667 12.39071197 13.0333333333 21.3245006541 30.4270461645 5.9615508071 8.4484520197 5.3 6.25 6.95 9.05 6.35 6.45 6.55 6.35 30.3 3.9 6.35 30.8 6.75 30.9761904762 8.0666666667 6.15 30.2761904762 7.4777777778 30.2 12.4
NaN NaN NaN 7.1 30.4730772833 8 5.7666666667 30.3666666667 7 7 6.4 10.5570224301 6.9 30.3333333333 NaN 6.9 30.7892557464 18.1892557464 4.3540925512 21.79071197 20.2084518793 8.3111111111 28.3006911303 30.7 30.5236890968 30.2873015873 30.1111111111 10.0733912093 30.1253443262 30.3237619586 30.0257618163 30.6158552292 30.4715970431 12.2376880965 16.4018572798 30.6428255525 30.788701459 30.2226430481 15.4 30.7874920661 30.303030303 30.203030303 8.198142394 30.3556550252 30.3188440482 30.4242242458 30.2946277864 30.7134491708 30.7666666667 27.49071197 23.6333333333 30.278511354 30.4578685395 8.673998276 6.6 1.3 6.35 6.75 6.75 5.8 30.5 6.45 30.1 7.3 11.7 9.8079276146 30.3017858479 9.447996552 6.85 30.4111111111 30.5761904762 5.4777777778 30.5 9.7
NaN NaN NaN NaN 7.3 30.5768182948 7.2 7.2 6.7 NaN NaN NaN NaN NaN NaN NaN 6.8 30.1666666667 6.6333333333 NaN 7.8 30.2542351217 30.4324338008 30.4120225406 30.6238672278 30.6467825041 30.6635231517 30.873998276 30.2939846865 31.2353511597 30.7694840324 30.6546089565 30.6442146898 30.7333333333 30.203628582 30.2400453809 30.4041568138 3.900414722 3.6513641714 30.2768182948 30.413394791 30.2083333333 15.7067245426 30.8 20.8 10.4 3.5222222222 8.7768182948 30.5267895821 30.7856743286 30.4 11.478511354 30.5578685395 19.273998276 15.8 6.45 6.45 6.45 6.45 6.75 6.7 31.1 30.4 25.7 21.7 6.55 30.603030303 6.55 30.7333333333 21.1333333333 18.4166666667 30.4564102564 22.9 30.4
NaN NaN NaN 27.7 30.1 13.713394791 4.1564102564 15.498142394 7.4 NaN NaN NaN NaN NaN NaN NaN NaN NaN NaN NaN NaN NaN 6.5 10.6726619182 30.606906681 30.2640145061 22.9033841227 30.1245352062 15.8487992076 30.310477637 30.8827596463 30.7824898728 30.5662474188 31.3260253956 30.6603925074 30.6034638077 17.5 7.7 10.803030303 30.2083333333 30.5 30.4 5.4 30.2 30.1 13.1 30.6083333333 30.703030303 7 26.6333333333 24.678511354 26.1892557464 30.5533326691 30.9399385949 30.9222222222 6.35 6.35 5.7222222222 6.65 7.05 30.3222222222 6.15 6.7222222222 30.6179068435 30.5079276146 30.9202728564 30.6268601941 31.31898463 31.1333333333 9.8333333333 6.85 28.9564102564 30.4 30.5
NaN NaN NaN 5 7.2 7.5 30.5 30.3067245426 30.3289342698 NaN NaN NaN NaN NaN NaN NaN NaN NaN NaN NaN NaN NaN NaN NaN 6.8 30.0310207061 18.8119610908 30.2451780206 30.5578339874 30.3708927697 31.1444444444 30.8302373727 13.3354980438 30.7948841404 30.5603794978 30.5302373727 23 4.6861401162 30.4492758406 9.6884651411 30.3395346585 30.3108185325 30.9 30.8 20.3 8 30.1079276146 30.5017858479 30.547996552 30.3570224301 30.0111111111 5.6761904762 28.5192754236 8.2333333333 18.9333333333 6.15 6.35 1.6333333333 6.85 4.0333333333 6.45 6.15 6.15 30.888759456 20.0757841239 22.7177163727 6.25 25.2813855149 6.05 30.5774851991 6.55 30.3450715499 30.7 30.5
NaN NaN NaN NaN NaN NaN NaN NaN NaN NaN NaN NaN NaN NaN NaN NaN NaN NaN NaN NaN NaN NaN NaN NaN NaN NaN NaN 11.5578339874 30.3397668798 30.9686485301 30.5801158374 30.4874258846 20.79071197 30.6047379305 30.69071197 13.5874258846 7.2 30.3780270252 30.5885969716 30.8240421083 31.2281824662 30.3089609265 12.2635231517 30.2393193566 30.2242242458 15.5108185325 30.6 6.8 30.2714045971 30.49071197 13.6666666667 13.6555555556 30.4716618094 10.9666666667 10.9666666667 20.4666666667 17.2666666667 11.1666666667 8.2666666667 30.2666666667 6.35 6.35 30.6033841227 30.9093499059 30.8058650915 6.55 6.75 6.05 5.95 30.2648090607 11.1060726134 30.8923526966 30.9768182948 30.7564102564
NaN NaN NaN NaN NaN NaN NaN NaN NaN NaN NaN NaN NaN NaN NaN NaN NaN NaN NaN NaN NaN NaN NaN NaN NaN NaN NaN 6.9 30.7874258846 30.8282389099 30.5282334925 29.2333333333 30.3360678439 22.8690047263 13.0120225406 NaN NaN 6.3 30.7360678439 10.7 12.7393446036 8.4721177144 12.2166666667 30.4681050248 30.3333333333 30.403030303 30.9768182948 29.6556550252 30.2134491708 30.0540925512 30.6333333333 19.29071197 30.2333333333 30.8 5.9 30.2 7.45 6.85 5 30.5 14.85 30.773998276 30.4578685395 30.4578339874 31.0355337841 30.4245352062 6.85 6.75 6.35 30.0380712638 30.4536979496 30.5077225718 8.2714045971 30.1644313952
