Outfile_5.asc
NCOLS 201
NROWS 151
XLLCORNER 730592.938286
YLLCORNER 2561222.529137
CELLSIZE 145.176046
NODATA_VALUE NaN
[rows 33 to 65 of 151, columns 0 to 73 of 201]
NaN NaN NaN NaN NaN NaN NaN NaN NaN NaN NaN NaN NaN NaN NaN NaN NaN NaN NaN NaN NaN NaN NaN NaN NaN NaN NaN NaN NaN NaN NaN NaN NaN NaN NaN NaN NaN NaN NaN NaN NaN NaN NaN NaN 9.8 30.7 7.3 9.9 7.4 7.5 12.5 12.4 7.1 7.3 7.9 7.7 8 7.6 30.6618913743 30.1615508071 10.8205792798 30.578511354 31.5 7.4 6.8 6.8 12.6 7.1 7.8 7 30.7161994504 5.4663880718 7.2 30.7660289775
NaN NaN NaN NaN NaN NaN NaN NaN NaN NaN NaN NaN NaN NaN NaN NaN NaN NaN NaN NaN NaN NaN NaN NaN NaN NaN NaN NaN NaN NaN NaN NaN NaN NaN NaN NaN NaN NaN NaN NaN NaN NaN NaN 7.3 23.1 10.5 7.5 7.4 7.5 6.9 12.3 7.3 6.7 15.2 7.6 17.8 7.8 9.9 10.4 7.1 24.7 30.8270461645 30.678511354 16.5 22.8333333333 30.3333333333 30.0517072729 7.5 20.1 12.2 7.1 7.2 7.3 20.6222222222
NaN NaN NaN NaN NaN NaN NaN NaN NaN NaN NaN NaN NaN NaN NaN NaN NaN NaN NaN NaN NaN NaN NaN NaN NaN NaN NaN NaN NaN NaN NaN NaN NaN NaN NaN NaN NaN NaN NaN NaN NaN NaN NaN 30.6 4.5 10.3 6.9 3.8 18.9 6.4 7.2 7.3 6.6 30.4 15.4 17.8 25.2 30.6 22.3 15.614274771 30.5 25 30.9205792798 30.4540925512 7.2 7.4 7.1 10 12.5 7.5 14.4827842464 7.247996552 30.2017858479 30.5217300308
NaN NaN NaN NaN NaN NaN NaN NaN NaN NaN NaN NaN NaN NaN NaN NaN NaN NaN NaN NaN NaN NaN NaN NaN NaN NaN NaN NaN NaN NaN NaN NaN NaN NaN NaN NaN NaN NaN NaN NaN NaN NaN NaN 30.4 8.5 30.5 31 27.7 30.4 30.2 10 7.5 15.5 31 17.9 30.6 7.9 31 30.5 30.6 7.6 7.3 7 30.6134491708 7.1 22.6 4.8384487607 19.7726779369 7.2 4.8333333333 7.5 7.6 25.7660289775 23.1
NaN NaN NaN NaN NaN NaN NaN NaN NaN NaN NaN NaN NaN NaN NaN NaN NaN NaN NaN NaN NaN NaN NaN NaN NaN NaN NaN NaN NaN NaN NaN NaN NaN NaN NaN NaN NaN NaN NaN NaN NaN NaN NaN 4.2 10.3 30.5 7.9 30 9.1 30.5 10.3 30.8 7.8 30.7 10 30.8 22.8 7 7.6 30.9 17.3 4.6 7.1328101159 7.1 8.3556550252 27.7 25.1 7.4 7.5 12.7 10.1 10.2 9.9 7.9
NaN NaN NaN NaN NaN NaN NaN NaN NaN NaN NaN NaN NaN NaN NaN NaN NaN NaN NaN NaN NaN NaN NaN NaN NaN NaN NaN NaN NaN NaN NaN NaN NaN NaN NaN NaN NaN NaN NaN NaN NaN NaN NaN NaN 31 30.3 16.9 9.9 7.5 7.3 7.6 27.8 20.7 7.9 12.8 31 31 30.8 31 30.7 7 30.5 30.4 30.6 9 9.9 7 7.6453558739 8 7.5084518793 30.8134491708 7.4 7.6 10
NaN NaN NaN NaN NaN NaN NaN NaN NaN NaN NaN NaN NaN NaN NaN NaN NaN NaN NaN NaN NaN NaN NaN NaN NaN NaN NaN NaN NaN NaN NaN NaN NaN NaN NaN NaN NaN NaN NaN NaN NaN NaN 6.7 7 14.7 6.8 3.7 30.5 30.6 10.1 9.9 30.3 8.1 12.7 31.2 30.9 30.8 30.8 30.7 12.6 15.2 31.2 9.5 19.1 30.8 9.8 6.8 6.5 6.8 6.9 7.1 10 30.2618913743 7.4
NaN NaN NaN NaN NaN NaN NaN NaN NaN NaN NaN NaN NaN NaN NaN NaN NaN NaN NaN NaN NaN NaN NaN NaN NaN NaN NaN NaN NaN NaN NaN NaN NaN NaN NaN NaN NaN NaN NaN NaN 1.2 30.5 6.8 26.1 9.4 6.8 24.8 7.9 30.6 4.6 30.4 7.8 15.4 12.7 30.7 27.6 1.5 7.7 12.8 30.2 12.1 7.2 30.3 30.6 6.9 6.9 6.8 6.9 6.7 6.7 7.3 17.4 12.2 30.1768182948
NaN NaN NaN NaN NaN NaN NaN NaN NaN NaN NaN NaN NaN NaN NaN NaN NaN NaN NaN NaN NaN NaN NaN NaN NaN NaN NaN NaN NaN NaN NaN NaN NaN NaN NaN NaN NaN NaN NaN 30.6 11.7 7.2 4.1 24.3 23.2 7.2 1.3 6.6 7.3 7.4 17.8 30.9 31.1 10.8 10.4 30.3 10.3 22 6.6 30.7 22.4 30.3 6.6 6.3 6.9 6.5 6.2 6.5 6.3 14.9856743286 7.3 7.3 30.1205792798 7.3
NaN NaN NaN NaN NaN NaN NaN NaN NaN NaN NaN NaN NaN NaN NaN NaN NaN NaN NaN NaN NaN NaN NaN NaN NaN NaN NaN NaN NaN NaN NaN NaN NaN NaN NaN NaN NaN NaN NaN 7.3 6.8 7 6.5 6.8 30.7 30.7 6.6 6.7 6.7 7.2 6.9 10.1 31 10.6 8 30.8 30.1 14.2 7 6.8 11.8 9.8 6.6 6.4 30.8 30.7 6.5 6.3 6.3 6.4 7.1 6.9 30.178511354 12.3892557464
NaN NaN NaN NaN NaN NaN NaN NaN NaN NaN NaN NaN NaN NaN NaN NaN NaN NaN NaN NaN NaN NaN NaN NaN NaN NaN NaN NaN NaN NaN NaN NaN NaN NaN NaN NaN NaN NaN NaN 7.5 7.6 9.7 6.8 6.8 6.8 17.8 6.8 6.6 6.9 7.3 10.2 30.5 6.9 10.8 30.6 30.7 30.6 30.2 6.9 29.5 10.5 30.7 6.8 6.2 6.4 30 6.3 22.3 6.3 6.4 30.3267895821 30.0856743286 30.2333333333 17.3
NaN NaN NaN NaN NaN NaN NaN NaN NaN NaN NaN NaN NaN NaN NaN NaN NaN NaN NaN NaN NaN NaN NaN NaN NaN NaN NaN NaN NaN NaN NaN NaN NaN NaN NaN NaN NaN NaN 15.2 30.2 27.7 7.3 9.9 6.6 6.6 6.9 6.9 6.8 7.3 7.2 7.3 12.6 19.7 8 18.2 31.1 7.8 7.4 9.9 7.2 27.4 7.1 9.5 7.2 6.1 8.2 6.6 6.4 6 6.3 30.4946277864 30.3267895821 20.0856743286 6.9
NaN NaN NaN NaN NaN NaN NaN NaN NaN NaN NaN NaN NaN NaN NaN NaN NaN NaN NaN NaN NaN NaN NaN NaN NaN NaN NaN NaN NaN NaN NaN NaN NaN NaN NaN NaN NaN NaN 7.3 8.2 30.4 10 7.7 9.7 6.9 6.9 14.6 7.1 7.4 7.6 9.7 30.1 9.7 7.9 12.3 7.5 17.8 30.7 30.5 30.4 6.9 30.6 5.2 7.2 6.1 6.1 30.6 6.1 6.8 6.9 6.9 6.8 6.2 7.3666666667
NaN NaN NaN NaN NaN NaN NaN NaN NaN NaN NaN NaN NaN NaN NaN NaN NaN NaN NaN NaN NaN NaN NaN NaN NaN NaN NaN NaN NaN NaN NaN NaN NaN NaN NaN NaN NaN NaN 20 15.2 10.1 9.9 10.1 7.6 7.4 9.7 7.3 30.6 17.8 7.2 7 7.4 10.4 30.9 30.6 30.6 12.3 22.5 6.4 30.4 30.7 30.3 30.8 30.3 30.8 6.2 6.3 6.3 7.1 7.1 6.8 19.8242242458 30.3946277864 30.2928371643
NaN NaN NaN NaN NaN NaN NaN NaN NaN NaN NaN NaN NaN NaN NaN NaN NaN NaN NaN NaN NaN NaN NaN NaN NaN NaN NaN NaN NaN NaN NaN NaN NaN NaN NaN NaN NaN NaN 7.8 7.7 7.9 10.3 7.5 12.6 7.3 7.3 30.2 17.3 7.6 7.6 7.1 30.4 13 4.5 7.2 12.2 6.5 6.7 30.7 30.7 7.1 30.1 6.6 30.8 17.1 31.1 7.2 7.2 12.4 8.4 30.3083333333 30.6083333333 30.135702243 30.2923526966
NaN NaN NaN NaN NaN NaN NaN NaN NaN NaN NaN NaN NaN NaN NaN NaN NaN NaN NaN NaN NaN NaN NaN NaN NaN NaN NaN NaN NaN NaN NaN NaN NaN NaN NaN NaN NaN NaN 7.4 7.8 7.7 7.5 7.2 30.4 9.4 30.8 7.2 9.8 7.3 17.6 30.8 31.5 15.5 30.5 22.9 7.5 30.2 6.9 30.1 30.5 30.8 30.6 30.4021130107 6.5 6.9 6.7 7.5 7.1777777778 7.2 7.4 30.303030303 19.603030303 15.203030303 6.8
NaN NaN NaN NaN NaN NaN NaN NaN NaN NaN NaN NaN NaN NaN NaN NaN NaN NaN NaN NaN NaN NaN NaN NaN NaN NaN NaN NaN NaN NaN NaN NaN NaN NaN NaN NaN NaN 30.7 7.6 10.2 7.9 15.2 7.4 12.7 30.7 7.9 29.5 7.4 30.6 30.5 31.6 7.4 7.3 12.6 9.9 30.5 31.3 6.6 6.3 12.9188440482 30.435702243 12.4564102564 7.2847858837 6.2 6.8 30.5166666667 7.5 30.0761904762 7.2 7.2 15.9 7.3 7.3 7.7
NaN NaN NaN NaN NaN NaN NaN NaN NaN NaN NaN NaN NaN NaN NaN NaN NaN NaN NaN NaN NaN NaN NaN NaN NaN NaN NaN NaN NaN NaN NaN NaN NaN NaN NaN NaN 7.3 30.6 30.6 12.7 8.1 7.8 7.8 30.2 10 7.4 30 8.1 7.1 30.7 10.4 30.6 25.1 7.7 30.4147188482 7.1 6.6 6 1.3847858837 1.4192754236 6.1 6.3 6.3 6.3 22.8084518793 7.2 7.4 12.7 15.2 13 12.7 30.2333333333 30.5333333333 30.4570224301
NaN NaN NaN NaN NaN NaN NaN NaN NaN NaN NaN NaN NaN NaN NaN NaN NaN NaN NaN NaN NaN NaN NaN NaN NaN NaN NaN NaN NaN NaN NaN NaN NaN NaN NaN 7.3 7.2 7.8 10 7.7 30.9 7.5 13.2 12.9 30.3 10.4 13 17.7 30.9 31.4 7.7 10 9.8 6.3 25.2094922192 7.1384487607 14.4726779369 30.7166666667 30.1761904762 4.4716618094 30.2453558739 30.1540925512 14.5666666667 30.8333333333 31 10.7 8.4 10.99071197 NaN NaN 7.9 8.2 12.7333333333 7.4
NaN NaN NaN NaN NaN NaN NaN NaN NaN NaN NaN NaN NaN NaN NaN NaN NaN NaN NaN NaN NaN NaN NaN NaN NaN NaN NaN NaN NaN NaN NaN NaN NaN NaN NaN 12.8 7.8 27.3 7.3 18.4 12.6 15.7 7.6 27.8079276146 7.9 10.1 7.9 10 30.9 30.7268601941 30.4 30.0901371761 10.2 5.0761904762 30.3555555556 30.2666666667 20.6333333333 25.9111111111 28.1666666667 7.7333333333 30.5 31.0333333333 30.59071197 6.3 7.6 7.4 7.5 7.1 NaN NaN NaN NaN 30.5 30.6166666667
NaN NaN NaN NaN NaN NaN NaN NaN NaN NaN NaN NaN NaN NaN NaN NaN NaN NaN NaN NaN NaN NaN NaN NaN NaN NaN NaN NaN NaN NaN NaN NaN NaN NaN NaN 7.3 7.4 15.2 7.7 30.7 30.4108185325 30.1399385949 7.9 30.9017858479 30.2316790289 30.3681050248 9.8134491708 30.8578685395 30.4 30.71898463 31.2666666667 30.5333333333 7.9 30.6666666667 30.4333333333 23.9 14.8333333333 24.4666666667 8.09071197 7.4245006541 7.2453558739 30.5555555556 15.5714045971 6.7 30.7 30 8 30.4 NaN NaN NaN NaN 6.7450715499 30.4564102564
NaN NaN NaN NaN NaN NaN NaN NaN NaN NaN NaN NaN NaN NaN NaN NaN NaN NaN NaN NaN NaN NaN NaN NaN NaN NaN NaN NaN NaN NaN NaN NaN NaN NaN NaN NaN 30.5 30.7 7.6 31.0450715499 30.3758686137 22.7 30.4042261031 7.7 13.3 7.4 30.0084518793 30.6245006541 30.878511354 20.4 8.4 10.7 18.2 30.7666666667 30.278511354 5.2245006541 7.0453558739 30.41898463 6.947996552 30.1578685395 19.4042261031 30.2384487607 12.5017858479 15.3 14.54984391 30.7 10.6 23.2 NaN NaN NaN NaN NaN NaN
NaN NaN NaN NaN NaN NaN NaN NaN NaN NaN NaN NaN NaN NaN NaN NaN NaN NaN NaN NaN NaN NaN NaN NaN NaN NaN NaN NaN NaN NaN NaN NaN NaN NaN NaN NaN NaN 30.7635231517 30.5094922192 17.8726779369 30.3376880965 17.4716618094 12.8245006541 25.3 7.6 30.7333333333 30.4 7.4 10.3 20.1 15.6 NaN NaN 7.7 7.2 27.6042261031 9.5615508071 12.2268601941 9.2017858479 13.573998276 11.653428636 14.3289342698 17.6108185325 30.4 7.9 10.5 7.9 30.6 7.9 NaN NaN NaN NaN NaN
NaN NaN NaN NaN NaN NaN NaN NaN NaN NaN NaN NaN NaN NaN NaN NaN NaN NaN NaN NaN NaN NaN NaN NaN NaN NaN NaN NaN NaN NaN NaN NaN NaN NaN NaN NaN NaN NaN 8.3 30.6453558739 30.5 15.1 10.2 30.5 18.3111111111 30.6 10.1 30.0555555556 30.5 7.5 NaN NaN NaN NaN 7 30.053428636 30.335702243 24.7202728564 7.9079276146 30.7 30.4 25.3 30.3 30.4 30.5 30.5 13.3 13.1 NaN NaN NaN NaN NaN NaN
NaN NaN NaN NaN NaN NaN NaN NaN NaN NaN NaN NaN NaN NaN NaN NaN NaN NaN NaN NaN NaN NaN NaN NaN NaN NaN NaN NaN NaN NaN NaN NaN NaN NaN NaN NaN NaN NaN NaN 15.6 8.2 30.3 7.7 7.4 30.3 12.6 30.5 30.6094922192 30.3 7.3 NaN NaN NaN NaN NaN 7.1 12.5 30.7 15.6 30.9 7 30.4 5.3 30.3 30.4 8 15.7 7.6 NaN NaN NaN NaN NaN NaN
NaN NaN NaN NaN NaN NaN NaN NaN NaN NaN NaN NaN NaN NaN NaN NaN NaN NaN NaN NaN NaN NaN NaN NaN NaN NaN NaN NaN NaN NaN NaN NaN NaN NaN NaN NaN NaN NaN NaN NaN 7.8 10.6 30.2 30.6 25.7 20.2 7.6 30.2 10 7.5 NaN NaN NaN NaN NaN 7 7.3 30.5 30.8 30.5 30.6 7.3 7.6 7 7 8 7.8 NaN NaN NaN NaN NaN NaN NaN
NaN NaN NaN NaN NaN NaN NaN NaN NaN NaN NaN NaN NaN NaN NaN NaN NaN NaN NaN NaN NaN NaN NaN NaN NaN NaN NaN NaN NaN NaN NaN NaN NaN NaN NaN NaN NaN NaN NaN NaN NaN 7.9 8.2 NaN NaN 31.2 7.8 12.7 13 NaN NaN NaN NaN NaN NaN 6.9 NaN 7.4 31 7.2 7.2 30.5 NaN 6.9 17.2 7 7.9 NaN NaN NaN NaN NaN NaN NaN
NaN NaN NaN NaN NaN NaN NaN NaN NaN NaN NaN NaN NaN NaN NaN NaN NaN NaN NaN NaN NaN NaN NaN NaN NaN NaN NaN NaN NaN NaN NaN NaN NaN NaN NaN NaN NaN NaN NaN NaN NaN NaN NaN NaN NaN 7.8 30.7 8.3 28.3 NaN NaN NaN NaN NaN NaN NaN NaN 7.2 7.6 25.1 14.9 NaN NaN NaN NaN 9.9 7.7 NaN NaN NaN NaN NaN NaN NaN
NaN NaN NaN NaN NaN NaN NaN NaN NaN NaN NaN NaN NaN NaN NaN NaN NaN NaN NaN NaN NaN NaN NaN NaN NaN NaN NaN NaN NaN NaN NaN NaN NaN NaN NaN NaN NaN NaN NaN NaN NaN NaN NaN NaN NaN NaN 10.2 NaN NaN NaN NaN NaN NaN NaN NaN NaN NaN NaN NaN NaN NaN NaN NaN NaN NaN 7.2 NaN NaN NaN NaN NaN NaN NaN NaN
NaN NaN NaN NaN NaN NaN NaN NaN NaN NaN NaN NaN NaN NaN NaN NaN NaN NaN NaN NaN NaN NaN NaN NaN NaN NaN NaN NaN NaN NaN NaN NaN NaN NaN NaN NaN NaN NaN NaN NaN NaN NaN NaN NaN NaN NaN NaN NaN NaN NaN NaN NaN NaN NaN NaN NaN NaN NaN NaN NaN NaN NaN NaN NaN NaN 7 NaN NaN NaN NaN NaN NaN NaN NaN
NaN NaN NaN NaN NaN NaN NaN NaN NaN NaN NaN NaN NaN NaN NaN NaN NaN NaN NaN NaN NaN NaN NaN NaN NaN NaN NaN NaN NaN NaN NaN NaN NaN NaN NaN NaN NaN NaN NaN NaN NaN NaN NaN NaN NaN NaN NaN NaN NaN NaN NaN NaN NaN NaN NaN NaN NaN NaN NaN NaN NaN NaN NaN NaN NaN NaN NaN NaN NaN NaN NaN NaN NaN NaN
NaN NaN NaN NaN NaN NaN NaN NaN NaN NaN NaN NaN NaN NaN NaN NaN NaN NaN NaN NaN NaN NaN NaN NaN NaN NaN NaN NaN NaN NaN NaN NaN NaN NaN NaN NaN NaN NaN NaN NaN NaN NaN NaN NaN NaN NaN NaN NaN NaN NaN NaN NaN NaN NaN NaN NaN NaN NaN NaN NaN NaN NaN NaN NaN NaN NaN NaN NaN NaN NaN NaN NaN NaN NaN
NaN NaN NaN NaN NaN NaN NaN NaN NaN NaN NaN NaN NaN NaN NaN NaN NaN NaN NaN NaN NaN NaN NaN NaN NaN NaN NaN NaN NaN NaN NaN NaN NaN NaN NaN NaN NaN NaN NaN NaN NaN NaN NaN NaN NaN NaN NaN NaN NaN NaN NaN NaN NaN NaN NaN NaN NaN NaN NaN NaN NaN NaN NaN NaN NaN NaN NaN NaN NaN NaN NaN NaN NaN NaN
