Outfile_2.asc
NCOLS 201
NROWS 151
XLLCORNER 733748.947016
YLLCORNER 2561541.418206
CELLSIZE 137.483444
NODATA_VALUE NaN
[rows 40 to 79 of 151, columns 90 to 179 of 201]
6.3 6.5 30.5 10.6 19.3 9 5.3 3.7 6.3 5.1 30.4 9.1 6.75 8 8 6.9 6.4 8 7.3 6.6 6.6 7.2 7.3 12.4 30.2 7.25 7.05 7.25 30.4 7.45 30.8 3.3 7.25 9.85 7.25 1.1 6.45 6.65 6.55 30.4 6.85 6.25 20.8 24.2 30.1 10.6 3.1 3 NaN NaN NaN NaN NaN NaN NaN NaN NaN NaN NaN NaN NaN NaN NaN NaN NaN NaN NaN NaN NaN NaN NaN NaN NaN NaN NaN NaN NaN NaN NaN NaN NaN NaN NaN NaN NaN NaN NaN NaN NaN NaN
6.4 6.7 6.2 6.2 6.4 7 21.8 6.4 30.5 26.4 19.1 30.4 20.2 20.5 30.5 16.8 6.5 5.7 22.3 6.7 6.6 30.1 7.1 7.1 12.5 7.25 9.75 11.4 22.4 30.3 9.85 3.7 7.25 6.35 6.15 6.3 1 6.85 1.1 6.15 5.7 11.2 3.2 30.3 12.8 11.6 3 11.7 7.7 NaN NaN NaN NaN NaN NaN NaN NaN NaN NaN NaN NaN NaN NaN NaN NaN NaN NaN NaN NaN NaN NaN NaN NaN NaN NaN NaN NaN NaN NaN NaN NaN NaN NaN NaN NaN NaN NaN NaN NaN NaN
6.5 6.4 6.2 6.2 6.4 10.7 8.3 5 10.3 6.8 5.4 30.2 20.3 7 10.4 6.8 30.5 6.6 3.2 5.1 30.6 7.7 10.1 7.7 7.2 7.4 6.55 6.35 3.8 1 9.65 9.65 6.35 8.9 3.7 6.25 6.45 6.25 6.25 5.2 6.25 6 5.6 30.1 19.4 30.6 30.2 8 25.4 12.8 NaN NaN NaN NaN NaN NaN NaN NaN NaN NaN NaN NaN NaN NaN NaN NaN NaN NaN NaN NaN NaN NaN NaN NaN NaN NaN NaN NaN NaN NaN NaN NaN NaN NaN NaN NaN NaN NaN NaN NaN
1.2 5.8 6 22.6 3.1 8.3 10.1 3.1 30.5 30.5 19.8 30.3 5.2 6.6 6.6 6.9 6.7 30.6 5.9 6.5 8.2 15.2 7.4 7.4 27.8 7.7 7.05 6.85 6.45 3.9 4 9.1 6.5 4 30.3 1.4 3.8 1.4 30.4 30.4 11.5 5.6 30.2 9.1 11.5 6.55 7.6 5 30.4 5.1 13.2 NaN NaN NaN NaN NaN NaN NaN NaN NaN NaN NaN NaN NaN NaN NaN NaN NaN NaN NaN NaN NaN NaN NaN NaN NaN NaN NaN NaN NaN NaN NaN NaN NaN NaN NaN NaN NaN NaN NaN
15.7 6.2 17.7 9.9 7.2 10 11.7 30.6 30.6 30.4 13 6.8 15.2 3.1 17.6 4.1 3.9 11.4 6.6 12.9 7.5 9.8 7.2 7.2 7.2 10 7.4 6.35 6.55 3.8 1.2 17.2 30.4 30.6 1.2 21.4 6.2 1.2 30.2 8.9 3.8 30.4 5.3 14.4 7.7 30.4 12.7 7.6 6.25 6.15 3.1 6.35 NaN NaN NaN NaN NaN NaN NaN NaN NaN NaN NaN NaN NaN NaN NaN NaN NaN NaN NaN NaN NaN NaN NaN NaN NaN NaN NaN NaN NaN NaN NaN NaN NaN NaN NaN NaN NaN NaN
3.7 1.3 6 6 7.7 30.3 30.8 30.9 12.7 20.3 13.1 7.4 7 30 9.8 3.3 4.2 22.4 7.3 7.1 7.4 7.3 14.9 12.4 14.8 6.7 30.3 3.7 6.45 3.9 1.2 1 12.45 7.15 7.15 1.1 1.1 1.1 6.25 3.7 15.9 1.2 30.4 5.7 5 3.1 10.7 3.3 3.2 11.2 3.2 7.15 NaN NaN NaN NaN NaN NaN NaN NaN NaN NaN NaN NaN NaN NaN NaN NaN NaN NaN NaN NaN NaN NaN NaN 7.1 25.3 12.8 NaN NaN NaN NaN NaN NaN NaN NaN NaN NaN NaN NaN
30.1 3.4 6 6 14.2 30.7 30.3 30.2 6 7.1 7.2 30.5 30.2 3.9 7.5 7.4 7.5 7.1 7.2 5.3 7.5 7.2 7.4 7.7 5.2 30.3 12.8 3.1 6.35 24.65 17.45 18.25 30.55 16.2 7.25 7.15 7.05 1 1.4 11 6.4 1.1 6.35 16.2 5.6 3.6 6.2 9.6 30.1 8.2 7.05 3.2 6.85 NaN NaN NaN NaN NaN NaN NaN NaN NaN NaN NaN NaN NaN NaN NaN NaN NaN 7.8 7.3 5.1 7.1 3.8 7.4 8.2 30.3 9.7 7 5.1 5.1 5.1 5.4 5.3 5.1 5.3 5.2 5 5.1
3.1 16.7 7.7 6.3 30.7 11.5 30.4 30.3 8 17.5 30 7.7 7.3 3.8 11.5 7.4 15.1 30.3 18 7.6 14.1 7.3 5.1 30.5 5.7 13.3 6.6 7.1 7 7.05 7.25 9.95 7.15 7.15 7.15 5.9 6.95 13.7 3.2 15.8 3.1 3.1 6.35 6.25 3 15.7 3.6 6.35 6.05 9.7 5.7 6.95 6.85 6.85 NaN NaN NaN NaN NaN NaN NaN NaN NaN NaN NaN NaN NaN NaN NaN NaN 1.1 10.1 5 7.4 6.8 9.7 15 7 1.1 1.2 3.3 7.2 28.1 7.6 5.3 5.2 5 5.1 5 5.1
5.2 10.2 20.8 5.8 5.8 30.4 30.6 30.2 7.8 10.1 7.6 30.4 6.6 6.1 3.7 5 6.1 8.2 8.2 10.9 1.3 3.3 6.3 7 3.1 6.1 6.1 5.1 3.7 1.2 7.15 7.15 9.95 7.25 7.05 8.4 10.7 5.6 5.7 3.7 6.25 14.2 6.25 7.2 1.1 3.6 6.25 6.45 1 6.25 1.1 3.6 1.1 6.85 NaN NaN NaN NaN NaN NaN NaN NaN NaN NaN NaN NaN NaN NaN NaN NaN NaN 19.7 7.7 7.7 7.7 7.9 8 1.3 7.9 7.8 7.6 7.9 5.5 5.1 5.3 5.2 6.9 6.9 5.1 NaN
22.9 6.25 13.5 10.9 30.6 30.4 30.4 11.8 9 7.2 14.9 30.4 10.1 5.8 6.1 6.7 3.7 5.7 10.8 30.6 5.7 25.3 7.7 12.2 3.1 3.9 7.8 11.2 1 5.65 6.75 6.2 6.55 11.7 30.4 7.15 6.95 3.3 5.6 6.45 12.3 10.2 6.35 7.2 1.1 5.9 3.7 6.45 1.2 7.25 1.2 3.8 5.7 7.05 7.15 NaN NaN NaN NaN NaN NaN NaN NaN NaN NaN NaN NaN NaN NaN NaN 9.1 12.8 7.8 7.9 10.6 13.3 10.4 15.4 22.1 12.9 8 7.7 5.2 5.3 5.4 5.2 7 7 NaN NaN
5.95 6.05 30 30.4 30.3 26.6 21.8 6.3 11.6 7.5 7.4 7 5.1 26.4 3.6 5.8 5.8 3.3 3 7.7 6.3 27.2 7.1 30.1 30.3 1.3 30.3 15.2 3.7 1.3 3.8 5.9 5.95 30.7 30.5 3.2 6.75 3.1 3.3 6.45 5.1 7.1 5.75 9.8 1.1 3.8 6.1 30.2 5.95 6.65 9.7 6.65 6.65 6.75 6.6 6.6 NaN NaN NaN NaN NaN 6.5 NaN NaN NaN NaN NaN NaN NaN NaN 7.4 8.1 28 7.6 7.6 7.8 6.3 20.3 18 7.9 7.7 7.7 7.3 5.7 5.2 5.3 5.3 NaN NaN NaN
30.5 11.6 24.2 30.5 30 9.3 30.3 16.8 25 7.1 22.2 10.4 3.7 3.8 1.2 1.1 19.1 9.1 3.1 10.8 6.4 22.2 7 8.7 30.5 5.3 5.6 5.2 5.1 5.7 12.8 23.8 5.85 5.85 30.5 6.4 6.85 17.1 1.1 30.4 14.7 7.3 5.85 6.05 30.4 30.2 5.65 3.1 1.4 3.7 6.75 6.75 19.1 6.1 6.8 3.2 6.6 6.4 6.5 6.5 6.5 6.6 6.5 NaN NaN NaN NaN NaN NaN 9.9 7.8 7.9 7.7 8 7.5 10.2 7.8 10.5 7.7 7.9 15.3 7.8 7.4 5.5 5.4 5.5 NaN NaN NaN NaN
30.6 30.4 11.8 30.5 9 30.5 14.5 30.5 30.4 6.2 26.7 10.1 1.5 1.1 4.1 6.4 21.6 24.3 6.4 8 6.15 5.9 30.5 4 5.9 1.5 5.85 5.95 1.3 17.9 6.05 3.3 3.4 13.8 3.8 7.4 6.95 30.8 30.4 9.8 14.6 7.2 7 3.7 18.4 1.1 3.6 25.8 13.3 5.95 5.75 3.7 6.8 6.2 3.6 6.6 6.6 6.4 6.6 6.5 6.7 6.6 6.5 NaN NaN NaN NaN NaN 7 5.4 10.2 30.4 12.8 7.9 30.5 30.1 7.7 15.3 10.1 7.4 7.7 7.7 9.6 9.8 NaN NaN NaN NaN NaN NaN
11.8 30.3 17 30.9 30.7 16.7 30.4 30.6 6.1 7.2 5.3 5.1 6.1 30.4 5.9 8.7 1.1 1.3 6.3 3 5.75 3 30.2 8.4 3.7 3.7 1.2 3.3 1.2 7.6 30.3 5.9 12.8 3.7 7.05 24.9 6.95 6.7 21.5 4 10 30.5 7.3 30.5 30.4 5.8 3.3 5.6 30.4 5.95 5.75 6.7 6.7 5.9 30.1 6.9 1.1 3.7 6.9 6.6 6.7 6.6 5.3 NaN NaN NaN NaN NaN 6.8 6.9 9.7 7.6 30.3 7.6 7.7 10.4 7.6 7.6 30.5 7.8 3.9 28.8 7.6 7.2 NaN NaN NaN NaN NaN NaN
14.2 30.5 30.4 30.8 30.5 24.2 15.3 15.1 5 5 5 1.3 6.3 6.1 3.6 1.3 4 10.7 6.4 5.2 13.4 10.9 3.8 30.5 30.5 3.8 7.7 5.85 5.6 7 30.2 1.2 3 5.75 1 6.75 6.05 30.4 5.85 30.3 9.8 10 30.3 30.4 30.6 3.7 3.3 30.5 8.1 12.2 8.7 6.35 6.6 5.7 6.3 6.6 6.9 6.8 6.6 6.6 6.8 6.6 6.6 NaN NaN NaN NaN 6.9 6.9 7.2 7.4 7.1 10.6 17.9 15.4 10.5 18.8 7.6 12.7 15 30.4 8.1 30.5 8.1 NaN NaN NaN NaN NaN NaN
30.8 9.7 17 30.5 26.7 30.6 8.1 1 3.7 10.1 3.1 11.2 6.2 5.8 6.4 8.4 5.6 5.3 30.4 7.7 6.3 8.7 5.9 5.85 5.95 5.65 7.7 30.6 10.2 7.7 6.05 5.7 3.7 5.75 5.1 5.85 6.05 5.75 30.2 5.2 14.6 19.9 19.9 29.8 17.3 30.5 8.7 5.65 3.2 30.5 13.3 15.6 3.7 5.7 3.5 6 5.9 6.8 3.7 6.9 6.9 30.4 NaN NaN NaN 6.9 6.2 6.4 30.4 1.3 30.4 7.1 7 9.8 7.7 7.8 7.5 7.7 7.7 10.3 7.6 7.4 7.8 NaN NaN NaN NaN NaN NaN NaN
30.2 30.6 30.5 30.9 30.7 30.2 30.7 5.4 7.7 5.2 3.2 6 3 30.1 5.8 8.1 30.5 7.6 30.5 1.4 8.2 18.4 10.2 5.2 5.95 5.95 5.85 10.4 6.15 12.9 30.4 5.65 5.75 1 5 5.85 5.3 5.1 3.7 15.2 12.3 10.9 7 30.6 27.3 9.9 1.2 8.6 1.2 25.7 11 28.3 5.1 18.8 30.2 1.2 6.7 6.5 30.6 7.2 6.8 NaN NaN NaN NaN 30.5 6.3 22.4 4.1 12.7 30.7 30.3 18.7 6.8 5.1 10.1 7.8 7.7 7.9 15.3 7.5 7.6 7.7 NaN NaN NaN NaN NaN NaN NaN
30.6 30.5 30.3 30.7 30.3 27.8 6.7 12.9 5.4 5.1 3 6.1 8.1 15.8 25.3 7.3 15.9 15.8 10.5 15.5 8.6 5.7 28.8 5.85 5.75 5.95 5.85 7.6 20.5 30.3 30.2 9.9 3.1 3.1 21.6 30.2 5.8 13.7 5.75 9.9 7.1 23 24.8 5.3 10 7.8 5.7 3.1 3.2 3 5.85 5.85 5.1 1.7 6 6.1 6.2 7.1 6.9 7.2 9.9 6.8 NaN NaN 29.8 30.2 30.4 7.2 7.1 7.1 7.1 7.3 7.1 30.2 6.9 7.4 30.1 30.4 7.8 7.5 3.6 7.9 8.1 NaN NaN NaN NaN NaN NaN NaN
30.7 30.4 30.3 30.4 3.2 6.4 7.7 18.1 27.4 5.2 5.2 5.1 5.1 5 5.7 3.8 30.6 30.4 5.1 18 30.3 1.3 12.9 8.4 5.75 5.85 6.25 5.75 7.8 6.25 20.6 5.8 29.9 8.8 23.7 3.7 23 5.1 3 30.2 8 6.5 6.5 30.4 7.3 5.2 12.8 5.3 5.1 3.7 5.85 5.95 5.65 5.75 30.3 26 12.9 6.8 6.8 22.2 9.8 6.6 6.8 6.9 NaN 6.6 7.2 14.7 6.5 9.7 30.3 19.7 14.9 7.5 30.6 7.4 10.1 7.7 7.9 8 10.7 8.3 8.1 8 NaN NaN NaN NaN NaN NaN
30.7 19.2 30.3 30.8 7 6.6 5.8 26.5 30.2 30.1 7.7 10.6 10.2 5.2 10.4 30.4 24.7 15.2 15.2 5.3 20.1 17.8 7.6 5.95 5.95 6.05 5.75 5.85 6.15 18.5 23.4 5.9 6.4 30.5 30.1 30.2 30.1 1.3 5.2 7.8 5.95 12.5 5.75 5.75 5.75 7.6 5.75 5 10.2 5 30.1 5.95 6.15 6.15 3.1 7.8 6.3 6.2 30.2 30.1 1.2 6.4 27.8 6.7 26.7 30.3 10 6.9 3.8 10 7.1 7.3 7.6 7.3 7.3 7.4 7.8 7.7 17.8 6.3 10.9 7.9 8.1 7.8 7.9 NaN NaN NaN NaN NaN
30.5 30.7 30.4 6.8 10.7 30.7 30.8 30.3 30.3 11.8 24.5 7.6 5.2 30.6 30.4 30.1 5.3 6.2 13.1 8 5.2 7.6 5.7 5.95 5.75 6.05 6.05 6.15 1.3 5.95 15.2 24.1 5.3 30.5 29.1 14.7 8.9 6.45 18.5 6.15 3.9 20.7 3.4 30.2 5.65 5.95 5.65 14.7 5.65 30.2 30.3 6.4 5.2 5.9 30.1 6.1 17.2 6 10.7 30.4 1.2 19.7 7.1 20.4 30.4 30.8 30.2 6.5 6.9 1.1 17.4 7.3 6.6 7.3 9.9 7.2 7.6 12.8 8 7.9 7.6 8 8 10.6 10.5 NaN NaN NaN NaN NaN
30 30.6 30.6 30.6 3.7 27.1 14.4 30.9 30.3 30.9 24.3 30.4 30.6 7.8 5.8 5.2 7.8 8.3 12.9 20.3 5.8 20.1 3.2 20.3 5.75 1 5 4 30.1 23.4 5.65 19.1 9.1 9 30.5 5.55 5.45 5.45 7.7 17.8 30.4 30.6 7.9 5.95 5.95 5.85 5.95 3.2 5.95 12.8 22.9 6.15 5.95 18.7 5.85 30.3 9.7 6.2 12.7 30.3 30.3 30.4 26.1 6.1 30.4 30.4 6.6 6.5 5.7 6.5 6.7 6.6 6.5 6.4 6.6 7.2 7.6 7.5 10.4 8.9 19.8 22.8 15.2 8 NaN NaN NaN NaN NaN NaN
30.6 30.9 6.6 31.2 30.9 10 30.8 30.6 30.5 30.4 30.4 30.5 30.7 8.4 23.3 12.8 3.3 30.3 7.8 30.3 7.7 10.2 30.2 5.95 30.4 5.85 5.4 6.05 24.8 20.7 14.7 5.85 30.2 5.3 5.65 6.05 5.65 5.65 20.3 30.5 12.1 30.6 12.8 12.8 8.3 14.8 7.8 13.1 5.1 3 12.7 22.9 30.7 25.4 7.2 9 6.3 6.2 7.8 30.5 15.7 10.1 30.7 6 6.6 7.2 8 20.5 6.3 11.1 10.6 1.2 8.8 30.6 9.7 7.2 7.2 7.8 11.2 7.8 7.75 10.75 12.85 7.85 NaN NaN NaN NaN NaN NaN
30.4 22 NaN NaN NaN 5.1 16.8 30.8 30.6 14.3 29.4 21.7 26.9 30.5 30.3 27.4 22.9 1.3 1 5.2 4 3 30.3 7.7 10.2 30.3 6.45 6.35 6.45 5.5 7.4 30.2 14.6 6.35 6.25 6.25 6.25 6.05 28.5 5.2 7 10.3 17.7 30.4 7.4 19.2 29.9 9.7 9.9 9.7 18.4 30.4 5.2 20.4 16.7 5.1 6.1 6.3 6.4 6.2 30.8 30.8 13.7 16.3 1.1 25 3.9 5.1 6.5 12.7 12.8 6.5 6.6 7.4 30.3 7.1 7.35 7.65 7.85 7.65 7.75 7.75 10.35 7.95 10.45 NaN NaN NaN NaN NaN
30.6 NaN NaN NaN NaN NaN 30.5 30.3 14.1 31 31 30.4 16.7 9.6 30.5 7.2 5.2 5.1 5.7 6.05 30.5 7.9 7.6 12.8 20.3 30.6 6.65 6.25 6.15 5.1 30 6.15 6.35 7.8 6.25 6.15 6.25 6.65 6.35 29.8 27.1 7.2 25.4 17.9 7.2 7.2 9.1 7.6 19.6 11.1 7.9 7.2 30.3 13.4 14.5 10.3 30.4 6.1 30.6 6.3 30.2 27.8 6.5 30.4 30.4 1.2 9.1 6.4 6.6 20.3 7.6 1.1 6.1 7.35 7.75 7.35 7.25 7.65 7.85 7.65 7.65 7.85 7.85 12.6 25.65 7.95 1.1 7.75 NaN NaN
NaN NaN NaN NaN 6.6 12 15 30.6 30.5 30.3 30.6 30.5 7.7 3.9 30.4 14.6 30.1 25.4 7.7 6.4 18.8 30.6 30.7 5.4 30.7 6.35 5.8 20.3 6.35 6.45 6.55 6.35 6.35 6.15 6.35 6.55 6.25 6.35 6.65 6.65 6.35 6.35 6.25 6.25 9.1 5.95 16.6 5.3 25.3 30.7 22.3 7.5 20 6.05 5.2 13.3 6.25 30.5 11.5 11.7 27.7 14.3 30.7 30.2 16.8 24.4 14.7 6.9 14.6 7.1 7.35 7 6.25 6.65 7.55 9.85 7.25 7.25 7.85 7.65 7.65 7.95 7.85 30.6 7.75 7.75 10.25 7.85 7.75 NaN
NaN NaN NaN 5.7 5.9 19.1 30.5 30.7 9.1 9.1 30.1 30.5 30 30.5 7.3 6.3 16.8 10.4 30.3 8 13 10.4 30.6 29.9 6.45 6.15 10.1 6.05 6.45 6.05 6.35 6.35 6.35 6.15 6.25 6.15 6.25 6.45 6.45 6.75 10.3 6.6 30.3 12.5 30.3 30.3 6.25 8.1 30.7 14.8 5.95 5.95 6.15 6.15 6.25 6.15 30.4 6.25 7.2 7 30.8 6.9 30.5 6.2 7 7.2 7.3 7.2 7.45 11.5 7.25 1.1 3.7 6.65 7.45 14.95 7.55 7.45 7.45 7.85 7.95 20.55 7.95 7.85 7.85 8.05 7.2 7.85 10.25 NaN
NaN NaN 27.6 1.5 8.1 30.1 30.8 17.4 9.2 11.6 7 12.4 12.3 7.2 6.6 6.5 30.1 6.6 6.9 30.4 3.7 5.6 30.5 6.45 6.35 6.35 6.25 15.2 6.25 6.25 6.25 6.25 6.7 6.45 6.15 6.35 6.35 6.15 6.75 22.4 6.65 14.3 30.3 6.65 30.2 30.5 12.3 30.3 26.8 5.95 5.75 5.95 6.05 6.15 6.05 6.25 6.05 30.2 30.1 30.8 30.2 6.85 7.15 9.6 6.55 6.85 7.8 7.45 7.75 7.45 7.65 1 6.35 6.35 12.45 7.35 7.25 7.55 7.65 9.95 7.35 7.75 7.75 7.95 23.05 7.95 7.75 7.75 NaN NaN
NaN NaN 5.8 5.9 24.7 5 5.6 5.2 7.3 14.7 5 5.2 15.3 6.7 6.2 5.4 5.2 5.3 10.6 30.5 7.7 30.8 13.3 10.4 7.8 6.45 6.15 25.3 5 6.5 7 6.8 6.9 6.35 6.45 6.55 6.55 5.3 3.4 8.5 30.8 30.3 16.7 30.6 24.3 5.1 6.25 10.2 22.3 6.15 5.85 5.95 6.05 17.9 6.45 14.1 6.75 7.05 6.65 6.95 3.6 11.4 6.6 6.65 1.1 3.8 1 1.3 9.55 7.55 14.85 7.35 6.25 6.25 6.75 7.35 6.4 7.45 15.05 7.25 7.35 9.95 10.45 17.5 7.85 7.65 NaN NaN NaN NaN
NaN 5.6 6 9 5.1 4.7 4.8 5.4 4.7 4.7 5.3 5.2 30.5 5.5 5.3 4.7 5.1 4.5 4 5.4 7.3 30.6 5.7 5.8 6 6.25 6.15 19.7 6.6 6.9 6.9 7.2 6.9 6.75 6.15 6.35 6.25 6.35 7.1 9.5 30.3 30.3 30.4 30.3 11.6 6.25 7.1 6.05 NaN 6.45 6.25 6.05 25.4 6.45 9.8 5.9 6.45 30.3 6.95 6.55 6.45 1.1 6.75 5.2 10.7 30.5 7.6 3.6 6.95 14.65 9.85 7.25 7.25 7.35 14.55 7.45 7.45 9.85 7.55 7.45 7.35 7.55 7.35 7.45 12.65 NaN NaN NaN NaN NaN
5.8 6.5 5.9 5.2 5.1 4.9 4.8 5.1 10.9 4.9 5.1 5.4 5.4 5.3 16.6 5.4 5.4 30.3 6.4 10.7 16.8 30.5 30 30.3 5.9 6.75 7.3 7.1 6.8 9.6 6.9 6.9 7 6.4 6.8 1.1 5.75 6.15 29.8 9 30.6 29.4 30.4 30.1 30.5 30.3 5 6.15 8.1 28.9 14.2 6.35 6.45 6.25 30.1 6.85 6.55 7.15 30.2 5.1 5 6.35 5.75 3.7 5.6 13.4 6.25 6.35 6.35 6.25 3.7 7.55 9.95 7.35 10.35 7.55 30.15 9.95 7.55 30.05 7.75 20.75 7.55 7.55 7.55 7.35 NaN NaN NaN NaN
5.3 5.4 30.5 5.1 5.6 5.3 5.5 5.3 5.1 30.6 5.5 5.4 5.5 5.3 28.3 5.4 5.2 4.8 5.3 30.6 30.4 30.5 9.8 5.3 15.4 6.8 6.6 6.8 7 6.9 6.5 7.8 6.4 6.4 6.4 6.5 6.15 6.05 30.1 9.1 30.5 30.1 14.7 30.3 30.5 6.45 30.9 6.55 30.4 30.5 6.45 6.15 30.1 6.35 6.75 6.55 6.95 30.7 6.85 6.85 5 14 25.2 15.8 5.2 26.5 8.2 8.4 6.45 8.9 14 21.4 30.5 7.15 7.65 7.55 7.55 10.15 7.55 7.75 7.65 10.15 7.45 7.45 7.65 7.45 7.35 1.1 NaN NaN
5.3 30.6 5.3 5.4 30.9 8.4 5.9 5.8 5.9 5.6 5.3 5.2 6.5 6.5 5.1 5.3 30.4 17.7 7.8 30.2 30.3 5.5 31 8.3 7.9 30.6 7 6.5 6.6 6.9 6.4 6.2 6.4 6.5 6.7 6.6 6.6 6.3 12.2 19.1 30.6 27.1 30.6 30.5 30.2 11.9 24.4 7.8 6.05 6.25 6.25 6.15 6.35 6.55 6.55 30.4 7.05 9.65 6.85 6.85 6.45 6.35 1.2 1.2 14.1 1.6 6.35 6.85 6.95 30.3 6.95 6.75 14.95 7.75 7.85 7.65 7.45 7.55 7.45 10.15 7.35 7.65 10.05 7.65 22.75 10.25 10.35 30.3 7.35 7
5.8 21.8 5.2 5.2 30.3 8.1 16.2 23.7 6.1 5.9 5.6 5.8 10.3 5.6 30.5 3.5 3.7 3.3 11.6 5.3 30.5 17.1 30.3 30.2 30.5 5.1 23 3.4 6.6 6.9 6.6 6.6 6.7 6.4 6.3 30.3 6.6 6.6 6.7 12.7 30.8 30.6 30.5 30 19.8 6.15 6.25 5.95 7 24.1 26.9 30.4 6.55 6.55 6.45 6.75 30.3 7.8 7.05 7.15 6.65 6.55 3.3 6.55 8.2 30.5 20.3 6.85 7.15 11.9 6.75 7.45 7.25 7.45 10.35 7.75 7.65 7.85 12.65 7.65 7.55 7.65 10.05 7.85 7.35 7.55 6.4 3.8 9.95 7.35
11.9 30.6 30.7 30.4 6 10.4 30.8 6 6.3 6 26.6 5.8 5.5 30.2 5.6 6 5.1 19.8 17.6 10.3 8 7.7 6.5 18 5.5 15.3 13 7.6 3.2 6.5 6.5 6.7 7 6.5 30.6 22.4 6.5 15.9 25.6 6.8 30.5 30.5 30.5 17.3 7.1 9.8 5.95 7.1 7.3 7.1 30.6 9.2 6.05 6.65 30.4 6.95 7.25 6.95 6.95 7.05 6.85 1 3.8 30.3 8.7 19 3.3 5.3 30.4 6.85 30.9 14.75 3.8 22.85 7.85 30.6 10.35 6.85 6.95 10.15 12.2 7.55 15.05 21.5 24.9 12.1 6.1 13.8 7.25 9.7
5.5 15.3 30.5 6.1 5.8 5.9 30.5 15.4 6.2 6 30.9 14.3 5.4 14 5.4 30.1 20.5 7.6 5.2 30.6 5.1 7 19.8 21.6 5.1 10.5 8.3 30.4 30.4 6.7 6.5 5.5 6.9 7.5 30.7 7.3 7.6 7.7 6.9 25.7 30.5 30.4 30.4 6.25 5.6 7.3 7.1 6.15 6.35 16.9 30.4 6.15 6.75 6.85 7.2 6.95 7.25 7.05 10.15 6.95 6.85 4.1 7.15 6.95 8.15 6.2 3.9 6.3 9.55 8.9 6.95 18.4 30.4 7.35 15.4 5.7 3.1 6.65 7.55 7.45 7.35 7.65 7.4 12.2 9 1.3 9 9.85 7.15 7.15
5.7 5.7 5.6 5.2 5.5 6 8.6 30.5 6 30.3 7.5 30.8 5.8 5.8 5.3 30.1 6.7 5.3 6.7 11 7.7 5.1 7.4 30.6 30.5 13.4 6.4 30.5 15.4 1.4 6.4 6.9 30.1 30.4 7.5 30.7 27.5 7.4 10.2 7.8 7.2 30.4 6.75 6.35 5.7 7.2 6.15 6.35 6.15 6.35 6.45 6.15 7.8 6.85 6.85 5.2 6.95 7.05 6.95 7.15 6.3 6.85 6.95 7.35 10.65 30.6 6.65 6.95 12.85 7.25 22.45 7.6 7.35 5.3 6.95 6.75 6.55 7.35 7.55 7.65 7.75 30.25 7.55 7.15 7.2 1.2 8.7 1.1 30.2 7.1
4.7 5.2 4.7 5.5 5.5 4.9 11.6 30.4 30.3 11.3 6.1 30.2 6 5.5 5.5 5.7 5.5 20.5 30.1 6.7 7.7 30.6 5.3 12.8 30.4 30.3 30.4 10.9 30.4 6.3 30.6 6.7 7.1 7.6 7.2 7 30.4 30.1 9.8 7.8 6.45 12.3 30.3 6.15 6.15 6.15 6.35 6.25 7.1 6.35 6.25 6.65 6.75 6.85 17.2 7.25 30.25 7.25 6.75 30.6 7.05 6.85 7.15 7.15 8.15 3.8 1 6.55 10.05 9.75 7.65 7.45 7.25 12.55 7.45 7.55 10.15 7.55 7.55 17.95 7.35 7.55 7.55 14.1 9.6 7.25 7.45 6.2 13.7 24.95
5.2 30.3 5.3 5.3 5.4 5.8 4.6 3.9 19.1 13.9 5.4 30.5 30.4 30.5 30.7 5.4 30.7 30.9 6.3 30.5 10.1 30.1 7.7 7.1 9.2 5.3 7.6 8 28 6.5 6.8 6.9 7.5 12.5 7.4 30.4 30.6 7.2 12.1 9.9 30.9 30.2 30.3 14.7 5.95 6.15 6.15 6.15 6.45 6.15 6.45 7.25 6.95 6.65 30.5 7.05 9.85 9.85 7.15 15.4 19.1 1.5 6.2 1 7.65 19.95 7.25 3.7 1.2 7.35 7.65 7.35 3.6 7.45 12.65 10.05 10.05 7.45 7.1 10.15 7.55 9.95 7.45 7.15 7.25 7.6 7.45 20.15 10.05 12.65
30.3 6.2 5.5 5.7 5.4 30.4 5.5 5.1 4.9 30.5 5.1 5.5 5.7 5.5 5.2 5.4 5.3 20 30.7 30.7 31 30.5 9.8 29.7 12.8 30.6 30.2 6.3 6.4 30.5 10.9 30.3 5.8 30.4 21.6 14.3 7.1 11.6 7.2 10 29.3 30.5 29.5 9.2 6.75 30.1 6.75 6.85 6.55 30.3 7.05 7.45 7.05 7.05 30.5 14.4 10.5 12.35 7.25 17.45 3.8 1 1.1 5.1 6.3 17.2 7.55 7.45 7.15 7.55 7.2 6.65 7.55 7.55 9.95 7.45 10.15 24.95 7.45 12.65 7.85 7.75 7.25 7.25 7.25 7.6 9.85 7.25 7.05 7.25
