Outfile_4.asc
NCOLS 201
NROWS 151
XLLCORNER 730592.938286
YLLCORNER 2561222.529137
CELLSIZE 145.176046
NODATA_VALUE NaN
[rows 33 to 65 of 151, columns 0 to 73 of 201]
NaN NaN NaN NaN NaN NaN NaN NaN NaN NaN NaN NaN NaN NaN NaN NaN NaN NaN NaN NaN NaN NaN NaN NaN NaN NaN NaN NaN NaN NaN NaN NaN NaN NaN NaN NaN NaN NaN NaN NaN NaN NaN NaN NaN 9.8 30.7 7.3 9.9 7.3 7.5 12.4 12.4 7.1 7.2 7.6 7.7 8 7.6 30.6618913743 30.1615508071 10.8205792798 16.978511354 31.4 7.4 6.8 6.8 9.9 7 7.5 7 30.7161994504 5.1663880718 7.1 30.6660289775
NaN NaN NaN NaN NaN NaN NaN NaN NaN NaN NaN NaN NaN NaN NaN NaN NaN NaN NaN NaN NaN NaN NaN NaN NaN NaN NaN NaN NaN NaN NaN NaN NaN NaN NaN NaN NaN NaN NaN NaN NaN NaN NaN 7.3 23.1 10.5 7.5 7.4 7.4 6.9 12.2 7.2 6.7 14.9 7.5 17.8 7.8 9.9 10.4 7.1 7.1 30.8270461645 30.478511354 16.5 22.8333333333 30.3333333333 26.8517072729 7.5 10 12.1 7 7.1 7.2 20.6222222222
NaN NaN NaN NaN NaN NaN NaN NaN NaN NaN NaN NaN NaN NaN NaN NaN NaN NaN NaN NaN NaN NaN NaN NaN NaN NaN NaN NaN NaN NaN NaN NaN NaN NaN NaN NaN NaN NaN NaN NaN NaN NaN NaN 30.6 4.5 10.3 6.9 3.8 18.9 3.8 7.2 7.2 6.6 30.1 15.3 17.8 25.2 30.6 22.3 15.614274771 14.8 25 30.7205792798 30.4540925512 7.2 7.3 7 10 12.5 7.4 7.7827842464 7.247996552 30.1017858479 30.5217300308
NaN NaN NaN NaN NaN NaN NaN NaN NaN NaN NaN NaN NaN NaN NaN NaN NaN NaN NaN NaN NaN NaN NaN NaN NaN NaN NaN NaN NaN NaN NaN NaN NaN NaN NaN NaN NaN NaN NaN NaN NaN NaN NaN 30.3 8.5 30.5 31 24.6 30.4 17.6 10 7.5 10.4 30.6 15.3 30.6 7.9 31 30.5 30.5 7.6 7.2 6.9 30.5134491708 6.9 22.6 4.7384487607 19.7726779369 7.2 4.6333333333 7.5 7.6 13.1660289775 23.1
NaN NaN NaN NaN NaN NaN NaN NaN NaN NaN NaN NaN NaN NaN NaN NaN NaN NaN NaN NaN NaN NaN NaN NaN NaN NaN NaN NaN NaN NaN NaN NaN NaN NaN NaN NaN NaN NaN NaN NaN NaN NaN NaN 4.2 10.1 30.4 7.9 23.9 9.1 30.5 7.7 30.8 7.7 30.4 10 30.7 22.8 7 7.6 30.9 17.3 4.5 7.1328101159 6.9 5.7556550252 27.7 22.5 7.4 7.5 7.6 7.5 10.2 9.9 7.8
NaN NaN NaN NaN NaN NaN NaN NaN NaN NaN NaN NaN NaN NaN NaN NaN NaN NaN NaN NaN NaN NaN NaN NaN NaN NaN NaN NaN NaN NaN NaN NaN NaN NaN NaN NaN NaN NaN NaN NaN NaN NaN NaN NaN 30.9 30.2 14.2 9.8 7.3 7.3 7.5 27.8 10.4 7.8 12.7 30.9 31 30.8 31 30.7 7 30.3 30.3 30.5 8.9 9.9 6.9 7.6453558739 7.9 7.5084518793 30.7134491708 7.4 7.6 7.4
NaN NaN NaN NaN NaN NaN NaN NaN NaN NaN NaN NaN NaN NaN NaN NaN NaN NaN NaN NaN NaN NaN NaN NaN NaN NaN NaN NaN NaN NaN NaN NaN NaN NaN NaN NaN NaN NaN NaN NaN NaN NaN 6.6 6.9 7 6.8 1.1 30.5 30.4 10 9.8 30.3 7.8 12.7 31.2 30.7 30.8 30.8 30.7 12.6 15.2 31.1 9.5 19 30.6 9.7 6.7 6.5 6.7 6.9 7 10 30.2618913743 7.3
NaN NaN NaN NaN NaN NaN NaN NaN NaN NaN NaN NaN NaN NaN NaN NaN NaN NaN NaN NaN NaN NaN NaN NaN NaN NaN NaN NaN NaN NaN NaN NaN NaN NaN NaN NaN NaN NaN NaN NaN 1.2 16.8 6.8 26.1 4.3 6.7 19.7 7.7 22.9 1.8 30.2 7.6 7.6 12.7 30.7 22.4 1.5 7.7 12.8 30.2 4.5 7.2 30.3 29.3 6.9 6.8 6.7 6.8 6.7 6.7 7.3 14.8 12.2 30.1768182948
NaN NaN NaN NaN NaN NaN NaN NaN NaN NaN NaN NaN NaN NaN NaN NaN NaN NaN NaN NaN NaN NaN NaN NaN NaN NaN NaN NaN NaN NaN NaN NaN NaN NaN NaN NaN NaN NaN NaN 30.6 11.7 6.8 4.1 24.3 18.1 7.2 1.3 6.6 7.3 7.2 10.1 30.6 30.7 10.8 10.4 30.2 10.2 16.9 6.6 30.6 22.4 30.3 6.6 6.2 6.7 6.4 6 6.3 6.3 14.9856743286 7.3 7.2 30.0205792798 7.3
NaN NaN NaN NaN NaN NaN NaN NaN NaN NaN NaN NaN NaN NaN NaN NaN NaN NaN NaN NaN NaN NaN NaN NaN NaN NaN NaN NaN NaN NaN NaN NaN NaN NaN NaN NaN NaN NaN NaN 7.2 6.7 6.7 6.5 6.8 30.7 30.6 6.6 6.7 6.7 7.1 6.8 7.5 30.7 10.6 8 30.7 30.1 9.1 7 6.7 11.8 9.8 6.4 6.4 30.7 30.7 6 6.3 6.3 6.4 7.1 6.9 30.078511354 12.3892557464
NaN NaN NaN NaN NaN NaN NaN NaN NaN NaN NaN NaN NaN NaN NaN NaN NaN NaN NaN NaN NaN NaN NaN NaN NaN NaN NaN NaN NaN NaN NaN NaN NaN NaN NaN NaN NaN NaN NaN 7.5 7.4 6.9 6.6 6.8 6.8 17.8 6.7 6.5 6.8 7.1 10.1 28.2 6.7 10.7 30.6 30.7 30.5 30.2 6.8 29.5 10.3 30.5 6.8 6.2 6.4 30 6.1 17.1 6.2 6.4 30.3267895821 30.0856743286 30.2333333333 17.2
NaN NaN NaN NaN NaN NaN NaN NaN NaN NaN NaN NaN NaN NaN NaN NaN NaN NaN NaN NaN NaN NaN NaN NaN NaN NaN NaN NaN NaN NaN NaN NaN NaN NaN NaN NaN NaN NaN 15.2 30.2 15 7.3 7.1 6.5 6.5 6.8 6.9 6.8 7.3 7.1 7.3 7.2 19.5 7.7 10.5 31 7.7 7.4 7.2 7 9.6 7.1 9.5 7.2 6.1 8.1 6.5 6.3 6 6.2 21.8946277864 30.3267895821 12.4856743286 6.7
NaN NaN NaN NaN NaN NaN NaN NaN NaN NaN NaN NaN NaN NaN NaN NaN NaN NaN NaN NaN NaN NaN NaN NaN NaN NaN NaN NaN NaN NaN NaN NaN NaN NaN NaN NaN NaN NaN 7.3 8.2 30.2 10 7.6 7.1 6.9 6.9 6.9 7.1 7.4 7.5 9.7 19.9 9.7 7.8 9.7 7.4 10 30.3 30.2 30.2 6.7 30.6 5.2 7.2 6.1 6 30.5 6.1 6.7 6.9 6.9 6.7 6.1 7.3666666667
NaN NaN NaN NaN NaN NaN NaN NaN NaN NaN NaN NaN NaN NaN NaN NaN NaN NaN NaN NaN NaN NaN NaN NaN NaN NaN NaN NaN NaN NaN NaN NaN NaN NaN NaN NaN NaN NaN 20 15.2 7.4 9.9 10 7.6 7.3 7.1 7.3 30.5 17.7 7.1 7 7.2 10.4 30.7 16.9 30.4 7 19.9 6.3 30.4 30.6 30.2 30.8 30.3 30.7 6.2 6.2 6.3 7 7.1 6.8 19.7242242458 24.6946277864 30.1928371643
NaN NaN NaN NaN NaN NaN NaN NaN NaN NaN NaN NaN NaN NaN NaN NaN NaN NaN NaN NaN NaN NaN NaN NaN NaN NaN NaN NaN NaN NaN NaN NaN NaN NaN NaN NaN NaN NaN 7.8 7.6 7.8 10.3 7.5 10 7.3 7.3 30 17.3 7.6 7.4 7 30.2 12.9 4.4 7.1 12.1 6.2 6.6 30.5 30.7 4.4 30.1 6.6 30.8 7 31.1 7.1 7.2 12.4 8.2 30.3083333333 30.6083333333 30.135702243 30.2923526966
NaN NaN NaN NaN NaN NaN NaN NaN NaN NaN NaN NaN NaN NaN NaN NaN NaN NaN NaN NaN NaN NaN NaN NaN NaN NaN NaN NaN NaN NaN NaN NaN NaN NaN NaN NaN NaN NaN 7.4 7.7 7.6 7.5 7.2 30.3 9.4 30.8 7.2 9.7 7.3 15 30.7 31.3 15.4 7.3 12.6 7.4 21.1 6.8 30.1 25.3 30.6 30.6 30.4021130107 6.4 6.9 6.7 7.4 7.1777777778 7.2 7.4 30.203030303 19.603030303 15.203030303 6.7
NaN NaN NaN NaN NaN NaN NaN NaN NaN NaN NaN NaN NaN NaN NaN NaN NaN NaN NaN NaN NaN NaN NaN NaN NaN NaN NaN NaN NaN NaN NaN NaN NaN NaN NaN NaN NaN 30.7 7.6 7.6 7.7 15.2 7.4 12.5 30.6 7.8 29.5 7.4 30.4 22.2 31.5 7.3 7.2 12.6 9.7 30.2 31.3 6.5 6.3 12.9188440482 20.635702243 12.3564102564 7.0847858837 6.1 6.8 30.4166666667 7.5 30.0761904762 7.2 7.2 15.8 7.3 7.3 7.6
NaN NaN NaN NaN NaN NaN NaN NaN NaN NaN NaN NaN NaN NaN NaN NaN NaN NaN NaN NaN NaN NaN NaN NaN NaN NaN NaN NaN NaN NaN NaN NaN NaN NaN NaN NaN 7.3 30.6 30.6 10.1 8 7.8 7.8 15.5 10 7.3 30 8 7.1 30.5 10.2 30.5 25.1 7.6 30.3147188482 7.1 6.4 5.9 1.3847858837 1.4192754236 6 6.1 6 6.3 22.8084518793 7.1 7.4 12.7 15.2 13 12.7 7.5333333333 30.4333333333 30.2570224301
NaN NaN NaN NaN NaN NaN NaN NaN NaN NaN NaN NaN NaN NaN NaN NaN NaN NaN NaN NaN NaN NaN NaN NaN NaN NaN NaN NaN NaN NaN NaN NaN NaN NaN NaN 7.3 7.2 7.8 9.9 7.6 30.9 7.4 10.6 12.8 21.3 7.7 13 17.7 30.8 31.2 7.5 9.9 9.8 6.2 25.2094922192 7.0384487607 6.7726779369 30.5166666667 22.0761904762 4.3716618094 26.1453558739 11.4540925512 14.5666666667 30.5333333333 30.9 10.5 8.3 8.39071197 NaN NaN 7.9 8.1 12.7333333333 7.3
NaN NaN NaN NaN NaN NaN NaN NaN NaN NaN NaN NaN NaN NaN NaN NaN NaN NaN NaN NaN NaN NaN NaN NaN NaN NaN NaN NaN NaN NaN NaN NaN NaN NaN NaN 12.8 7.8 27.3 7.2 17.8 10 15.7 7.6 27.8079276146 7.8 10.1 7.6 7.3 30.8 30.6268601941 30.4 14.4901371761 7.5 4.9761904762 30.3555555556 30.2666666667 15.5333333333 10.6111111111 25.5666666667 7.5333333333 30.3 30.6333333333 30.39071197 6.1 7.2 7.2 7.2 7 NaN NaN NaN NaN 28.4 30.4166666667
NaN NaN NaN NaN NaN NaN NaN NaN NaN NaN NaN NaN NaN NaN NaN NaN NaN NaN NaN NaN NaN NaN NaN NaN NaN NaN NaN NaN NaN NaN NaN NaN NaN NaN NaN 7.3 7.4 12.6 7.6 30.6 30.3108185325 30.1399385949 7.9 30.9017858479 30.1316790289 30.2681050248 9.6134491708 30.8578685395 18.1 30.61898463 31.2666666667 30.3333333333 7.8 30.4666666667 30.3333333333 23.8 14.8333333333 5.7666666667 8.09071197 4.8245006541 2.1453558739 30.5555555556 15.5714045971 6.7 30.5 17.4 7.8 30.3 NaN NaN NaN NaN 6.5450715499 30.3564102564
NaN NaN NaN NaN NaN NaN NaN NaN NaN NaN NaN NaN NaN NaN NaN NaN NaN NaN NaN NaN NaN NaN NaN NaN NaN NaN NaN NaN NaN NaN NaN NaN NaN NaN NaN NaN 30.5 30.6 7.5 31.0450715499 30.3758686137 22.7 30.4042261031 7.6 13.1 7.4 29.9084518793 30.6245006541 30.778511354 12.7 8.3 10.7 18.2 30.7666666667 30.278511354 5.2245006541 7.0453558739 30.41898463 6.747996552 30.0578685395 19.3042261031 30.2384487607 12.5017858479 7.7 4.34984391 30.4 10.6 20.6 NaN NaN NaN NaN NaN NaN
NaN NaN NaN NaN NaN NaN NaN NaN NaN NaN NaN NaN NaN NaN NaN NaN NaN NaN NaN NaN NaN NaN NaN NaN NaN NaN NaN NaN NaN NaN NaN NaN NaN NaN NaN NaN NaN 30.4635231517 30.5094922192 17.8726779369 30.3376880965 17.4716618094 12.7245006541 25.3 7.5 30.7333333333 15.1 7.4 7.6 20.1 15.6 NaN NaN 7.7 7.2 27.6042261031 9.5615508071 12.2268601941 6.6017858479 8.373998276 9.053428636 14.2289342698 12.5108185325 22.4 7.9 10.5 7.9 30.6 7.9 NaN NaN NaN NaN NaN
NaN NaN NaN NaN NaN NaN NaN NaN NaN NaN NaN NaN NaN NaN NaN NaN NaN NaN NaN NaN NaN NaN NaN NaN NaN NaN NaN NaN NaN NaN NaN NaN NaN NaN NaN NaN NaN NaN 8.2 30.5453558739 17.8 15 10.2 30.5 18.3111111111 30.4 10 30.0555555556 22.8 7.5 NaN NaN NaN NaN 7 30.053428636 30.335702243 22.2202728564 5.3079276146 30.4 9.7 25.3 30.3 30.4 30.5 30.5 13.3 13.1 NaN NaN NaN NaN NaN NaN
NaN NaN NaN NaN NaN NaN NaN NaN NaN NaN NaN NaN NaN NaN NaN NaN NaN NaN NaN NaN NaN NaN NaN NaN NaN NaN NaN NaN NaN NaN NaN NaN NaN NaN NaN NaN NaN NaN NaN 15.6 8.2 30.3 7.7 7.4 30.3 9.9 30.4 30.6094922192 27.6 7.3 NaN NaN NaN NaN NaN 7.1 12.5 30.6 6.9 30.8 6.9 30.4 5.3 30.3 30.4 8 15.7 7.6 NaN NaN NaN NaN NaN NaN
NaN NaN NaN NaN NaN NaN NaN NaN NaN NaN NaN NaN NaN NaN NaN NaN NaN NaN NaN NaN NaN NaN NaN NaN NaN NaN NaN NaN NaN NaN NaN NaN NaN NaN NaN NaN NaN NaN NaN NaN 7.8 10.6 30.2 30.6 25.6 10 7.5 30.2 7.3 7.5 NaN NaN NaN NaN NaN 7 7.3 14.8 30.6 30.5 30.5 7.2 7.6 7 7 8 7.8 NaN NaN NaN NaN NaN NaN NaN
NaN NaN NaN NaN NaN NaN NaN NaN NaN NaN NaN NaN NaN NaN NaN NaN NaN NaN NaN NaN NaN NaN NaN NaN NaN NaN NaN NaN NaN NaN NaN NaN NaN NaN NaN NaN NaN NaN NaN NaN NaN 7.9 8.2 NaN NaN 31 7.6 12.6 10.3 NaN NaN NaN NaN NaN NaN 6.9 NaN 7.2 31 7.2 7.2 9.9 NaN 6.9 17.2 7 7.9 NaN NaN NaN NaN NaN NaN NaN
NaN NaN NaN NaN NaN NaN NaN NaN NaN NaN NaN NaN NaN NaN NaN NaN NaN NaN NaN NaN NaN NaN NaN NaN NaN NaN NaN NaN NaN NaN NaN NaN NaN NaN NaN NaN NaN NaN NaN NaN NaN NaN NaN NaN NaN 7.7 30.5 8.1 10.6 NaN NaN NaN NaN NaN NaN NaN NaN 7.1 7.6 25.1 14.9 NaN NaN NaN NaN 9.9 7.7 NaN NaN NaN NaN NaN NaN NaN
NaN NaN NaN NaN NaN NaN NaN NaN NaN NaN NaN NaN NaN NaN NaN NaN NaN NaN NaN NaN NaN NaN NaN NaN NaN NaN NaN NaN NaN NaN NaN NaN NaN NaN NaN NaN NaN NaN NaN NaN NaN NaN NaN NaN NaN NaN 7.6 NaN NaN NaN NaN NaN NaN NaN NaN NaN NaN NaN NaN NaN NaN NaN NaN NaN NaN 7.2 NaN NaN NaN NaN NaN NaN NaN NaN
NaN NaN NaN NaN NaN NaN NaN NaN NaN NaN NaN NaN NaN NaN NaN NaN NaN NaN NaN NaN NaN NaN NaN NaN NaN NaN NaN NaN NaN NaN NaN NaN NaN NaN NaN NaN NaN NaN NaN NaN NaN NaN NaN NaN NaN NaN NaN NaN NaN NaN NaN NaN NaN NaN NaN NaN NaN NaN NaN NaN NaN NaN NaN NaN NaN 7 NaN NaN NaN NaN NaN NaN NaN NaN
NaN NaN NaN NaN NaN NaN NaN NaN NaN NaN NaN NaN NaN NaN NaN NaN NaN NaN NaN NaN NaN NaN NaN NaN NaN NaN NaN NaN NaN NaN NaN NaN NaN NaN NaN NaN NaN NaN NaN NaN NaN NaN NaN NaN NaN NaN NaN NaN NaN NaN NaN NaN NaN NaN NaN NaN NaN NaN NaN NaN NaN NaN NaN NaN NaN NaN NaN NaN NaN NaN NaN NaN NaN NaN
NaN NaN NaN NaN NaN NaN NaN NaN NaN NaN NaN NaN NaN NaN NaN NaN NaN NaN NaN NaN NaN NaN NaN NaN NaN NaN NaN NaN NaN NaN NaN NaN NaN NaN NaN NaN NaN NaN NaN NaN NaN NaN NaN NaN NaN NaN NaN NaN NaN NaN NaN NaN NaN NaN NaN NaN NaN NaN NaN NaN NaN NaN NaN NaN NaN NaN NaN NaN NaN NaN NaN NaN NaN NaN
NaN NaN NaN NaN NaN NaN NaN NaN NaN NaN NaN NaN NaN NaN NaN NaN NaN NaN NaN NaN NaN NaN NaN NaN NaN NaN NaN NaN NaN NaN NaN NaN NaN NaN NaN NaN NaN NaN NaN NaN NaN NaN NaN NaN NaN NaN NaN NaN NaN NaN NaN NaN NaN NaN NaN NaN NaN NaN NaN NaN NaN NaN NaN NaN NaN NaN NaN NaN NaN NaN NaN NaN NaN NaN
