Outfile_4.asc
NCOLS 201
NROWS 151
XLLCORNER 730592.938286
YLLCORNER 2561222.529137
CELLSIZE 145.176046
NODATA_VALUE NaN
[rows 99 to 131 of 151, columns 74 to 147 of 201]
10.75 28.25 10.65 7.55 7.75 7.95 30.198142394 17.8714045971 30.3245006541 14.85 30.8666666667 7.35 30.4 30.2666666667 NaN 1.4166666667 4.7 4.6 4.6 4.4 4.8 6.75 12.25 7.45 9.55 30.4843909065 30.3032369137 30.6 30.6 6.75 6.85 6.9 12.75 27.15 7.05 7.35 30.7 30.8 30.2 7.05 30.7042261031 30.1245006541 4.7333333333 NaN NaN NaN 30.0660289775 6.7017858479 12.3062672167 30.0306599425 10.0428255525 9.9316790289 2.0524976531 8.2575575791 5.6635231517 22.153428636 30.2289342698 4.0639351726 7.35 30.3708927697 7.55 6.65 9.75 6.65 10.303030303 29.703030303 27.603030303 12.298142394 30.4777777778 30.2635231517 10.85 30.65 19.35 30
10.85 7.85 10.75 7.45 7.55 7.95 8.15 7.85 7.95 7.85 30.15 30.15 NaN 7.95 NaN 4.2042261031 4 4.4 29.8 4.2 4.4 4.4 6.95 9.435702243 6.95 30.4 30.9 6.45 6.95 6.95 30.7 7.45 7.35 17.55 7.05 30.6 30.5 7.05 6.25 6.15 6.55 18.49071197 30.4666666667 4.1969040394 NaN NaN 6.65 13.1217300308 7.05 7.05 2.3480521815 11.8217300308 30.7729948341 12.6333333333 13.0222222222 6.05 29.6 19.2129588438 7.1239042103 30.7804748005 7.15 30.3968852936 27.25 7.0758686137 4.1222222222 9.9222222222 30.8222222222 30.0202728564 30.4083333333 13.4021130107 30.8 30.6 30.65 8.55
10.95 30.35 7.75 8.05 20.25 15.55 8.15 15.25 18.15 7.95 10.85 8.05 NaN NaN NaN 1.4135735976 3.8 4.5 4.3 4.2 4.2 4.6 20.2 30.5 17.8 6.85 6.85 7.05 6.8 7.35 30.45 30.6 9.75 7.05 7.15 17.85 7.15 6.55 6.25 8.3192754236 5.8716618094 6.75 6.55 NaN NaN NaN NaN 4.0179068435 17.55 14.85 30.0555555556 6.6108185325 30.3666666667 29.4333333333 30.05 30.5 7.9 7 11.5635231517 30.3134491708 7.45 30.1333333333 7.15 5.85 7.25 30.8 6.7 10.25 10.55 13.25 30.2 30.45 14.05 30.25
25.45 12.95 7.85 13.25 30.0333333333 7.85 8.078511354 8.25 8.15 8.05 13.05 NaN NaN NaN NaN NaN 6.05 4.7 4.8 4.3 4.3 4.7 7.05 30.35 6.95 7.55 7.25 7.35 6.95 7.25 7.25 6.95 5.95 6.25 6.45 30.7 6.85 6.25 7.05 30.4681050248 15.0084518793 9.2 NaN NaN NaN NaN NaN NaN 24.4810980619 4.9969842853 5.3666666667 30.498142394 30.3023689097 9.9333333333 8.1222222222 27.9 30.5 6.9 12.1328101159 7.9384487607 30.3537203881 12.5333333333 7.9333333333 30.6901371761 5.85 7.85 16.25 8.35 23.3 30.35 8.15 18.05 16.65 30.5
31.09071197 25.6333333333 30.3 9.7 8.15 30.0333333333 13.05 7.85 7.95 10.35 15.35 15.75 11.9 NaN NaN NaN NaN 6.45 4.9 4.9 4.7 5 4.8 NaN NaN NaN NaN 21.9 6.65 6.95 6.75 7.05 6.35 NaN NaN 6.85 6.85 6.55 6.05 30.4703703704 9.75 6.75 NaN NaN NaN NaN NaN 6.35 27.4904286252 22.9659351537 30.2333333333 30.3284270273 30.817127024 4.8376787265 7.9202728564 10.3 30.5 30.4 7.1063281674 17.0923526966 7.2969040394 3.0666666667 17.65 19.85 30.3192754236 6.15 30.9 30.7 7.95 30.8 17.75 30.5 31.1 30.7
13.3666666667 7.95 30.25 4.9666666667 17.5716618094 18.25 30.45 7.95 8.05 7.85 8.15 8.05 10.85 30.35 6.95 NaN NaN NaN NaN 6.75 4.8 4.6 6.95 NaN NaN NaN NaN 6.35 6.65 NaN 5.95 6.25 6.45 NaN NaN 6.05 6.25 6.25 7.15 7.4703703704 30.3333333333 30.2333333333 6.15 NaN NaN NaN NaN 6.75 6.45 30.1333333333 30.1 31.2 30.1467825041 12.5952995056 30.4013740557 17.2 4.1 6.9 9.5 24.8564102564 4.6901371761 5.1333333333 12.8333333333 30.4537203881 7.15 12.45 6.25 30.6 10.25 12.45 7.35 30.6 19.6 30.9
30.2270461645 13.25 9.8681050248 10.55 30.75 4.703030303 15.45 11.8635231517 7.85 8.25 7.85 30.05 10.55 30.25 NaN 9.65 NaN NaN NaN NaN NaN NaN NaN NaN NaN NaN NaN 7.05 NaN NaN NaN NaN NaN NaN NaN NaN 7.15 5.2 22.6380952381 6.95 21.0622676031 15.7708234805 7.7743996038 6.25 30.29071197 4.4333333333 8.49071197 30.4534349239 26.2051154274 5.7559224131 5.2333333333 26.6450799339 30.4137183223 5.7681474842 26.9 4.4 19.8 31 30.65 12.25 7.45 30.51898463 30.2333333333 12.25 7.25 7.35 6.65 6.05 17.45 7.55 9.95 30.6 30.8 30.6
30.35 13.55 10.35 8.15 13.05 12.95 23.55 10.45 8.25 8.05 30.35 7.95 10.75 10.35 7.85 7.55 25.25 7.25 NaN NaN NaN NaN NaN NaN NaN NaN 6.15 6.75 NaN NaN NaN NaN NaN NaN NaN NaN 7.25 7.55 7.05 30.6322617446 30.4717820941 30.2014383581 6.35 15.6047871587 6.7 7.7245006541 30.547996552 30.4581491326 30.5520285504 30.5101105702 15.8037037037 2.7348730697 15.9644313952 30.2564102564 30.2 30.7 30.5 4.4 30.15 30.5063281674 14.85 9.5969040394 8.59071197 30.5666666667 7.15 7.35 30.6188440482 6.25 6.95 30.7 7.35 8.2202728564 30.8450715499 30.7564102564
18.25 8.15 28.25 12.95 30.5 8.15 8.05 30.35 8.05 8.45 7.85 10.35 7.85 7.85 30.05 7.15 19.75 11.95 7.95 NaN NaN NaN NaN NaN NaN 5.75 5.85 NaN NaN NaN NaN NaN NaN NaN NaN NaN 7.05 7.25 30.4670295079 7.05 7.25 30.7417852127 6.9192725435 13.9002041892 7.8600747221 30.1714045971 6.75 30.373998276 9.9033108961 20.3844898253 30.1714285714 6.1149362158 6.35 9.4768182948 30.2067245426 30.1 18.3 13.4 9.65 9.65 7.15 14.9901371761 13.2333333333 30.4333333333 30.6084518793 6.95 12.55 9.85 6.65 6.25 6.75 30.7268601941 30.5726779369 7.05
30.05 30.8 30.15 30.55 13.35 30.6 11.7 7.85 8.25 7.95 7.85 8.05 8.05 8.15 13.15 9.85 9.85 8.05 7.95 NaN NaN NaN NaN NaN NaN NaN NaN NaN NaN NaN NaN NaN NaN NaN NaN 4.2 6.25 30.6 30.0755853852 30.5384753952 30.2417852127 30.3903557635 6.55 12.9983456956 15.2145671951 30.298142394 6.95 6.55 7.9768182948 30.0714045971 23.39071197 30.6333333333 6.95 30.0615508071 30.4484520197 30.8 30.3 7.25 7.35 7.55 29.2242242458 20.05 13.85 30.2333333333 30.8954770164 7.55 7.15 31.0513641714 6.45 6.05 6.95 30.31898463 15.5453558739 6.4111111111
13.15 8.25 8.15 10.75 30.55 31.15 15.75 30.4 7.75 7.65 12.95 7.95 6.8 20.65 7.75 7.15 7.85 NaN 7.85 7.75 NaN NaN NaN NaN NaN NaN NaN NaN NaN NaN NaN NaN NaN NaN NaN NaN 6.45 30.5 6.55 6.45 10.82891678 9.847996552 6.55 30.1786681507 7.55 30.3183739396 6.95 6.95 7.25 9.65 23.0666666667 30.8570224301 30.29071197 30.2205792798 12.3094922192 26.0222222222 30.6 30.7 17.95 7.45 30.4013740557 7.45 7.15 30.8235829038 31.32568603 8.05 13.25 9.85 6.45 6.65 30.3666666667 30.5333333333 31.3 30.4570224301
NaN NaN NaN NaN NaN 22 8.45 25.65 8.05 12.95 7.75 30.05 28.65 8.25 20.65 7.15 7.05 NaN NaN NaN NaN NaN NaN NaN NaN NaN NaN NaN NaN NaN NaN NaN NaN NaN NaN NaN NaN NaN NaN 6.65 6.35 7.05 6.25 6.35 14.5380952381 30.6 7.05 6.85 4.5108185325 30.15 24.85 30.6084518793 6.9 15.4084518793 22.3134491708 15.2635231517 22.8 30.1 7.45 7.05 7.05 7.15 7.45 7.65 24.95 7.55 7.85 7.65 30.15 6.25 30.8111111111 31.3333333333 6.05 7.15
NaN NaN NaN NaN NaN NaN NaN 7.45 7.45 7.55 30.2 18.15 7.95 7.95 7.75 NaN NaN NaN NaN NaN NaN 5.9 NaN NaN NaN NaN NaN NaN 7.85 12.75 NaN NaN NaN NaN NaN NaN NaN NaN NaN 6.35 6.55 7.15 6.05 6.25 6.35 6.95 14.7 7.15 7.05 6.95 6.75 30.4969040394 13.49071197 30.6666666667 30.3761904762 5.7777777778 7.15 6.75 12.2 7.25 7.35 30.5188440482 30.486310514 12.55 12.65 30.99071197 31.1380712638 30.6101516281 12.6716618094 30.4761904762 6.95 7.05 30.6384487607 30.8094922192
NaN NaN NaN NaN NaN NaN NaN NaN NaN 7.55 7.75 7.75 10.55 10.45 NaN 7.45 NaN NaN 7.35 NaN 5.6 6.5 NaN NaN NaN NaN NaN 10.55 31.05 30.55 NaN NaN NaN NaN NaN NaN NaN NaN NaN 6.45 1.8555555556 6.15 6.45 6.85 6.55 6.55 7.05 7.15 7.05 30.9 9.85 30.2166666667 30.9111111111 30.4570224301 30.647996552 9.6681050248 8.4081667897 30.2477647286 12.1 7.15 22.85 7.45 10.45 7.65 30.6941262079 30.8245006541 27.65 7.55 7.5237619586 30.2777777778 30.9635231517 30.5450715499 30.55 7.65
NaN NaN NaN NaN NaN NaN NaN NaN NaN NaN NaN NaN NaN 7.65 10.65 7.75 30.95 6 NaN NaN 6.3 6.6 6.4 5.8 17.95 NaN 10.55 30.65 30.65 7.35 12.65 NaN NaN NaN NaN NaN NaN NaN NaN 6.05 4.6555555556 6.45 6.35 6.35 6.65 6.55 6.45 30.6 7.55 31 15.5635231517 30.7726779369 30.4333333333 20.4333333333 12.7666666667 30.5537203881 12.6267895821 30.398142394 30.2108185325 6.95 24.9 30.8 30.4710636516 7.35 30.4091218061 30.2375594364 7.15 7.25 25.5694840324 6.85 6.85 7.25 7.05 20.05
NaN NaN NaN NaN NaN NaN NaN NaN NaN NaN NaN NaN NaN NaN 10.05 7.65 8.05 5.8 NaN 6 6.2 5.9 5.8 5.7 13.25 10.35 30.5 15.05 7.35 7.65 30.45 6.95 NaN NaN NaN NaN NaN NaN NaN NaN NaN NaN NaN NaN NaN 6.35 6.65 30.9 7.45 27.9 30.34984391 30.5513641714 30.2666666667 30.5 17.3 30.6333333333 17.65 30.5333333333 9.95 7.95 15.75 9.85 15.05 30.4165163336 12.05 7.55 30.65 6.85 30.7192754236 30.0188440482 14.65 9.65 6.35 6.65
NaN NaN NaN NaN NaN NaN NaN NaN NaN NaN 7.05 14.55 7.25 7.35 30.55 8.35 8.45 5.9 6 5.9 5.6 5.4 5.8 5.9 5.8 5.25 11.1 24.55 8.05 7.25 12.55 14.85 NaN NaN NaN NaN NaN NaN NaN NaN NaN NaN NaN NaN NaN NaN 12.65 30.4 14.85 30.3 31.4289342698 7.05 30.6205792798 30.75 10.25 30.8333333333 8.6537203881 7.35 25.25 30.9 30.35 8.35 7.15 30.6564102564 9.95 30.3666666667 9.7 27.5084518793 30.6901371761 7.05 24.6067245426 6.85 28 30.3
NaN NaN NaN NaN NaN NaN NaN NaN NaN NaN 6.95 30.6 7.75 10.05 7.35 30.75 12.45 5.8 6 6 5.8 6.2 6 5.8 5.85 5.85 30.3 22.45 7.2 6.35 6.35 26 NaN NaN NaN NaN NaN NaN NaN NaN NaN NaN NaN NaN NaN 7.65 18.45 30.6 7.45 30.2 30.2002805931 15.35 7.85 6.9703703704 30.81898463 30.9333333333 7.55 30.45 30.55 16.35 30.45 30.5 9.85 27.5242242458 7.45 12.75 7.65 30.4666666667 30.7716618094 27.15 30.6484520197 31 30.7 31
NaN NaN NaN NaN NaN NaN NaN NaN NaN NaN 7.55 30.45 10.55 12.65 7.85 18.15 5.8 5.7 6 5 5.8 5.9 5.9 5.45 5.45 8.1 7.45 30.7 6.95 6.75 6.75 NaN NaN NaN NaN NaN NaN NaN NaN NaN NaN NaN NaN NaN NaN 15.65 7.95 7.55 30.55 27.85 10.25 14.95 7.55 15.35 30.8622501134 30.678511354 30.3333333333 7.55 31.2333333333 30.8222222222 30.55 30.8 8.15 7.55 9.75 8.05 17.85 30.5333333333 30.25 7.25 30.5094922192 12.25 30.5 7.55
NaN NaN NaN NaN NaN NaN NaN NaN NaN NaN 7.55 30.35 7.75 30.45 30.45 5.4 6 6.3 6.9 5.6 5.5 5.95 5.65 5.35 5.35 10.3 31 9.55 6.85 9.75 6.25 NaN NaN NaN NaN NaN NaN NaN NaN NaN NaN NaN NaN NaN NaN NaN 30.7 30.55 15.55 9.85 6.95 6.85 12.15 7.35 30.5703703704 30.7333333333 30.65 30.0666666667 23.05 10.85 22.4 30.6 30.7 12.45 30.9108185325 9.95 10.55 7.75 30.8333333333 31.0666666667 6.95 30.6660289775 30.85 14.75
NaN NaN NaN NaN NaN NaN NaN NaN NaN NaN 5.3 5.1 5.3 5.8 5.5 30.1 30.6 6.2 6 5.65 5.55 6.05 5.55 6.45 6.45 10.2 6.75 7.05 25.45 NaN NaN NaN NaN NaN NaN NaN NaN NaN NaN NaN NaN NaN NaN NaN NaN NaN NaN NaN 7.15 7.55 7.55 7.05 22.4 30.5380952381 30.7703703704 25.5333333333 7.35 9.95 30.7615508071 30.135702243 8.35 30.45 30.6 7.55 20.15 30.9450715499 22.95 10.55 30.6333333333 13.078511354 6.65 7.05 7.95 7.95
NaN NaN NaN NaN NaN NaN NaN NaN NaN 5.6 5.7 5.3 5.5 6.2 5.85 6.65 5.65 6.05 6.15 5.95 5.55 5.65 6.75 6.25 5.45 6.05 9.95 7.35 7.35 NaN NaN NaN NaN NaN NaN NaN NaN NaN NaN NaN NaN NaN NaN NaN NaN NaN NaN NaN NaN NaN 30.15 31 30.65 30.9374901471 30.4681050248 30.7084518793 30.7 7.55 7.25 7.55 20.05 30.45 8.25 30.1 12.25 9.85 7.55 7.85 27.65 1.8 7.35 7.65 30.65 10.15
NaN NaN NaN NaN NaN NaN NaN NaN NaN 7.85 30.05 20.95 6 22.4 6.45 5.65 5.65 5.95 6.15 6.05 6.05 6.45 6.65 6.55 6.15 6.85 30.55 6.95 7.45 NaN NaN NaN NaN NaN NaN NaN NaN NaN NaN NaN NaN NaN NaN NaN NaN NaN NaN NaN NaN NaN 7.15 7.25 9.85 22.0635231517 30.25 30.9453558739 30.6333333333 19.178511354 14.8969040394 30.398142394 8.05 8.15 8.05 30.7 7.35 7.65 30.35 10.05 9.95 30.99071197 30.6333333333 31.2666666667 30.3533326691 30.8450715499
NaN NaN NaN NaN NaN NaN NaN NaN NaN 13.25 30.75 7.85 10.55 30.8 26.3 6.05 6.35 6.75 6.35 6.55 6.35 6.65 6.35 5.95 5.45 6.15 4.6 6.85 7.35 NaN NaN NaN NaN NaN NaN NaN NaN NaN NaN NaN NaN NaN NaN NaN NaN NaN NaN NaN NaN NaN 27.6108185325 30.5618913743 12.75 24.9134491708 9.65 30.2666666667 31.1540925512 30.6 7.45 30.7615508071 22.235702243 8.05 10.75 22.6 12.95 16.25 30.25 16.05 20.95 30.85 30.75 30.45 13.35 10.25
NaN NaN NaN NaN NaN NaN NaN NaN NaN 13.15 18.85 30.15 12.9 20.9 7.9 5.75 5.95 5.85 6.05 5.95 6.95 6.75 6.45 5.65 6.45 5.85 4.6 4.9 7.65 6.95 NaN NaN NaN NaN NaN NaN NaN NaN NaN NaN NaN NaN NaN NaN NaN NaN NaN NaN NaN NaN NaN 10.45 15.25 27.65 30.45 10.55 9.75 30.5666666667 7.25 30.6615508071 30.65 8.05 22.65 13.75 30.2 7.95 30.5 13.65 10.75 8.05 30.85 31 31.4084518793 31.1928371643
NaN NaN NaN NaN NaN NaN NaN NaN NaN NaN 8.25 15.4 21 6.8 5.65 5.55 5.45 5.45 6.15 6.25 31.8 6.45 5.85 6.95 6.35 5.85 4.5 4.6 7.15 6.85 NaN NaN NaN NaN NaN NaN NaN NaN NaN NaN NaN NaN NaN NaN NaN NaN NaN NaN NaN NaN NaN NaN 30.05 30.75 7.85 12.7084518793 8.15 12.75 12.65 30.9923526966 23.35 8.05 30.35 30.15 18.45 15.75 30.15 30.85 28.55 25.55 8.15 7.95 30.2570224301 8.15
NaN NaN NaN NaN NaN NaN NaN NaN NaN NaN NaN NaN 8 30.6 5.55 6.25 5.85 5.75 6.25 6.15 30.8 6.65 6.55 6.25 5.75 5.65 4.4 4.6 4.7 NaN NaN NaN NaN NaN NaN NaN NaN NaN NaN NaN NaN NaN NaN NaN NaN NaN NaN NaN NaN NaN NaN NaN 30.3590193633 7.85 15.45 7.95 20.75 8.15 30.6635231517 30.5222222222 9.4 18.35 30.55 30.45 8.35 13.15 26.05 23.25 13.45 30.85 30.8726779369 25.3666666667 10.75 10.55
NaN NaN NaN NaN NaN NaN NaN NaN NaN NaN NaN NaN NaN NaN 5.75 5.85 5.75 5.55 6.15 6.05 30.7 6.35 NaN NaN NaN NaN NaN NaN NaN NaN NaN NaN NaN NaN NaN NaN NaN NaN NaN NaN NaN NaN NaN NaN NaN NaN NaN NaN NaN NaN NaN NaN 30.2969040394 25.65 30.35 20.75 10.45 30.2202728564 22.6021130107 30.6 30.65 13.25 13.15 12.85 18.35 30.5 7.95 30.95 8.15 30.45 8.45 7.85 30.05 30.75
NaN NaN NaN NaN NaN NaN NaN NaN NaN NaN NaN NaN NaN NaN NaN 5.45 22.1 6.15 6.25 6.45 5.65 NaN NaN NaN NaN NaN NaN NaN NaN NaN NaN NaN NaN NaN NaN NaN NaN NaN NaN NaN NaN NaN NaN NaN NaN NaN NaN NaN NaN NaN NaN NaN 10.15 12.95 8.15 7.95 12.85 23.15 7.65 10.05 13.15 8.05 10.35 30.3 10.95 31.35 18.25 10.95 10.95 8.25 10.75 31.05 31.41898463 30.55
NaN NaN NaN NaN NaN NaN NaN NaN NaN NaN NaN NaN NaN NaN NaN 5.75 5.95 6.15 6.25 NaN NaN NaN NaN NaN NaN NaN NaN NaN NaN NaN NaN NaN NaN NaN NaN NaN NaN NaN NaN NaN NaN NaN NaN NaN NaN NaN NaN NaN NaN NaN NaN NaN NaN NaN NaN 12.95 13.45 18.35 18.35 30.6 30.9 8.45 15.95 31.4 20.85 30.55 15.75 13.25 20.65 10.65 18.15 30.8758686137 21.15 7.95
NaN NaN NaN NaN NaN NaN NaN NaN NaN NaN NaN NaN NaN NaN NaN 5.65 5.65 5.55 NaN NaN NaN NaN NaN NaN NaN NaN NaN NaN NaN NaN NaN NaN NaN NaN NaN NaN NaN NaN NaN NaN NaN NaN NaN NaN NaN NaN NaN NaN NaN NaN NaN NaN NaN 7.85 18.25 7.15 7.05 30.2 30 31.2 30.75 20 8.15 30.25 7.95 30.75 20.65 8.25 31.1 25.85 10.85 8.35 13.25 30.25
NaN NaN NaN NaN NaN NaN NaN NaN NaN NaN NaN NaN NaN NaN NaN NaN NaN NaN NaN NaN NaN NaN NaN NaN NaN NaN NaN NaN NaN NaN NaN NaN NaN NaN NaN NaN NaN NaN NaN NaN NaN NaN NaN NaN NaN NaN NaN NaN NaN NaN NaN NaN NaN 10.55 7.85 26.7 6.95 30.8 8.55 30.9 21.15 30.45 30 31.2 8.65 7.75 8.05 10.75 7.95 23.25 30.35 30.25 10.65 8.25
NaN NaN NaN NaN NaN NaN NaN NaN NaN NaN NaN NaN NaN NaN NaN NaN NaN NaN NaN NaN NaN NaN NaN NaN NaN NaN NaN NaN NaN NaN NaN NaN NaN NaN NaN NaN NaN NaN NaN NaN NaN NaN NaN NaN NaN NaN NaN NaN NaN NaN NaN NaN NaN NaN NaN NaN NaN NaN NaN NaN NaN NaN NaN 30.75 15.55 15.55 7.95 30.55 30.05 20.55 8.65 8.25 30.45 15.45
