Outfile_1.asc
NCOLS 201
NROWS 151
XLLCORNER 730592.938286
YLLCORNER 2561222.529137
CELLSIZE 145.176046
NODATA_VALUE NaN
[rows 34 to 67 of 151, columns 75 to 149 of 201]
7.7 7.8 10.7 5.2 14.3 7.7 7.2 7 7.7 7.1 8.1 8.2 8 7.9 24 18.2 23.4 8.3 8.2 8.1 8.1 4.1 4 6.7 4.1 7.7 4 5.2777777778 5.4761904762 8 23.9666666667 12.1761904762 9.9777777778 30.3 7.1 7.2564102564 5.4134491708 30.4084518793 9 10.6666666667 5.1111111111 9.7666666667 4.4726779369 4.2635231517 5.3311250567 4.3135735976 7.8 8.6666666667 10.45 7.85 7.95 7.75 6.6666666667 8.45 8.45 16.15 11.15 8.65 11.05 11.15 8.65 8.55 8.65 8.75 8.95 11.35 8.65 8.65 11.25 8.45 8.25 8.35 14.8 11.7 8.35
7.6 30.2 10.6 30.3 7.2 3.9 16.8 7.7 7.9 7.1 30.2 13 9.8 8.1 19.1 11.7 10.8 8.3 8.7 8.1 4.1 6.6 4.1 4.2 4.1 4 5 5.2777777778 5.4761904762 10.6666666667 18.2666666667 30.2761904762 30.2777777778 7.1 7.213394791 7.2858309864 7.4761904762 7.9 11.3570224301 7.547996552 9.4376880965 5.3533326691 9.3768182948 6.9222222222 4.3946277864 4.4376880965 7.9245006541 5 12.85 7.75 1.4777777778 7.75 7.85 8.45 8.55 8.55 9.2108185325 8.65 21.2 16.15 8.55 13.55 8.85 30.25 8.75 8.75 8.65 8.65 18.55 8.35 8.35 8.65 8.35 8.35 10.85
7.8 7.9 8 7.5 7.6 4.2 1.3 7.7 29.7 6.7 7.3 7.6 7.8 7.6 13.5 8.7 9.1 6.7 9.3 5.2 7.3 5.1 8 4.1 6.6 4.1 5.3021130107 5.3847858837 22.5761904762 7.9 7.9 9.4761904762 23.6777777778 30.3 26.9602895721 9.3874920661 14.7666666667 9.3570224301 8.178511354 9.4578685395 7.273998276 4.2393193566 4.314274771 1.2730772833 4.5928371643 7.7856743286 7.3333333333 8.35 7.75 7.85 7.85 30.45 7.85 8.45 11.05 11.05 11.15 8.45 8.45 30.15 8.55 13.65 8.45 8.95 21.35 7.3 8.75 30.45 10.85 8.35 30.15 10.95 6.7 7.75 8.25
8.7 8.1 30.3 7.5 8.3 8.3 13.1 10.2 6.9 6.8 12.4 7.7 7.9 27.8 8.5 8.6 8.7 8.5 6.7 8.6 7.7 6.6 9.1 7.6 4 4 7.6 5.303030303 5.5555555556 10.3333333333 10.178511354 9.5578685395 9.273998276 30.5399385949 7.236717456 7.9 10.7666666667 10.3333333333 7.7 4.3533326691 7.2399385949 9.2032369137 16.8660289775 9.0615508071 1.61898463 8.9570224301 2.49071197 1.5270461645 1.336717456 7.85 7.85 7.95 7.85 8.05 13.65 8.45 8.55 8.45 8.45 11.7 13.35 8.25 8.15 8.35 10.85 10.95 8.05 7.95 8.15 6.9 20.3 8.25 8.35 7.75 12.85
8.7 8.8 8.1 9.2 30.2 7.8 5.1 7.9 7.2 9.8 8.1 8.1 13.2 10.9 18.9 8.9 9 4.2067245426 8.8 9.3 6.7 6.6 6.6 5 5.2257618163 4.2635231517 1.2777777778 8 1.5555555556 7.6 30.3111111111 7.8 9.2564102564 6.998142394 7.9 30.678511354 30.0333333333 7.8084518793 7.2 7.2 7.2067245426 5.2477647286 1.3533326691 24.7205792798 5.49071197 6.4570224301 1.7666666667 8.35 8.35 12.85 7.85 30.3923526966 8.05 12.778511354 7.85 8.45 8.55 8.45 4.414274771 8.75 8.05 8.25 10.85 8.25 8.45 7.95 10.55 8.05 5.1 8.15 8.15 11.05 7.85 7.75 4
11.2 8.7 8 8.7 8 10.4 7.8 10.4 7.4 7.2 10.6 10.7 10.6 4.2399385949 11.4 8.9 9 8.9 8.9 8.9 8.9 4 22.7 17.8450715499 4.3135735976 4.4134491708 4.4761904762 8 5.7883656714 7.6 8.1 5.6350406063 5.3768182948 4.5134491708 9.7856743286 8 10.0245006541 7.5969040394 9.3081667897 9.2242242458 7.8 5.3135735976 7.8 8.5245006541 1.1 1.7856743286 8.45 8.45 1.3067245426 30.15 30.2 7.85 11.9384487607 30.1892557464 7.85 7.85 8.55 8.65 4.2660289775 11.15 13.15 8.75 8.05 8.35 8.15 7.85 NaN NaN 7.95 27.3 8.05 10.3 1 7.85 4
8.7 8.2 7.8 8.4 7.9 8.2 7.9 7.7 12.5 7.4 7.7 7.3328101159 8.8 8.8 8.9 11.5 14 8.9 8.9 8.8 8.8 16.5 4.2188440482 5.3081667897 8.1 6.0245006541 8.1 7.9 7.5 8.8375594364 8.1 4.7112944531 7.7112111039 4.7666666667 8.9570224301 5.49071197 4.6205792798 9.3533326691 9.4450715499 7.8 7.8 9.4622501134 5.0245006541 8.3333333333 2.1540925512 1.5714045971 8.55 8.65 8.45 7.85 7.95 5.3002805931 7.95 30.1726779369 7.95 7.95 8.45 8.45 9.4615508071 6.9484520197 8.25 8.05 8.05 7.85 8.15 8.05 NaN NaN 7.95 11.7 30.4 7.85 9.1 4.1 11.7
8.1 7.4 6.7 8.6 8.3 13.3 8.2 7.3 7.3 8.1 10.7 10.7 8.9 8.9 9 19.2 9 8 8.9 8.8 8.8 18.6 7.6 NaN 5.61898463 7.3570224301 8.8714317131 8.1 10.2 9.2578339874 6.8967854397 4.8068038428 11.0390996564 6.49071197 7.4333333333 7.8 4.3901371761 30.3768182948 4.3108185325 5.3602895721 20.4726779369 4.6666666667 4.5333333333 20.9570224301 13.15 7.95 8.05 5 10.15 7.85 7.95 8.05 10.65 7.95 10.65 20.1245006541 8.05 8.05 30.1714045971 10.45 7.95 7.45 12.55 7.55 7.95 8.05 10.55 8.05 8.05 8.05 8.25 8.05 30.2 7.65 9.1
10.7 7.3 1.1 7.9 8.2 10.8 7.9 7.2 9.7 8 8.1 13.1 8.8 8.3 8.3 19.29071197 8.1 8.1 30.2 15.6 8.1 9 8.6 8.6 6.278511354 13.4333333333 13.4745942812 18.0497823999 7.6 7.8 11.9326039052 11.1027049172 6.0463669952 9.0570224301 4.3856743286 4.5267895821 4.2946277864 4.2311250567 7.2399385949 22.036717456 4.6716618094 6.69071197 8.4570224301 1.6666666667 5.3928371643 5.3660289775 5.2032369137 8.05 7.85 7.95 7.95 8.05 8.05 8.15 10.65 7.95 13.35 8.05 7.95 7.6267895821 7.95 7.95 30.55 13.15 5.3374901471 10.45 30.7067245426 30.2 24.1 29.2 30.1 30.2 30.2 7 1.1
8.2 7.3 9.214274771 7.2 7.8 10.8 7.2 7.2 7.7 8 8.2 13.09071197 13.1 6.59071197 8.1 21 5.5376880965 8.2 8.4 8.4 8.4 9 7.8 7.5 7.4 5.9245006541 15.1 5.5678148254 5.8690276405 7.1937128312 9.163570706 30.4874258846 30.3661434492 4.2666666667 9.3928371643 6.8946277864 6.9242242458 18.4242242458 5.4081667897 7.9 5.278511354 7.5333333333 1.9453558739 1.4267895821 5.2858309864 8.05 5 7.5 7.5 7.9 8.2 15.8 13.4 10.9 8.15 8.25 12.1969040394 8.15 14.9333333333 30.25 7.95 8.05 7.85 7.95 7.95 30.2500529685 24.35 30.227426912 4.8862387519 30.1374901471 10.25 7.45 12.6 1 9
7.5 4.3928371643 7.2 7.2 7.2 7.4 5 7.3 16.9135735976 8.2 30.4540925512 21.6 7.4084518793 4.5205792798 15.7 8.1 13.4 8.2 8.1 9.5205792798 6.4027355997 7.4 7.8 7.4 7.5 5.6716618094 5.3237619586 7.5165769424 5.7827350258 5.9935268607 8.1 13.2 6.0859420902 8.6 8 5.2393193566 4.2222222222 1.2768182948 4.4267895821 5.8084518793 7 2.1245006541 1.4376880965 8.2 20.8 5.2 3.6 7.6 7.6 8 5.2 8.3 8.1 8.1 8 8.05 7.85 30.1205792798 27.378511354 7.95 30.5333333333 7.85 7.85 8.05 7.95 9.9483481745 30.5171833406 7.85 7.65 12.75 7.55 7.45 7.3484520197 1.3067245426 5
7.3 7.2 1.4267895821 7.3081667897 7.2 10.5 7.8 10.3 9.7714045971 8.2 8 25.978511354 8.3 8.1 8.2 8.1 10.9 8.2 5.2477647286 7.1 7.1 6.605300936 7.8 7.4 7.6 7.6 5.2602895721 7.5788989167 5.9823451376 10.6523179633 8.3 8.3 7.8 7.8 5.6770074531 7.9 8 5.5726779369 4.975 10.4 24.878511354 4.6205792798 15.9 1.3450715499 8.1 8.2 7.6 5 5 27.7 20.4 17.9 8.1 8 10.7 8 8.05 7.95 5.4969040394 8.05 9.8333333333 7.85 7.65 27.6333333333 10.15 7.75 7.55 12.55 10.05 7.35 7.35 10.4419755892 7.6172058324 1.5096284107 9.814274771
8.49071197 7.3333333333 4.8084518793 4.4969040394 9.4726779369 4.298142394 7.9 9.4714045971 10.6245006541 9 13.278511354 4.2716618094 4.336717456 30.0477647286 8.2 8.1 13.9 7.1 7.1 7.1 7.1 6.3203870548 7.8 10 7.4 5.5356325411 8.0230521815 5.7125225222 18.8111111111 10 9.4444444444 6.8666666667 20.2111111111 7.3 7.9 17 7.9 7.9 6.993742273 30.2328910438 1.8134799922 5.3533326691 4.2477647286 8.2 8.1 8.2 7.7 7.5 10.3 30.2 7.5 5.3 8.1 8.1 8 8 8 7.65 7.65 9.3333333333 4.4703703704 10.55 8.15 14.7555555556 25.1200953027 12.9375594364 11.1356117652 30.6451780206 12.45 7.35 7.45 2.8633899069 7.45 4.3261704976 13.7111005273
4.7666666667 30.2666666667 7.8 1.9245006541 7.21898463 7.8 10.4 30.3856743286 8.3333333333 8.2 5.6716618094 8.3 8.1 8.1 13.4 8.2 7.3 7.2 7.1 5.4528140863 7.1 7.9 7.45 10.4082403764 5.8111266977 5.5773862895 11.9222222222 4.609201947 2.0934562487 5.61898463 8.6257543607 6.5523179633 8.4961624635 6.8440446391 4.2393193566 7.5521773816 5.4643423404 6.2601229154 5.5555555556 5.3352414614 8.5126205685 30.1831464622 9.3108185325 7.1 5.2 7.6 7.6 30.4 24.1 5 3.6 7.9 5.1 8.1 10.6 8 8 7.75 9.2242242458 7.45 30.5564102564 7.0847858837 30.0094922192 9.5333333333 22.1961321867 30.5897640738 30.3043547631 18.5485805095 15.1282174738 10.0889883586 10.6298755254 8 9.5448045212 2.1239502039 7.7161146552
7.8 7.8 7.8 7.3333333333 7.6555555556 5.3176157029 30.4660740412 7.0151186864 10.6954770164 8.7 7 9.2730772833 10.8 8.2 9 7.3 15.3 7.1 7 5.2380952381 5.7181350989 6.2570952919 7.75 7.9921691488 1.629996399 5.4377707402 1.2328101159 8.1755884172 5.9524976531 5.3268601941 10.1526087569 30.2972305644 9.7235015266 9.7571936115 7.2 7.2 6.9983456956 8.9870537214 4.3333333333 2.3203870548 5.6650123622 7.4459542766 7.6 5.1 10.6 10.6 8 30.1 7.7 7.7 13.1 15.8 10.7 8 8.1 8 16.6 9.1 19.1 9.7 21.9 9.2021130107 8.15 11.8242242458 9.3777777778 9.9073155329 11.0361506991 10.4851093871 9.7651186864 9.7071068402 10.3860514612 11.0786892072 30.5240453033 2.4515468186 5.7603925074
9.4761904762 7.4761904762 1.4761904762 5.8733912093 2.430910846 7.8 8 5.3333333333 8.6 7.8 7 7.8 4.4047650464 8.2 7.2 6.5 6.4 10.2 30.8 17.0242242458 7.536570247 5.0059860233 7.2564102564 2.0535234292 1.6242677032 4.2564102564 1.2564102564 8.0134491708 6.3729365995 4.5690355763 5.8994767825 5.6870664144 9.4862387519 7.5048669366 7.2 7.2 1.890937233 6.0623737794 6.7777777778 6.0987079739 7.6287676428 7.4326256917 8 8 9.1 14.1 30.2 8 7.9 8 13.2 9.6 10.7 11.6 10.7 30.3 30.5 15 16.6 24.3 8.05 11.7 20.65 10.55 7.85 8.05 7.95 11.0178356538 30.2714045971 30.4433447023 10.4081667897 10.7163426646 5.8020891032 30.2261704976 7.951703306
10.6666666667 8.6666666667 6.6666666667 8.8994767825 30.4420761414 8.7777777778 5.2540925512 7.8 5.9590193633 5.8714317131 26.3205792798 30.4615508071 9.3556550252 10.2 7.3 11.6 7.3 6.2 16.5 5.3108185325 6.45 5.647996552 6.3570224301 2.1111111111 1.4761904762 1.2847858837 7.5031712291 7.3419755892 2.9223216919 30.3300313266 5.8512334657 9.4094922192 7.3635231517 3.8393193566 5.4081667897 7.3 6.5388009261 9.3533326691 7.5 1.7575587721 7.9 8.1 7.9 7.9 7.2 7 8 8.3 30.3 20.9 10.2 24.3 30.1 9.7 5 5 10.3 9.9 9.4 4.2 30.25 20.85 30.45 30.1021130107 8.15 10.85 8.15 7.95 28.3167852127 30.8333333333 26.2130438755 7.55 15.5288320124 7.55 11.6712972011
2.1111111111 8.1 8.1 9 8.9 8.8 28.0477344001 7.9 11.898142394 4.3067245426 9.8 9.5270461645 9.3333333333 7.7 6.3 6.3 7.7 7.7 5 5 10.573998276 6.75 5.278511354 2.6666666667 1.5555555556 1.5162167619 4.6036784889 2.0916625669 4.7467825041 2.1866660024 7.4158451277 1.4761904762 4.6199035803 5.6074243814 7.6831998385 8.0477712359 9.2108185325 12.5178307106 4.4533142958 4.3528929542 4.22899873 15.6 8.1 10.6 7.6 6.7 5 7 24.1 9.1 7.2 12.2 29.2 4.1 6.6 17.8 5.2 5.1 9.1 11.6 8.15 8.05 10.55 30.4083333333 30.103030303 8.75 15.8678658549 16.0092865378 18.4363636364 11.0425352804 7.45 1.7405617714 30.2694784217 10.2666666667 30.5570224301
9.1 8.2 9 9.1 11.6 18.7 10.4959052512 8.9 8.6 5.9245006541 8.6 30.1540925512 8.0714045971 9.298142394 30.2183739396 6.6 5.2 10.1 6.45 5.1 5.253428636 6.5042261031 5.1258747098 22.1512401769 2.105947185 1.622947292 4.7240421083 5.6 8.3874258846 4.9049951428 11.3526087569 5.9845735102 6.4714006833 7.05 13.1833333333 11.2866660024 10.6553296488 4.4959802891 3.9384487607 1.2450715499 5.1 4.1 1.1 9.6 9.6 9.1 9.1 7.2 12.3 5.1 30.1 12.3 5.1 15.3 17.2 12.7 16.6 3.6 17.2 6.65 7.25 30.3 7.15 26.8083333333 30.003030303 8.05 13.05 8.2955834467 7.6555555556 7.65 30.3733230525 1.5682195417 6.8768182948 9.4134491708 9.7856743286
9 11.5 8.9 9 9 8.3 10.9 7.5801310486 8.6 5.5205792798 8.178511354 26.6 7.8856743286 9.3928371643 20.5768182948 7.3067245426 11.5 5 7.7 4 1.2328101159 5.5647589624 4.53974395 4.7526087569 5.105371548 9.9309458229 6.75 6.75 15.7573786367 5.1434852841 5.3513608481 2.3987842103 6.95 6.95 7.0681335412 8.3383284761 1.9406199178 1.620302182 1.2618913743 7.5 7.3 4 1.2147188482 9.2222222222 9.2179068435 7.4067245426 6.7 6.7 7.2 15.1 5.1 7 4.2 12.3 29.1 6.7 19.2 21.7 30.3 11.6 30.3 12.2 6.65 5.3079276146 30.6017858479 9.8854866991 22.35 20.7084518793 30.4666666667 7.55 5.7997840537 9.559220178 5.2222222222 4.398142394 29.7714045971
8.9 8.9 9 9.2 8.6 8.6 7.9 5.2923526966 7.8 5.3726779369 12.7666666667 20.0570224301 6.8 30.2892557464 5.3384487607 7.9477647286 24.1 5.1 5 10.2 1.3564102564 13.2439023225 2.0064766961 3.2383284761 3.2856512967 2.1959439454 2.1469069309 6.75 8.7380712638 4.8636825423 12.3309458229 1.7721177144 1.9935268607 9.1760070601 6 2.4046589586 1.7749999779 4.1303300294 1.3222222222 1 1.2032369137 5.2399385949 1.2847858837 5.403030303 7 7 9.2399385949 1.2032369137 1 30.1 7 19.2 6.7 6.7 5.2 10.2 7.9 14.3 5.2 30.2 15.2 6.65 9 5 30.4758686137 5.8557238518 7.25 5.5225890798 18.2666666667 7.8872459465 9.7428255525 7.038943094 4.1 6.55 7.3533326691
9 9 9 14.8666666667 8.7 5.0245006541 8.2 7.8 7.8 5.2858309864 10.5267895821 5.8666666667 27.7333333333 11.278511354 6.6 15.436717456 13.0556550252 6.3 5 6.75 1.3777777778 5.753008771 3.1380712638 6.0540925512 2.49071197 4.4714045971 4.7234705095 30.2190076619 8.5152126241 2.4422599133 1.8951511893 2.24690064 7.2191643198 5.9175015521 2.2222222222 1.9535791641 4.2319287483 1.5218743513 1.2847858837 1.2564102564 7.3 1.3533326691 5.5622501134 5.6555555556 5.4969040394 7 6.9 1.2618913743 1.2047650464 7 7.6 6.85 7 7 7.1 30.4 30.3 6.65 6.75 5.3 9.2 6.75 19.7 30.3 30.0242242458 9.6925555291 9.65 15.497178591 25.35 5.0199993357 4.6936229055 4.3222222222 4 6.45 11.8660289775
9.1 8.9 9 9.1 8.7 6.0245006541 9.2 10.5 7.7 8.0242242458 30.0081667897 15.6267895821 13.6245006541 12.3 6.7 7.7270461645 19.0726779369 5.3094922192 5.2556550252 7.2380952381 7.05 NaN 3.0801158374 6.55 NaN 6.0801158374 6.1 5.9 4.5355337841 4.2270461645 6.175118546 6.6892557464 2.5169601147 2.209201947 2.2428255525 2.1650123622 1.8251885585 1.7912577986 1.4714045971 7.4166666667 7 12.21898463 6.178511354 6.9 6.9 8.278511354 6.9 9.3615508071 9.2730772833 7.1 30.3 6.55 7 30.1 30.2 30.5 30.2 11.6 7.1 7.6 10.3 16.6 30.3 7.8 11.7 7.1564102564 7.15 10.456182661 10.9230769231 9.7948749122 4.5127291329 4.3147188482 4 7.1 4.214274771
11.6 9 14.3 8.9 8.6 8.9 11.5 8.9 10.3393193566 10.0179068435 5.2399385949 30.0135735976 5.5714045971 6.0245006541 7.2 6.9 7.4 5.6270461645 5.5134491708 10.45 25.4384487607 5.7800907618 6.4708640506 3.0180308381 5.9171063627 5.62568603 1.7520223583 1.9511372672 7.129530349 2.4564484313 4.8477344001 4.1654743095 4.8014383581 22.3570952919 4.8539126131 1.6537203881 2.9621165671 7.6314757273 8.3015305025 6.2111111111 6.1111111111 8.3333333333 12.3333333333 10.0540925512 8.2111111111 12.3333333333 10.49071197 9.61898463 7.5928371643 9.6 10.3399385949 7.1 7.1 7.1 19.6 6.95 30.3 7.7 7.1 7.6 6.7 6.75 6.55 4.1 9 6.65 6.95 6.85 6.75 9.6555555556 4.403030303 4.3083333333 6.6 21.7 4
8.9 9.2 11.7 8.9 8.9 8.6 8.9 30.2 16.9615508071 7.5 5.4316790289 10.5333333333 10.0042261031 5.5761904762 8.3856743286 7.3 14.1 8.7666666667 6.1540925512 4.8333333333 7.8800614577 6.03974395 5.4379713052 6.9935268607 1.8286328389 1.5164250941 6.7704444133 1.5355130099 1.60510641 3.3829743404 2.0194011491 2.1102466654 6.9637223453 2.8610823404 13.3666666667 4.3333333333 3.1573786367 14.8666666667 10.8888888889 8.6666666667 6.6666666667 8.178511354 6.9 9.4622501134 5.5267895821 7.6666666667 9.3570224301 30.0570224301 10.8453558739 7.4376880965 30.036717456 14.3556550252 7.2047650464 30.2 30.2 6.85 6.75 6.85 4.1 5 6.75 12.2 7.1 7 1.1 9.2777777778 6.75 9.2666666667 30.3111111111 5.4969040394 4.2923526966 4.2047650464 7.7 4.1 6.7
NaN 9 29.2 9.1 9 8.7 8.7 12.4 7.6 7.5 7.5 7.3 7.5 15.3 23.4856743286 7.6 7.3 18.69071197 7.3333333333 7.3333333333 1.2564102564 3.9874920661 3.3096966 6.5760070601 17.1412124542 6.7730769231 1.4703703704 1.3384487607 1.48611562 1.6224392339 4.1786041427 1.5865717317 1.7107229978 2.9904286252 2.6990906338 25.1870537214 1.6714045971 6.788854364 5.6870090087 5.4761904762 5.4761904762 7.4578685395 5.3384487607 9.2858309864 5.3858309864 7.4928371643 17.7666666667 8.49071197 7.3333333333 6.0245006541 5.8270461645 7.3615508071 7.3484520197 10.2 6.55 6.95 6.75 6.55 6.55 6.75 6.75 14.2 14 6.55 4.1 6.55 8.1761904762 10.6666666667 6.55 12.0761904762 4.3777777778 7 9.1 4 4
NaN NaN 8.3 4.2730772833 9.1 26.9666666667 8.6666666667 7.9 7.6 7.2 9.3570224301 7.6 28.4333333333 NaN 7.7 25.1892557464 13.1892557464 20.7540925512 26.69071197 1.8084518793 5.1111111111 2.4006911303 26.5 5.1236890968 2.6873015873 2.2111111111 7.0733912093 4.0253443262 1.5237619586 1.3257618163 4.0158552292 1.5715970431 9.0376880965 5.0018572798 4.8428255525 3.688701459 2.2226430481 10.3 9.4874920661 7.303030303 5.303030303 5.298142394 5.2556550252 7.2188440482 1.3242242458 30.3946277864 4.4134491708 5.7666666667 8.59071197 8.4333333333 6.278511354 27.5578685395 7.473998276 21.5 11.6 6.95 6.75 6.55 5 5.1 6.55 5.3 4.2 9.2 1.3079276146 4.4017858479 9.647996552 6.55 5.1111111111 5.4761904762 5.2777777778 10.3 6.6 4 4
NaN NaN NaN 13.5 9.2768182948 8.1 10.7 10.1 NaN NaN NaN NaN NaN NaN NaN 7.6 8.6666666667 15.4333333333 NaN 5 2.7542351217 5.0324338008 5.4120225406 2.9238672278 4.7467825041 1.2635231517 6.473998276 9.7939846865 1.7353511597 13.8694840324 1.5546089565 1.6442146898 1.4333333333 1.703628582 5.3400453809 3.0041568138 7.800414722 9.9513641714 9.3768182948 7.913394791 29.9083333333 5.3067245426 7.6 7.8 7.8 12.3222222222 20.0768182948 5.5267895821 5.8856743286 5.2 30.478511354 8.2578685395 9.373998276 12.1 6.95 6.85 6.75 6.75 6.75 14.2 22.7 30.4 4.4 30.3 6.75 1.503030303 6.75 10.9333333333 15.9333333333 13.0166666667 12.9564102564 5.1 16.6 9.3 6.8
NaN NaN 30.1 12.1 26.913394791 11.8564102564 5.498142394 8.2 NaN NaN NaN NaN NaN NaN NaN NaN NaN NaN NaN NaN NaN 7.5 2.4726619182 2.106906681 1.9640145061 2.1033841227 3.2245352062 2.5487992076 1.810477637 1.6827596463 1.8824898728 1.6662474188 1.7260253956 1.8603925074 2.5034638077 7.7 7.7 5.303030303 1.2083333333 1 1 22.7 5.1 5 5.2 5.4083333333 5.303030303 6.9 8.3333333333 17.378511354 5.5892557464 15.6533326691 5.2399385949 5.2222222222 6.85 6.65 5.3222222222 6.65 6.65 5.2222222222 6.25 12.4222222222 21.8179068435 14.6079276146 4.0202728564 4.5268601941 6.91898463 14.9333333333 9.8333333333 6.65 7.2564102564 5 4 6.45 6.55
NaN NaN 12.7 8.2 10.7 7.1 7.8067245426 5.2289342698 NaN NaN NaN NaN NaN NaN NaN NaN NaN NaN NaN NaN NaN NaN NaN 7.6 6.6310207061 5.5119610908 23.9451780206 5.2578339874 5.6708927697 5.0444444444 2.3302373727 2.3354980438 2.1948841404 2.3603794978 4.8302373727 7.8 12.2861401162 4.1492758406 4.0884651411 1.4395346585 1.2108185325 8.6 6.2 7.7 5.2 7.3079276146 5.3017858479 10.647996552 11.4570224301 6.1111111111 5.5761904762 7.4192754236 5.3333333333 30.1333333333 6.75 6.55 17.1333333333 6.55 9.3333333333 6.55 6.25 6.35 1.688759456 1.7757841239 17.1177163727 6.35 7.1813855149 6.25 9.9774851991 6.75 5.3450715499 7.6 14.6 7 6.45
NaN NaN NaN NaN NaN NaN NaN NaN NaN NaN NaN NaN NaN NaN NaN NaN NaN NaN NaN NaN NaN NaN NaN NaN NaN NaN 25.9578339874 30.0397668798 2.6686485301 3.1801158374 5.4874258846 7.59071197 7.4047379305 2.59071197 5.4874258846 7.8 2.1780270252 4.9885969716 1.8240421083 6.8281824662 6.8089609265 1.4635231517 1.4393193566 1.2242242458 7.9108185325 5.1 9.6 15.6714045971 8.49071197 30.3666666667 5.5555555556 5.6716618094 5.6666666667 18.4666666667 17.3666666667 1.7666666667 5.6666666667 5.7666666667 5.6666666667 6.55 6.25 5.1033841227 2.1093499059 4.7058650915 6.85 6.65 6.25 6.65 6.1648090607 5.6060726134 5.2923526966 5.2768182948 7.2564102564 6.95 4.5545401467
NaN NaN NaN NaN NaN NaN NaN NaN NaN NaN NaN NaN NaN NaN NaN NaN NaN NaN NaN NaN NaN NaN NaN NaN NaN NaN 7.5 2.8874258846 1.8282389099 1.9282334925 3.3333333333 3.2360678439 1.9690047263 2.4120225406 NaN NaN 6.9 6.2360678439 2.5 2.2393446036 4.8721177144 1.5166666667 1.3681050248 4.4333333333 1.503030303 3.9768182948 3.9556550252 2.5134491708 6.2540925512 8.4333333333 6.49071197 8.3333333333 30.3 17.3 17.1 7.35 7.35 7.7 1.1 7.35 4.273998276 4.5578685395 30.4578339874 11.1355337841 9.2245352062 6.65 6.65 6.85 7.3380712638 28.4536979496 4.7077225718 5.4714045971 7.6644313952 5.6798625896 7.6830432003
NaN NaN NaN NaN NaN NaN NaN NaN NaN NaN NaN NaN NaN NaN NaN NaN NaN NaN NaN NaN NaN NaN NaN NaN NaN NaN 6.5 2.399076262 1.9506636589 2.4553296488 4.6846975047 2.5400621611 1.7502212362 NaN NaN NaN NaN NaN 5.5874258846 4.0134491708 2.9223216919 2.1111111111 5.8084518793 9.2666666667 1.7555555556 1.4714045971 9.5042261031 5.4615508071 8.4453558739 30.4333333333 6.85 6.1540925512 15.8666666667 7.7666666667 10.7666666667 9.6666666667 7.35 7.45 5.7666666667 7.35 5.9361506991 7.45 19.95 10.05 7.45 7.35 7.35 28.5333333333 5.6666666667 10.3666666667 5.9888888889 5.7149362158 6.4348730697 6.3539126131 5.4203870548
NaN NaN NaN NaN NaN NaN NaN NaN NaN NaN NaN NaN NaN NaN NaN NaN NaN NaN NaN NaN NaN NaN NaN NaN NaN 1.6205792798 6.5 5.6990906338 2.9761588859 4.2289342698 6.5 6.5 NaN NaN NaN 10.4 7.9 12.0840685946 2.9876160094 2.3874258846 2.8994767825 1 4.4333333333 7.0333333333 2.6666666667 5.0540925512 1.7453558739 5.6205792798 5.6727786529 7.1 27.4919346658 9.9727786529 8.0901371761 8.0703703704 5.4703703704 5.3703703704 5.3703703704 7.45 7.45 7.35 7.35 7.45 7.55 9.95 7.35 7.45 7.45 7.45 7.35 7.35 7.45 23.2714285714 7.35 1.9333333333 10.6666666667
