Outfile_1.asc
NCOLS 201
NROWS 151
XLLCORNER 730592.938286
YLLCORNER 2561222.529137
CELLSIZE 145.176046
NODATA_VALUE NaN
[rows 102 to 135 of 151, columns 75 to 149 of 201]
8.85 13.85 8.75 4.8333333333 13.85 5.178511354 9.15 9.05 8.85 11.65 NaN NaN NaN NaN NaN 6.95 5.6 5.5 5.2 5.2 5.2 7.55 7.45 7.55 15.45 7.75 7.55 7.15 7.85 7.95 7.55 6.85 6.95 6.95 21.6 7.45 6.95 7.55 5.4681050248 4.8084518793 4 NaN NaN NaN NaN NaN NaN 1.6810980619 1.7969842853 4.7666666667 6.998142394 4.9023689097 4.3333333333 5.2222222222 5.1 5 4 4.2328101159 7.3384487607 7.7537203881 4.3333333333 1.9333333333 7.3901371761 6.85 8.35 9.45 9.55 5 9.55 9.65 12.15 12.85 14.4 9.45 8.85
30.4333333333 5 4.1 9.15 10.9333333333 9.15 8.75 8.85 8.85 13.85 14.35 9.3 NaN NaN NaN NaN 7.35 5.6 5.6 5.2 5.2 5.3 NaN NaN NaN NaN 6.6 7.45 7.65 7.55 25.15 6.95 NaN NaN 7.55 7.45 7.45 7.05 12.5703703704 7.75 7.45 NaN NaN NaN NaN NaN 6.95 17.0904286252 2.2659351537 3.3333333333 6.9284270273 1.917127024 4.5376787265 5.2202728564 10.1 4 4 4.2063281674 4.3923526966 4.4969040394 2.6666666667 7.85 7.75 7.3192754236 7.55 7 4.1 12.05 7 8.75 24.4 19 30.2 8.55 9.45
9.15 8.95 8.8666666667 4.6716618094 11.75 11.45 11.55 14.25 9.25 11.65 11.75 9.25 9.15 9.55 NaN NaN NaN NaN 7.55 5.6 5.3 7.55 NaN NaN NaN NaN 6.85 7.45 NaN 7.05 6.85 6.85 NaN NaN 6.95 6.95 6.85 7.45 30.0703703704 30.0333333333 12.3333333333 6.95 NaN NaN NaN NaN 6.95 7.05 4.8333333333 4 16.1 5.7467825041 4.4952995056 5.3013740557 4 4 4 16.7 4.2564102564 4.3901371761 4.8333333333 7.4333333333 1.6537203881 8.55 8.55 7.55 9.2 8.55 8.65 8.75 9 9.1 14 11.25 8.55
9.05 4.3681050248 9.05 9.05 4.303030303 8.75 9.3635231517 15.05 19.45 9.35 9.15 9.15 9.05 NaN 8.15 NaN NaN NaN NaN NaN NaN NaN NaN NaN NaN NaN 7.45 NaN NaN NaN NaN NaN NaN NaN NaN 7.75 5.1 7.2380952381 7.85 10.6622676031 10.6708234805 7.7743996038 7.05 2.49071197 4.3333333333 5.49071197 6.1534349239 8.1051154274 5.2559224131 4.8333333333 6.5450799339 4.7137183223 5.4681474842 4.1 4 4 4.1 7.75 7.75 7.75 4.61898463 6.9333333333 8.55 8.55 8.65 7.85 7.95 11.15 8.55 13.65 11.6 7.6 5 9 7.75
9.15 9.05 9.05 9.05 9.05 9.15 11.75 9.45 9.35 16.85 17.65 9.05 8.85 8.85 30.05 10.95 8.05 NaN NaN NaN NaN NaN NaN NaN NaN 6.85 7.45 NaN NaN NaN NaN NaN NaN NaN NaN 7.75 7.75 7.95 7.6322617446 30.3717820941 10.8014383581 6.95 7.7047871587 4 4.9245006541 5.547996552 4.6581491326 10.7520285504 4.9101105702 7.7037037037 2.5348730697 5.6644313952 6.8564102564 7.7 4 4.1 4 7.75 4.2063281674 7.75 1.4969040394 8.59071197 28.2666666667 8.65 8.55 7.3188440482 7.75 8.65 9.6 8.65 30.1202728564 7.8450715499 7.8564102564 7.45 7.55
14.25 11.75 9.05 16.6 11.65 11.75 9.15 9.35 9.05 9.25 9.45 11.85 9.35 17.35 8.65 8.55 8.35 8.85 NaN NaN NaN NaN NaN NaN 6.65 6.85 NaN NaN NaN NaN NaN NaN NaN NaN NaN 7.75 7.75 9.4670295079 7.85 7.85 26.2417852127 3.9192725435 8.5002041892 15.5600747221 4.5714045971 7.25 5.273998276 4.6033108961 4.7844898253 7.6714285714 5.7149362158 7.15 21.9768182948 5.2067245426 9.1 7.6 5 7.75 7.75 7.75 4.3901371761 30.6333333333 12.3333333333 14.9084518793 7.85 8.65 8.65 7.85 6.65 7.85 9.4268601941 11.9726779369 7.35 7.45 12.1166666667
9.1 9.25 11.85 9.15 11.6 4.1 13.95 16.85 11.65 9.05 9.25 9.05 9.45 14.65 8.85 8.45 8.35 8.75 NaN NaN NaN NaN NaN NaN NaN NaN NaN NaN NaN NaN NaN NaN NaN NaN 4 6.95 5 5.4755853852 9.7384753952 30.2417852127 30.3903557635 6.95 7.6983456956 4.6145671951 30.398142394 7.45 7.55 5.4768182948 5.5714045971 5.69071197 30.0333333333 9.85 4.3615508071 5.2484520197 7.6 5 7.75 7.75 7.75 3.8242242458 8.65 11.25 10.4333333333 30.3954770164 8.65 7.75 4.3513641714 7.75 6.75 7.55 5.71898463 7.8453558739 6.1111111111 15.8111111111 15.35
30.35 9.15 9.15 9.25 11.65 9.05 4.2 8.85 8.75 9.05 9.05 4.3 9.35 11.75 10.85 11.35 NaN 9.05 8.85 NaN NaN NaN NaN NaN NaN NaN NaN NaN NaN NaN NaN NaN NaN NaN NaN 6.95 4 6.95 6.95 10.72891678 12.347996552 7.05 12.2786681507 8.05 7.2183739396 7.55 7.55 7.85 7.85 9.8666666667 6.3570224301 5.69071197 4.6205792798 7.0094922192 10.3222222222 5 9 7.85 8.65 1.2013740557 8.55 8.65 8.4235829038 12.62568603 8.55 8.55 7.75 6.65 6.75 6.7666666667 8.3333333333 10.1 30.3570224301 30.4666666667 7.35
NaN NaN NaN NaN 14.2 11.85 9.05 8.95 8.85 8.85 8.95 9.35 9.55 9.45 8.55 12.95 NaN NaN NaN NaN NaN NaN NaN NaN NaN NaN NaN NaN NaN NaN NaN NaN NaN NaN NaN NaN NaN NaN 6.95 6.95 7.75 7.35 7.05 9.2380952381 9.7 7.45 20.05 9.5108185325 7.85 7.85 5.9084518793 4.1 5.0084518793 4.4134491708 21.3635231517 7.7 7.6 16.15 11.15 8.55 8.55 8.65 8.55 8.55 8.55 8.55 8.55 8.75 6.75 10.2111111111 30.0333333333 6.65 7.85 14.5761904762 7.4761904762
NaN NaN NaN NaN NaN NaN 8.85 11.55 8.85 9.6 16.55 8.85 8.95 11.55 NaN NaN NaN NaN NaN NaN 6.5 NaN NaN NaN NaN NaN NaN 8.55 12.55 NaN NaN NaN NaN NaN NaN NaN NaN NaN 6.95 6.95 7.75 7.05 9.85 7.15 7.65 6.7 7.25 7.25 7.25 10.25 9.6969040394 8.09071197 6.6666666667 7.4761904762 5.2777777778 7.75 8.75 7.2 8.75 16.35 9.6188440482 14.886310514 8.65 21.15 10.59071197 21.2380712638 10.4101516281 30.2716618094 9.5761904762 7.45 7.45 28.2384487607 30.5094922192 14.4777777778 8.55
NaN NaN NaN NaN NaN NaN NaN NaN 11.35 11.55 8.95 8.95 8.85 NaN 8.75 NaN NaN 8.75 NaN 6.5 7 NaN NaN NaN NaN NaN 10.95 8.35 8.65 NaN NaN NaN NaN NaN NaN NaN NaN NaN 6.95 1.5555555556 6.95 7.05 7.35 7.35 7.25 7.45 9.95 30.15 7.7 7.45 4.7166666667 21.3111111111 7.4570224301 5.647996552 11.9681050248 7.9081667897 4.2477647286 4 8.55 8.55 8.55 13.75 8.85 15.7941262079 30.1245006541 8.75 13.65 7.3237619586 9.9777777778 9.2635231517 19.4450715499 8.55 7.75 7.75 16.55
NaN NaN NaN NaN NaN NaN NaN NaN NaN NaN NaN NaN 13.65 13.95 8.45 8.85 6.5 NaN NaN 6.6 9.6 6.9 6.9 8.75 NaN 8.15 8.45 8.15 10.75 8.25 NaN NaN NaN NaN NaN NaN NaN NaN 6.95 4.5555555556 6.95 6.95 7.35 12.45 7.55 9.75 7.6 8.15 26.7 5.4635231517 14.9726779369 7.8333333333 7.4333333333 4.7666666667 7.6537203881 7.4267895821 7.298142394 9.2108185325 8.55 7 4 1.5710636516 8.55 8.0091218061 7.3375594364 13.85 8.85 12.5694840324 8.45 7.95 7.95 7.75 7.75 7.95 26.7
NaN NaN NaN NaN NaN NaN NaN NaN NaN NaN NaN NaN NaN 8.25 11.15 8.85 6.3 NaN 6.5 6.5 6.7 6.8 6.7 8.75 8.75 8.8 8.55 8.15 8.25 8.15 8.25 NaN NaN NaN NaN NaN NaN NaN NaN NaN NaN NaN NaN NaN 7.15 7.25 24.1 10.65 18.5 16.94984391 9.4513641714 7.6666666667 5 7.1 12.4333333333 8.55 9.3333333333 8.55 9.35 9.35 8.55 8.65 9.5165163336 8.55 8.75 8.65 8.25 4.3192754236 30.4188440482 13.35 8.35 7.95 8.25 30.4 7.95
NaN NaN NaN NaN NaN NaN NaN NaN NaN 8.25 8.25 8.25 8.25 8.25 8.55 13.75 6.4 6.6 6.6 6.5 6.4 6.3 6.7 6.4 5.85 9.3 8.25 8.25 15.95 8.25 8.25 NaN NaN NaN NaN NaN NaN NaN NaN NaN NaN NaN NaN NaN NaN 10.55 7.8 8.25 30.3 7.8289342698 7.85 14.6205792798 8.65 11.15 17.4333333333 5.8537203881 8.75 11.25 14.1 9.45 9.35 11.15 9.2564102564 8.75 14.8666666667 19 15.5084518793 30.1901371761 8.35 30.0067245426 10.85 30.6 9.7 7.85 13.05
NaN NaN NaN NaN NaN NaN NaN NaN NaN 8.25 4 8.55 8.55 8.55 8.55 30.25 6.3 6.3 6.3 6.8 6.7 6.7 6.7 6.75 6.15 9.3 8.35 4.3 7.45 7.35 5 NaN NaN NaN NaN NaN NaN NaN NaN NaN NaN NaN NaN NaN 7.95 7.95 5.1 10.85 14.3 9.2002805931 7.85 8.75 1.3703703704 9.61898463 27.4333333333 8.65 9.45 11.95 16.95 9.45 19.2 16.45 9.5242242458 8.85 30.15 8.65 13.3666666667 9.9716618094 8.35 10.0484520197 7.2 14.6 30.2 8.05 10.35
NaN NaN NaN NaN NaN NaN NaN NaN NaN 9.25 9.15 9.15 9.05 9.05 9.05 6.5 6.3 6.3 5.4 6.7 6.7 6.7 6.65 6.15 20.9 8.25 5.1 15.05 9.95 7.35 NaN NaN NaN NaN NaN NaN NaN NaN NaN NaN NaN NaN NaN NaN 7.95 7.95 8.05 8.15 8.15 8.15 8.05 8.15 8.85 9.5622501134 10.178511354 12.3333333333 8.55 9.3333333333 4.2222222222 9.45 26.7 12.35 29.15 8.85 8.85 13.95 30.2333333333 23.85 30.55 30.0094922192 8.55 30.5 30.35 9.05 11.7
NaN NaN NaN NaN NaN NaN NaN NaN NaN 9.15 9.35 9.05 9.15 9.25 6.9 7 6.6 6.9 6.9 7 7.25 6.95 6.35 6.35 9 22.9 7.85 9.95 7.45 7.35 NaN NaN NaN NaN NaN NaN NaN NaN NaN NaN NaN NaN NaN NaN NaN 30.6 10.65 13.25 8.35 8.05 7.85 18.25 8.85 9.4703703704 17.4333333333 8.65 4.7666666667 11.95 11.95 6.6 30.2 30.5 30.45 24.5108185325 23.75 8.65 8.55 22.5333333333 1.9666666667 18.35 10.0660289775 9.05 8.35 30.15 9.15
NaN NaN NaN NaN NaN NaN NaN NaN NaN 6.8 6.5 7.1 7.1 7 14.3 30.3 7 7 7.05 7.15 7.05 6.45 7.05 7.35 23.9 7.85 24.55 13.05 NaN NaN NaN NaN NaN NaN NaN NaN NaN NaN NaN NaN NaN NaN NaN NaN NaN NaN NaN 10.45 7.75 7.75 7.85 7 11.9380952381 16.9703703704 9.8333333333 8.55 8.55 9.4615508071 14.935702243 9.55 12.25 5.2 8.65 8.65 9.9450715499 8.75 11.45 30.2333333333 10.278511354 8.35 8.15 8.95 8.95 9.15 9.15
NaN NaN NaN NaN NaN NaN NaN NaN 7.1 7.1 6.5 6.5 6.9 6.95 7.05 6.95 6.95 6.95 7.15 7.05 7.05 6.95 6.65 6.65 6.95 7.75 7.95 18.05 NaN NaN NaN NaN NaN NaN NaN NaN NaN NaN NaN NaN NaN NaN NaN NaN NaN NaN NaN NaN NaN 7.65 9 7.95 9.6374901471 14.5681050248 30.2084518793 30.3 11.25 11.15 8.65 9.55 9.75 14.55 13.2 30.45 11.25 8.75 8.85 9.15 6.3 8.65 8.95 8.95 8.95 9.1 16.7
NaN NaN NaN NaN NaN NaN NaN NaN 9.35 9.35 9.05 6.8 4 7.05 7.15 6.95 6.95 6.95 7.05 6.95 6.95 7.05 9.55 6.75 6.95 13.55 7.95 7.95 NaN NaN NaN NaN NaN NaN NaN NaN NaN NaN NaN NaN NaN NaN NaN NaN NaN NaN NaN NaN NaN 7.65 7.75 7.75 11.9635231517 18.85 9.7453558739 17.5333333333 18.878511354 9.5969040394 9.398142394 19.65 9.35 9.45 7 8.25 11.75 14.65 11.65 18.85 30.39071197 30.1333333333 9.7666666667 9.3533326691 14.3450715499 30.6 9.05
NaN NaN NaN NaN NaN NaN NaN NaN 9.35 9.35 9.05 9.05 9.2 9.2 7.05 7.05 6.95 6.95 7.05 6.95 6.95 6.95 6.95 6.75 7.15 5.7 7.95 10.85 NaN NaN NaN NaN NaN NaN NaN NaN NaN NaN NaN NaN NaN NaN NaN NaN NaN NaN NaN NaN NaN 9.3108185325 9.3618913743 10.85 9.4134491708 7.85 12.3666666667 10.0540925512 14 11.25 29.6615508071 30.035702243 9.45 16.95 7.1 11.35 9.35 9.65 30.15 30.25 12.05 14.45 9.75 27.05 10.35 9.25 24.35
NaN NaN NaN NaN NaN NaN NaN NaN 9.35 9.35 9.05 9.2 9.2 9.2 7.05 7.05 7.05 7.05 7.05 6.95 6.95 6.95 6.85 6.95 6.65 5.6 6 30.45 8.35 NaN NaN NaN NaN NaN NaN NaN NaN NaN NaN NaN NaN NaN NaN NaN NaN NaN NaN NaN NaN NaN 8.25 8.25 8.35 8.65 11.15 8.75 10.6666666667 8.65 9.4615508071 30.05 14.45 22.05 11.35 7.2 11.25 17.3 24.65 9.45 10.55 17.15 11.6 27.8084518793 19.2928371643 9.25 9.25
NaN NaN NaN NaN NaN NaN NaN NaN NaN 9.35 9.2 9.2 8.3 6.95 7.05 6.95 6.95 7.15 6.95 4 7.05 7.05 9.55 22.05 7.05 6 5.9 8.15 18.25 NaN NaN NaN NaN NaN NaN NaN NaN NaN NaN NaN NaN NaN NaN NaN NaN NaN NaN NaN NaN NaN NaN 8.25 8.25 8.55 30.1084518793 8.85 8.75 8.65 11.8923526966 9.45 9.35 13.35 30.15 14.75 12.35 12.05 27.15 16.95 9.35 12.05 12.25 30.2570224301 19.45 22.0333333333 30.5345325216
NaN NaN NaN NaN NaN NaN NaN NaN NaN NaN NaN 9.2 9.2 7.05 6.95 6.95 6.95 7.05 7.15 11.6 7.05 7.05 6.95 6.95 6.95 5.9 5.9 5.9 NaN NaN NaN NaN NaN NaN NaN NaN NaN NaN NaN NaN NaN NaN NaN NaN NaN NaN NaN NaN NaN NaN NaN 5.9590193633 8.25 8.65 8.55 18.85 9.65 21.8635231517 9.3222222222 24.2 12.15 27.15 17.15 12.15 9.45 9.55 9.45 9.45 12.45 30.4726779369 30.6666666667 9.55 12.05 11.85 16.65
NaN NaN NaN NaN NaN NaN NaN NaN NaN NaN NaN NaN NaN 7.05 6.95 6.95 6.95 7.05 7.15 6.6 7.05 NaN NaN NaN NaN NaN NaN NaN NaN NaN NaN NaN NaN NaN NaN NaN NaN NaN NaN NaN NaN NaN NaN NaN NaN NaN NaN NaN NaN NaN NaN 9.4969040394 8.55 8.65 8.55 18.75 30.6202728564 14.5021130107 24 17.05 24.65 9.55 9.45 9.55 24.2 12.15 14.25 12.35 17.25 12.05 30.25 11.15 12.05 9.95 10.95
NaN NaN NaN NaN NaN NaN NaN NaN NaN NaN NaN NaN NaN NaN 7.05 4 7.15 7.05 7.05 12.05 NaN NaN NaN NaN NaN NaN NaN NaN NaN NaN NaN NaN NaN NaN NaN NaN NaN NaN NaN NaN NaN NaN NaN NaN NaN NaN NaN NaN NaN NaN NaN 8.35 8.75 8.65 8.75 8.65 8.55 8.65 8.85 30.45 9.45 20.25 30.3 27.15 30.15 26.55 27.35 9.75 12.25 9.75 14.65 30.41898463 30.05 30.378511354 8.25
NaN NaN NaN NaN NaN NaN NaN NaN NaN NaN NaN NaN NaN NaN 7.05 27.05 7.25 7.05 NaN NaN NaN NaN NaN NaN NaN NaN NaN NaN NaN NaN NaN NaN NaN NaN NaN NaN NaN NaN NaN NaN NaN NaN NaN NaN NaN NaN NaN NaN NaN NaN NaN NaN NaN NaN 23.65 11.15 8.55 8.85 30.3 24.6 15.05 9.65 30.4 30.25 9.55 30.45 14.75 9.65 12.15 15.25 30.3758686137 9.55 23.85 30.2 7.8856743286
NaN NaN NaN NaN NaN NaN NaN NaN NaN NaN NaN NaN NaN NaN 9.75 7.35 7.15 NaN NaN NaN NaN NaN NaN NaN NaN NaN NaN NaN NaN NaN NaN NaN NaN NaN NaN NaN NaN NaN NaN NaN NaN NaN NaN NaN NaN NaN NaN NaN NaN NaN NaN NaN 8.65 8.75 17.35 7.95 30.3 30.7 30.4 9.55 29.3 30.75 17.25 9.95 12.25 27.05 9.45 11.6 9.35 9.55 9.75 13.35 9.45 9.65 30.2570224301
NaN NaN NaN NaN NaN NaN NaN NaN NaN NaN NaN NaN NaN NaN NaN NaN NaN NaN NaN NaN NaN NaN NaN NaN NaN NaN NaN NaN NaN NaN NaN NaN NaN NaN NaN NaN NaN NaN NaN NaN NaN NaN NaN NaN NaN NaN NaN NaN NaN NaN NaN NaN 8.75 8.95 16.5 7.85 9.1 11.25 30.3 17.05 12.05 16.9 30.8 9.75 9.55 9.35 19.45 12.05 9.65 9.55 9.45 11.95 14.55 30.3666666667 9.55
NaN NaN NaN NaN NaN NaN NaN NaN NaN NaN NaN NaN NaN NaN NaN NaN NaN NaN NaN NaN NaN NaN NaN NaN NaN NaN NaN NaN NaN NaN NaN NaN NaN NaN NaN NaN NaN NaN NaN NaN NaN NaN NaN NaN NaN NaN NaN NaN NaN NaN NaN NaN NaN NaN NaN NaN NaN NaN NaN NaN NaN NaN 9.65 12.15 17.15 24.65 9.55 9.55 19.65 9.55 9.65 14.55 9.45 9.5267895821 17.9084518793
NaN NaN NaN NaN NaN NaN NaN NaN NaN NaN NaN NaN NaN NaN NaN NaN NaN NaN NaN NaN NaN NaN NaN NaN NaN NaN NaN NaN NaN NaN NaN NaN NaN NaN NaN NaN NaN NaN NaN NaN NaN NaN NaN NaN NaN NaN NaN NaN NaN NaN NaN NaN NaN NaN NaN NaN NaN NaN NaN NaN NaN NaN NaN NaN 13.15 14.65 14.85 30.5 19.75 17.75 9.35 9.35 9.55 9.55 19.55
NaN NaN NaN NaN NaN NaN NaN NaN NaN NaN NaN NaN NaN NaN NaN NaN NaN NaN NaN NaN NaN NaN NaN NaN NaN NaN NaN NaN NaN NaN NaN NaN NaN NaN NaN NaN NaN NaN NaN NaN NaN NaN NaN NaN NaN NaN NaN NaN NaN NaN NaN NaN NaN NaN NaN NaN NaN NaN NaN NaN NaN NaN NaN NaN NaN 30.4 30.25 27.35 9.45 19.55 16.95 18.75 15.95 8.55 8.75
NaN NaN NaN NaN NaN NaN NaN NaN NaN NaN NaN NaN NaN NaN NaN NaN NaN NaN NaN NaN NaN NaN NaN NaN NaN NaN NaN NaN NaN NaN NaN NaN NaN NaN NaN NaN NaN NaN NaN NaN NaN NaN NaN NaN NaN NaN NaN NaN NaN NaN NaN NaN NaN NaN NaN NaN NaN NaN NaN NaN NaN NaN NaN NaN NaN 30.25 22.35 14.75 30.3 14.45 11.15 8.65 16.25 11.15 30.0768182948
NaN NaN NaN NaN NaN NaN NaN NaN NaN NaN NaN NaN NaN NaN NaN NaN NaN NaN NaN NaN NaN NaN NaN NaN NaN NaN NaN NaN NaN NaN NaN NaN NaN NaN NaN NaN NaN NaN NaN NaN NaN NaN NaN NaN NaN NaN NaN NaN NaN NaN NaN NaN NaN NaN NaN NaN NaN NaN NaN NaN NaN NaN NaN NaN 9.45 9.65 12.15 9.45 20.65 9.55 8.65 8.65 8.65 8.75 8.85
