Outfile_3.asc
ncols         201
nrows         151
xllcorner     733748.947016
yllcorner     2561541.418206
cellsize      137.483444
NODATA_value  -9999
[rows 37 to 73 of 151, columns 84 to 167 of 201]
7.1 7.1 7 13.3 5.3 30.7 3.3 11.6 8.3 3.1 3 6.7 30.5 6.8 6.4 30.5 5.9 6.3 30.1 6.65 19.75 9.55 5.2 6.25 7.25 7.65 7.8 7.45 11.6 7.55 7.25 7.35 7.45 30.6 25.9 6.1 6.65 5.8 6.45 6.75 7.25 6.95 14.95 14.75 14.55 7.35 17.25 6.75 30.1 8.1 5.7 18 -9999 -9999 -9999 -9999 -9999 -9999 -9999 -9999 -9999 -9999 -9999 -9999 -9999 -9999 -9999 -9999 -9999 -9999 -9999 -9999 -9999 -9999 -9999 -9999 -9999 -9999 -9999 -9999 -9999 -9999 -9999 -9999
30.8 7.1 6.9 6.7 30.6 10.3 5.6 3.1 11 10.8 5.9 27.4 30.8 30.4 28.1 30.2 8.4 3.7 3.9 6.75 30.2 12.15 9.65 7.25 7.05 7.35 7.65 10.05 7.45 30.3 7.45 12.45 30.35 10.15 30.6 30.75 14.85 30.3 7.75 7.35 17.55 7.35 7.55 30.4 30.8 14.4 30.1 30.4 6.55 6.45 6.5 6.65 30.6 -9999 -9999 -9999 -9999 -9999 -9999 -9999 -9999 -9999 -9999 -9999 -9999 -9999 -9999 -9999 -9999 -9999 -9999 -9999 -9999 -9999 -9999 -9999 -9999 -9999 -9999 -9999 -9999 -9999 -9999 -9999
6.8 30.3 30.4 30.4 30.5 15.3 13 1.4 30.4 3.3 3.1 5.1 30.3 6.7 6.5 6 3.1 6.6 6.2 6.85 30.3 22.9 6.7 6.6 7.5 12.7 10.4 7.7 7.6 7.55 12.65 30.25 9.95 7.65 7.65 24.65 9.85 7.35 12.55 23.05 7.55 7.75 5.9 30.2 21.1 9.7 7.25 7.05 12.4 6.65 16.7 30.6 30.4 -9999 -9999 -9999 -9999 -9999 -9999 -9999 -9999 -9999 -9999 -9999 -9999 -9999 -9999 -9999 -9999 -9999 -9999 -9999 -9999 -9999 -9999 -9999 -9999 -9999 -9999 -9999 -9999 -9999 -9999 -9999
7.4 30.4 30.4 13.1 26.9 6.7 6.4 6.5 30.5 30.1 5.8 6.5 22.9 30.4 6.5 8.2 6.3 1.1 7.05 30.3 21.1 6.8 7 30.8 12.7 6.7 6.9 15.1 12.6 10 7.9 10.25 9.95 9.75 18.5 7.75 4 12.3 7.55 7.45 7.65 30.6 7.15 7.05 6.85 25.9 7.05 6.65 9.8 6.6 30.6 7.3 7.3 24.8 -9999 -9999 -9999 -9999 -9999 -9999 -9999 -9999 -9999 -9999 -9999 -9999 -9999 -9999 -9999 -9999 -9999 -9999 -9999 -9999 -9999 -9999 -9999 -9999 -9999 -9999 -9999 -9999 -9999 -9999
30.5 7.7 30 15.8 6.7 6.9 6.5 6.3 6.4 6.3 6.6 23.4 1 6.5 11.9 30.4 16.4 12.8 10.3 30.5 30.4 3.8 7 30.5 30.1 6.8 7.1 30.2 10.3 7.7 10.3 9.85 7.25 30.3 5.9 21 7.25 16.7 12.25 6.55 6.45 30.5 9.1 7.25 30.3 6.55 30.5 21.9 30.7 3.8 15.3 1.1 30.4 22.3 5 -9999 -9999 -9999 -9999 -9999 -9999 -9999 -9999 -9999 -9999 -9999 -9999 -9999 -9999 -9999 -9999 -9999 -9999 -9999 -9999 -9999 -9999 -9999 -9999 -9999 -9999 -9999 -9999 -9999
25.9 10.4 30.4 30.5 6.7 6.8 6.4 6.2 6.4 6.3 6.6 7.2 7.2 10.3 22.9 6.4 5.2 1.4 30.2 7.2 21.1 6.7 30.7 6.9 30.6 30.1 30.1 30.5 7.7 12.4 7.6 7.6 6.45 6.75 30.3 30.3 9.95 7.05 6.65 30.8 30.4 6.45 6.55 6.55 6.45 30.4 6.65 22.4 15.6 10.3 30.1 3.7 7.2 12.7 17.7 5 -9999 -9999 -9999 -9999 -9999 -9999 -9999 -9999 -9999 -9999 -9999 -9999 -9999 -9999 -9999 -9999 -9999 -9999 -9999 -9999 -9999 -9999 -9999 -9999 -9999 -9999 -9999 -9999
30.3 30.2 1.2 15.4 12.6 5 30.4 19.7 6.1 10.5 30.5 29.8 5.4 7.2 1.4 8.7 3.2 1.1 5.3 6.8 7 6.9 6.7 23.2 30.7 6.7 10.6 7.6 7.4 7.3 7.5 30.1 6.85 6.45 6.95 30.4 30.5 30.6 24.3 30.4 14.1 30.3 30.3 30.6 30.1 29.4 30.4 30.3 4.2 16.7 3.9 6.25 20.3 30.4 15.8 20.4 14.7 -9999 -9999 -9999 -9999 -9999 -9999 -9999 -9999 -9999 -9999 -9999 -9999 -9999 -9999 -9999 -9999 -9999 -9999 -9999 -9999 -9999 -9999 -9999 -9999 -9999 -9999 -9999
5.4 13.5 30.1 5.3 9.9 17.2 7.2 6.4 7.7 3 3.3 8.6 11.1 3.9 1 12.6 7.9 7.1 7.6 29.8 17.7 30.5 30.6 24.3 6.8 5.1 7.3 7.5 10 7.6 12.5 30.2 22.8 6.55 6.55 30.5 30.7 21 29.7 30.4 24.2 30.4 30.4 30.7 30.8 30.5 14.2 6 27.7 30.8 30.3 9 30.3 10.4 6.45 6.35 30.6 6.25 -9999 -9999 -9999 -9999 -9999 -9999 -9999 -9999 -9999 -9999 -9999 -9999 -9999 -9999 -9999 -9999 -9999 -9999 -9999 -9999 -9999 -9999 -9999 -9999 -9999 -9999
1.1 15.5 30.4 3 5.3 6 9 30.5 6.2 6.4 5.4 3.2 1.2 30.4 5.1 20.2 15 7.5 7.3 22.5 9.9 9.7 30.8 7.7 7.3 7.6 12.4 7.3 30.4 20.6 25.1 6.8 5.2 21.8 6.75 30.7 30.4 14.4 17.55 7.45 7.15 9.1 30.1 30.3 6.45 16.7 26.9 30.4 10.3 17.1 30.3 30.7 7.5 30.6 7.1 11.9 30.3 7.05 -9999 -9999 -9999 -9999 -9999 -9999 -9999 -9999 -9999 -9999 -9999 -9999 -9999 -9999 -9999 -9999 -9999 -9999 -9999 -9999 -9999 -9999 -9999 7.2 30.4 5.3
25.8 5.4 6.3 1.1 5.2 7.9 29.3 30.4 6.3 6.2 6.3 11.2 26 10.4 7.4 29.7 7.9 8.6 7.2 16.9 10.2 27.6 30.6 7.4 9.9 15.2 25.2 7.4 7.6 10.5 5.3 7.3 8 30.4 6.65 7.05 7.05 9.85 30.05 11.9 7.45 9.85 7.45 30.4 16.7 30.3 14.2 30.4 6.85 14.2 12.2 11.7 30.6 21 30.7 9.8 6.95 7.1 7.15 -9999 -9999 -9999 -9999 -9999 -9999 -9999 -9999 -9999 -9999 -9999 -9999 -9999 -9999 -9999 -9999 -9999 7.7 7.2 5 7.1 30.6 7.6 30.4 23.1
3.9 28.5 25.1 1.3 20.5 30.6 23.7 30.5 8.1 6.4 7.9 11.7 30.3 1.3 25.3 15 7.3 10 7.4 21.8 11.6 7.3 10 30.6 7.9 5.7 30.4 15.1 8.2 30.4 30.5 18.4 6.5 30.2 3.2 7.35 9.85 22.55 7.35 7.45 7.55 30.5 17.55 30.1 30.5 30.9 9.9 30.5 6.65 6.35 17.3 17.5 24.5 6.35 6.65 30.1 30.4 7.45 7.05 7.05 -9999 -9999 -9999 -9999 -9999 -9999 -9999 -9999 -9999 -9999 -9999 -9999 -9999 -9999 -9999 -9999 30.4 27.8 30.5 10.2 7.4 7.1 9.9 7.3
3.5 21.7 9.1 1.3 11 3.3 30.4 13 9.7 7.2 12.3 1.2 6.5 6.3 30.5 30.4 12.5 30.5 6.1 6 9.2 7.9 6.2 9.7 7.3 30.4 30.7 30.6 6.4 30.7 30.2 6.2 6.4 30.4 30.8 16.7 7.45 15.25 7.25 19.65 7.45 30.6 30.4 30.4 25.1 30.4 6.65 1 6.45 24.4 11.7 11.8 6.55 6.35 11.8 6.75 21.8 30.6 29.5 7.05 -9999 -9999 -9999 -9999 -9999 -9999 -9999 -9999 -9999 -9999 -9999 -9999 -9999 -9999 -9999 -9999 -9999 7.1 7.9 7.9 30.6 8.1 10.7 29.2
18.4 11.2 30.5 3.8 30.5 18.6 7.8 6.25 30.3 12.3 3.1 6.2 9 4.1 19 9.7 30.6 6.4 28.1 6 6 6.9 30.8 19.9 30.5 10 31 5.7 31 30.2 10 30.4 10.7 30.4 24.4 6.05 6.75 30.8 6.95 30.6 30.7 30.15 7.65 30.2 30.2 6.75 30.7 30.5 6.55 28.3 30.7 19.9 19.3 6.75 30.3 14.85 24.4 30.3 30.4 7.35 9.55 -9999 -9999 -9999 -9999 -9999 -9999 -9999 -9999 -9999 -9999 -9999 -9999 -9999 -9999 -9999 1.2 7.5 10.4 10.6 7.8 15.6 20.4 15.6
5.85 6.35 30.5 6.5 31 3.9 6.25 6.15 11.4 13.7 21.3 30.1 30.6 6.6 21.1 12.4 3.2 30.4 5.5 21.9 11.9 6 6.4 15 14.8 8.1 6.3 26.2 30.5 8.5 30.9 14.2 3.1 30.8 30.5 30.5 29.5 30.6 6.15 30.7 22 30.5 6.95 30.2 30.7 6.65 10.4 10.9 6.05 6 19.1 30.2 30.5 30.5 5.95 6.65 30.7 6.85 6.75 6.85 6.8 6.7 -9999 -9999 -9999 -9999 -9999 6.8 -9999 -9999 -9999 -9999 -9999 -9999 -9999 -9999 17.5 7.4 7.6 7.7 7.7 12.9 30.5 7.9
11.6 6.35 30.6 10.9 30.7 1.4 1.4 1.2 8.7 3.8 6.3 1.3 1.4 6.2 3.8 10.8 3.4 5.1 30.5 24.8 30.4 9 1.2 16.5 20.1 22.5 30.4 20.8 5.9 30.9 28.1 30.6 30.4 5.5 30.7 30.4 30.4 30.5 6.25 6.05 5.1 9.1 6.45 30.3 30.7 30.6 3.2 8.5 6.35 6.15 30.5 8.7 6.25 30.7 31.2 30.4 6.75 6.55 30.3 5.9 6.8 9.9 6.8 6.7 6.9 6.7 6.6 6.9 6.9 -9999 -9999 -9999 -9999 -9999 -9999 9.8 7.5 7.4 7.6 7.4 7.6 8 7.9 13
6.05 30.3 1.2 14.1 16.4 21.5 30.3 30.8 4.2 30.5 3.7 6.3 3.6 1.2 3.6 6.2 1.1 8 30.4 30.6 30.5 6.3 4.1 1.6 6.4 30.6 6.45 30.5 30.6 9.2 27.7 30.2 6.35 6.35 30.1 30.4 6.15 30.4 30.6 30.3 30.3 3.1 6.45 10.9 23.2 3.6 16 20.9 8.4 30.4 31 31 30.3 30.5 7.6 6.15 6.35 14.5 7.2 6.2 26.6 6.6 6.7 6.8 7.2 6.7 6.9 7.2 6.9 -9999 -9999 -9999 -9999 -9999 30.4 9.9 7.4 7.7 10 7.5 7.5 7.8 10.3 30.4
5.3 5.2 3.6 3.8 3.6 29.3 6.4 30.4 9.1 3.7 6.5 1.4 24.1 13.5 6.4 11.2 30.5 5.4 6.7 30.7 19.9 30.4 24.2 9.2 6.4 12.4 6.35 30.4 27.2 7.4 30.9 30.6 27 30.8 30.7 30.4 26.1 30.2 30.6 9.2 6.95 5.7 6.65 30.4 30.5 30.6 3.6 30 21.3 30.7 3.4 30.7 9.6 30.6 30.1 6.35 5.95 7 6.7 30.5 30.3 6.8 24.4 30.2 7.1 6.9 6.8 7.1 17.9 -9999 -9999 -9999 -9999 -9999 10 7.3 17.6 7.8 3.8 7.6 7.6 7.7 8.3 30.5
1.2 30.6 3.7 1.3 3.8 9.2 9.1 3.7 1.4 6.4 13.9 16.4 25.1 7.8 20.5 5.2 30.1 9.1 30.6 6.7 30.3 30.7 30.3 30.5 6.5 28.4 30.2 30.5 30.6 30.4 30.7 30.4 30.6 6.05 30.5 30.7 30.9 30.9 30.6 5.95 19.3 6.85 6.35 3.6 6.65 30.9 28.7 3.5 23.5 3.2 31 21.9 30.5 15 30.5 3.3 9.5 6.85 6.8 6.2 6 7.2 6.9 6.6 6.9 6.9 6.7 7.1 6.8 -9999 -9999 -9999 -9999 7.3 30.4 7.2 30.2 7.2 10.8 7.6 7.7 7.6 23 7.9
6.4 30.5 6.6 3.7 9 6.4 8.8 8.3 1.1 10.7 4 9.2 12.2 24.4 26.7 7.7 19.7 19.4 6.9 30.1 6.2 30.9 9.8 5.4 12.1 31.1 14.4 30.8 30.2 5.75 6.05 6.45 30.2 16.2 13.2 30.4 6.85 30.2 31 6.35 10.4 6.05 6.35 6.25 19.1 30.4 13.5 30.3 3.3 30.7 5.9 13.6 30.6 6.05 19.7 30.1 9.9 30.7 30.3 6.3 12.5 6.1 6.1 7 30.5 6.6 6.8 6.1 -9999 -9999 -9999 7.3 6.7 6.5 30.6 30.6 7.2 7.1 6.9 30.2 30.3 28.4 13 13
9 30.3 30.5 9 30.3 4 1.2 6.2 6.4 11.3 1.3 6.4 30.4 5.2 5.1 10.2 30.5 6.5 30.4 30.3 30.4 9.9 27.9 10.4 19.5 30.7 14.9 25 25.5 30.4 6.05 6.55 5.95 22.9 5.75 30.6 30.1 6.15 6.25 30.2 5.1 5.95 7.8 22.9 30.1 30.5 30.5 29.9 10.9 3.2 3.4 3.3 21.9 21.8 21.9 21 30.4 30.5 30.5 30.6 9.9 30.3 7.4 6.9 30.5 6.9 6.6 -9999 -9999 -9999 -9999 30.2 6.6 8.7 30.7 30.7 30.2 30.4 30.4 7 7.9 7.9 15.9 30.4
1.4 16.6 6.4 9.1 1.1 21.6 1.1 1 1.1 30.6 3.8 22.7 30.5 5.3 10.3 5.3 30.4 6.2 14.7 7.3 10.6 8.3 30.7 7.6 13 28.2 30.7 12.2 22.9 5.85 5.75 6.55 5.95 22.6 5.2 25.9 9 3.1 20.1 30.4 14.1 5.8 30.4 26.8 5.95 6 10.8 5.1 30.4 30.3 15.8 5.6 24.8 7.1 7.4 27.3 5.95 5.75 30.4 30.2 6.1 6.3 6.2 7.1 7.4 7 6.9 6.7 -9999 -9999 5.6 3.2 30.1 7.1 7.2 6.9 7.4 7.3 7.2 6.7 7.3 7.3 7.3 22
3.9 16.6 3.8 11.7 1.4 3.9 3.6 8.8 5.8 3.7 7.4 6.8 5.2 26.4 7.7 7.7 25.4 31.1 8 30.6 30.5 30.3 15.2 5.4 7.9 10.3 30.4 16.8 30.6 7.3 5.75 6.35 6.25 5.65 30.7 5.95 5.1 7.3 30.4 30.2 10.9 30.3 5 5.1 7 10.3 7.7 30.4 30.6 28.3 5.9 17.7 7.7 10.5 5.6 30.4 5.95 5.95 5.75 5.75 30.7 10 5.1 6.8 7 10.9 11.2 6.8 6.9 6.7 -9999 6.2 7.6 9.8 6.5 6.9 30.6 10.8 10.9 30.9 6.1 7.7 11.4 13.1
9 8.8 21.2 3.6 1.2 1.7 1.6 6.3 1.4 14.9 6.7 7.1 12.3 3.9 1.5 30.1 20.5 5.1 30.5 12.8 5.3 12.3 5.7 17.8 20.8 5.2 5.1 8 7.7 6.15 6.05 5.95 6.55 6.25 6.05 7.1 9.9 8 30.3 6.3 1.2 5.7 6.4 9 5 30.4 5.85 5.6 6.15 5.85 5.95 30.5 5.85 7.9 12.9 17.8 17.9 5.95 6.05 6.25 27.2 30.5 6 29.3 30.5 18.7 30.4 7 23.2 7.1 16.4 30.2 7.2 6.6 29.6 7.4 12.3 12.3 30.2 30.7 12.6 15.1 10.5 7.9
30.2 8.7 6.4 6.3 6.5 13.8 1.4 1.2 30.4 6.5 30.4 30.4 1.1 6.4 3.9 3.8 4 30.3 15.6 7.8 30.3 30.4 7.7 9.8 30.9 7.8 5.1 30.3 30.4 6.15 6.15 5.75 6.55 6.25 26.7 5.95 10.3 13.9 30.6 6.1 1.3 3 30.1 6.05 7.2 6.15 26.7 5.1 19.8 31.1 5.95 6.05 5.95 3.2 6.05 30.5 30.3 30.5 30.5 30.7 30.3 6.4 30.7 6 30.4 12.3 30.8 30.7 7.1 13 30.6 30.4 11.3 6.6 7.3 30.5 7.2 7.2 6.9 10.1 7.9 7.6 20.7 30.7
6.4 30.8 1.3 1 1 3.9 1.1 3.8 3.6 5.1 30.5 1.2 3.9 13.8 3.9 4 1.2 6.2 24.8 30.5 19.7 13.1 25.3 30.2 30.6 10.3 13.2 10.4 30.8 30.3 6.45 30.7 30.8 30.9 19.4 9.7 5.75 6.4 3.7 24.2 26.4 5.65 5.65 5.75 20.5 5.3 5.1 30.2 12.9 6.05 5.95 5.85 5.85 30.3 5.95 5.2 5.5 6.25 6.35 30.5 6.55 8.9 5.8 6.1 30.3 30.5 5.4 29.8 6 6.1 11 5.5 6.7 6.6 30.8 6.4 6.5 6.7 7.1 6.9 7.1 7.7 25.7 30.4
10.8 10.5 1.2 1 3.6 3.8 3.7 1.3 6.2 25.6 3.1 5.6 1.1 6.1 23.4 30.6 3.3 1.2 3.9 17.4 9.8 30.6 9.8 6.3 30.9 30.3 10.3 10.3 7.1 6.35 30.8 6.05 5.5 6.15 13.2 14.2 3.3 5.65 6.2 10.3 5.95 5.65 5.95 5.85 18 31.1 6.1 5.2 5.1 30.5 20 30.4 5.6 30.3 5.2 9.9 7.7 8 7.9 10.2 30.2 16.7 6 6.2 20.6 6 7.8 3.3 7.8 6.3 6.7 10.1 30.9 30.3 6.9 30.4 30.5 31.2 30.5 12.4 7.6 10.5 30.3 27.8
8.8 3.8 3.6 8.9 18.8 6.4 3.7 1 -9999 -9999 -9999 5 1.1 3.6 6.2 3.8 4 8.9 6.2 30.3 26.9 15.3 5.2 30.3 30.8 30.4 30.4 7.3 7.2 30.5 30.6 30.8 6.75 6.75 6.35 5.1 5.6 18.2 5.8 6.15 6.55 6.75 6.75 6.25 28.4 30.2 30.8 30.3 30.2 30.6 3.4 30.6 30.5 30.4 30.4 3.2 9.8 7.6 23 30.5 1.6 15.5 6.3 6.4 30.9 6.2 3.3 17.3 16.6 30.2 30.4 30.5 30.5 5.5 7.3 30.5 5.4 7 6.8 7.4 30.6 10.2 7.75 18.05
10.9 3.8 1.1 1.2 15.8 3.1 5.8 -9999 -9999 -9999 -9999 -9999 30.4 14 11.6 1.1 1.2 8.9 4 3.2 5.8 30.6 30.2 27.5 7.4 6.35 20.5 30.3 30.2 10.9 30.9 30.8 6.85 6.75 6.65 30.6 25.4 6.45 6.65 18 6.85 6.75 6.65 6.35 6.25 3.5 6 6 5.2 10.4 3.2 5.8 6.4 5.4 5.6 9.6 5.1 3.1 6.3 12.2 1.5 30.5 8.8 6.1 8.5 6 15.3 15.6 14.3 5.9 30.7 14.5 30.7 6.5 6.9 25.6 10.6 30.6 30.6 7.75 10.15 15.05 15.65 13.25
-9999 5.7 5.6 7.1 1.2 5.4 -9999 -9999 -9999 -9999 6.8 6.4 5.9 6.8 3.9 9.1 1.4 6.6 30.6 30.2 11.1 30.7 30.4 30.9 30.4 30.6 30.6 30.7 30.7 30.3 10.5 6.95 7.4 30.4 6.75 6.25 6.35 6.35 6.55 6.65 6.25 6.25 6.45 6.65 6.25 6.45 6.15 6.25 6.25 6.25 1.2 6.15 11.3 5.1 30.6 26 3.4 3.4 3.1 6.35 15.5 30.6 6.15 30.1 30.4 30.5 30.7 6.3 30.2 30.5 30.8 8.9 5.9 7.4 8.5 7.3 12.45 6.4 6.95 6.75 7.75 7.55 25.35 30.45
-9999 -9999 -9999 -9999 -9999 -9999 -9999 -9999 -9999 5.4 5.5 11.7 1.6 30.5 1.2 2.2 1.1 6.4 6.2 3.8 30.6 30.7 30.5 30.8 7.7 5.2 30.3 8 30.5 3.4 6.75 6.45 15.5 6.35 6.85 6.35 6.65 6.35 6.45 6.45 6.45 6.55 6.45 6.45 6.45 6.45 16 16.8 1.4 3.4 16.6 6.1 6.25 12.8 10.7 3 6.15 5.85 6.35 6.25 6.15 6.25 13.7 6.15 6.8 6.8 30.1 6.8 5.2 6.4 7.5 7.7 7.1 3.5 17.85 30.1 7.85 29.3 16.8 6.45 7.65 7.75 8.25 17.95
30.4 3.1 -9999 -9999 -9999 -9999 -9999 -9999 5.9 14.3 30.2 3.2 3.8 30.7 6.3 1.1 3 8.2 10.9 3.2 9.3 6.4 30.8 7.2 7.2 12.7 30.5 5.8 30.6 6.45 6.55 6.95 6.45 8 6.55 7.05 6.35 6.45 6.8 6.45 6.25 6.35 6.35 6.15 6.25 13.6 6.25 1.3 1 6.35 1.3 3.7 3.1 16.5 11.3 6.15 6.05 6.25 6.25 6.25 6.25 6.25 6.55 6.6 30.3 1.6 30.6 7.25 7.05 30.5 6.75 7.25 20.5 10.15 28.05 15.25 7.75 30.6 6.45 6.85 12.75 15.65 10.95 30.45
3.6 5.6 5.4 5.3 -9999 -9999 -9999 -9999 5.5 5.5 10.8 4.8 7.7 4.7 30.4 8.4 12.9 30.4 7.7 6.7 6.4 5.5 5.7 5.7 30.7 30.5 31.1 15.6 30.7 23 8 6.85 6.55 30.5 5.2 9.8 7.4 6.8 6.5 6.25 6.05 6.25 6.45 27.8 12.2 7.2 5.7 30.4 6.3 3.1 1.2 7.8 6.15 12.6 30.6 6.15 5.85 5.95 6.25 7.7 6.85 6.4 6.55 6.35 6.75 6.85 30.4 30.7 30.6 7.15 30.3 30.5 30.4 30.8 8.25 8.35 12.75 7.75 6.85 6.55 6.95 10.55 30.5 20.35
5 7.9 5 7 5.3 -9999 -9999 5.7 5.5 9.2 4.9 5.1 4.9 4.7 4.7 5.1 5.5 5.3 3.7 5.3 5.2 5.2 30.5 4.8 4.5 30.6 30.9 30.1 5.5 5.6 5.8 6.55 7.05 31 7 7.2 7 6.7 6.6 6.25 5.75 5.95 6.25 6.25 3.1 23.9 5.6 6.5 3.7 6.3 1 6.35 30.4 6.35 -9999 6.25 6.35 6.15 5.4 6.35 30.1 7.7 6.15 26.3 6.65 6.65 6.75 30.7 6.95 30.2 30.7 30.8 30.6 30.4 7.65 7.45 7.25 9.85 7.75 10.25 7.65 7.35 7.25 7.45
5.1 5.7 5.3 21.7 -9999 -9999 5.8 24.4 5.4 5.1 4.8 5 4.6 4.9 7.3 4.7 5.4 5.4 5.4 5.2 24.4 5.4 5.5 30.1 30.5 30.4 6.5 3.8 30.4 30.5 5.7 6.55 6.9 7.4 7.1 9.6 6.8 6.9 6.9 6.7 6.3 30.5 5.95 6.25 3 16.5 1.3 1.3 30.3 6.3 3.7 3.3 8 6.25 7.7 6.6 6.5 6.75 6.05 6.15 3.3 9.55 6.55 7.05 20.3 5.2 30.6 12.45 6.45 30.6 30.9 17.4 6.35 6.85 6.95 7.05 30.7 7.35 30.25 10.45 7.35 7.15 9.85 9.95
5.2 5.4 5.2 -9999 5.1 5.5 5.2 5.4 1.4 5.1 5.4 5.5 5.3 5 4.9 7 5.2 5.3 5.1 5.6 30.6 5.4 5.6 4.9 15.6 7.2 30.6 1.4 3.1 5.5 7.9 6.6 6.6 7 14.8 6.7 6.8 5.1 6.3 6.7 6.7 6.5 5.85 6.05 18.3 30.4 6.2 8.9 3.7 19 21.2 6.35 3.2 6.25 30.3 3.1 6.05 6.25 30.4 6.15 6.65 7.05 7.25 18 6.95 7.35 30.5 30.8 30.3 30.5 30.6 30.6 30.6 30.4 6.75 30.8 30.6 30.6 30.4 20.35 12.45 7.25 15.25 30.45
5.5 5.4 5.5 5.9 5.3 5.3 5.4 30.6 5.8 5 6.3 9.8 5.2 5.2 5.1 5.1 5.4 5.4 30.9 30.3 5.7 30.4 5.4 30.7 30.5 5.3 22.8 5.3 3.6 30.2 30.7 15.5 6.5 6.3 6.9 6.6 6.6 6.7 6.6 6.6 6.5 6.5 6.2 6.3 10.9 3.7 1.2 8.9 21.8 30.6 30.3 1.4 21.4 12.8 6.35 6.55 6.15 6.45 6.25 6.35 6.85 16.3 7.55 7.15 12.35 7.25 6.75 6.65 30.1 30.7 30.4 30.2 6.45 6.45 6.85 6.7 7.05 7.25 10.15 7.95 30.45 7.65 25.55 7.85
9.2 4.2 5.3 5.3 30.1 5.1 5.3 30.8 5.5 5.1 3.1 30.1 14.7 9.6 5.4 5.4 5.6 5.9 17.8 5.3 10.3 30.2 30.3 15 6.6 27.9 1.2 3.1 17.9 30.2 7.9 10.3 5.1 30.5 6.6 6.6 6.2 6.7 6.7 6.7 6.5 1.3 6.5 6.2 6.6 3.2 8.9 4 1.4 3.9 5.9 6.35 6.35 6.55 30.2 6.6 30.6 6.3 6.15 6.55 6.65 6.85 19.2 18.2 7.15 15.25 6.45 6.75 17.3 6.45 30.9 15 10.4 6.85 6.75 8.9 7.35 10.05 30.45 10.25 10.75 7.85 7.75 7.65
