Outfile_2.asc
NCOLS 201
NROWS 151
XLLCORNER 730592.938286
YLLCORNER 2561222.529137
CELLSIZE 145.176046
NODATA_VALUE NaN
[rows 33 to 65 of 151, columns 75 to 149 of 201]
9.8 6.9 7 5.9 5.9 5.8 6.3 5.8 5.8 6.8 6.6 7.8 6.9 7.1 7 7.3 7.2 7.2 7.1 7.2 7 7 7.1 17.6 12.1 5 5.1 5.3777777778 5.4761904762 6.8666666667 8.7666666667 30.4761904762 10.5777777778 7.1 5 10.8393193566 26.0533326691 7 14.1540925512 7 30.0333333333 13.5111111111 4.1166666667 14.9777777778 15.2 5.3660289775 6.0134491708 6.0084518793 5.3183739396 25.2535234292 6.85 7.15 30.0666666667 8.2111111111 7.45 7.55 10.35 7.75 7.65 7.45 7.85 30.65 10.35 7.95 7.75 7.75 7.85 7.75 7.75 7.95 7.55 7.35 7.45 7.45 NaN
6.2 6.5 6.9 22.9 7.1 6.5 5.7 5.8 6.5 5.7 6.7 6.5 6.5 6.6 3.6 7.3 7.2 7.3 12.2 7.2 7.3 17.2 12.2 30.4 7.1 5.1 9.6 5.3777777778 20.6761904762 7 4.7666666667 6.7761904762 3.3777777778 30.4 3.1 8.5564102564 15.7134491708 2.0084518793 30.2 2.6666666667 10.7111111111 27.8666666667 7.3726779369 29.9635231517 5.3311250567 7.4135735976 6.9 4.6666666667 6.95 6.85 7.05 6.95 6.7666666667 7.55 7.65 7.75 10.35 7.55 12.75 7.65 12.85 7.55 7.95 7.95 7.95 7.95 7.85 8.15 7.75 7.45 7.65 7.45 3.2 30.4 7.35
6.3 6.3 6.9 7.3 6.3 30.3 30.5 6.8 6.5 5.7 6.4 6.7 3.2 6.6 3.7 30.3 7.3 7.3 7.8 9.7 12.4 19.6 19.4 30.5 17.3 30.6 5.6 8.0777777778 30.3761904762 10.6666666667 10.0666666667 6.7761904762 3.3777777778 23.3 23.613394791 8.5858309864 8.6761904762 6.9 5.9570224301 6.347996552 1.5376880965 5.6533326691 7.5768182948 7.4222222222 7.3946277864 7.8376880965 13.8245006541 5.2 6.95 7.15 30.4777777778 7.05 7.05 7.55 7.65 7.65 4.0108185325 10.45 3.9 8.05 10.35 10.15 12.75 12.85 20.45 7.85 8.15 10.55 15.15 10.05 7.55 7.55 7.45 7.65 10.25
19.8 6.7 6.9 6.5 6.6 30.6 30.7 6.8 28.7 5.9 6.1 6.3 6.3 6.2 7.1 7.2 7.6 7.3 30.2 7.7 5.7 7.7 6.7 14.7 29.8 14.7 30.1021130107 20.3847858837 4.0761904762 7.1 12.1 30.3761904762 8.9777777778 6.2 30.0602895721 1.6874920661 21.9666666667 7.9570224301 4.278511354 1.4578685395 3.373998276 7.3393193566 30.014274771 14.3730772833 7.3928371643 9.0856743286 30.4333333333 10.15 7.05 6.85 6.85 6.85 7.05 7.55 7.55 7.55 7.45 7.95 7.65 10.45 7.45 7.65 20.35 7.75 10.35 5.7 7.75 7.55 7.65 10.35 20.25 7.25 30.3 6.95 7.75
7.4 6.7 7.1 6.5 7 6.9 6.6 6 5.6 5.5 6.4 6.7 6.7 4 12.4 7.3 7.2 14.7 14.8 7.4 6.6 7.3 7.1 6.7 12.1 7 6.6 8.103030303 8.2555555556 30.4333333333 2.378511354 4.3578685395 1.273998276 7.4399385949 7.436717456 6.8 2.6666666667 9.0333333333 6.7 7.4533326691 3.3399385949 11.4032369137 30.6660289775 14.5615508071 17.41898463 30.0570224301 18.29071197 9.6270461645 24.436717456 6.85 7.05 6.95 6.85 7.25 7.45 7.65 10.15 7.65 10.55 30.2 7.15 7.15 7.15 9.85 7.35 7.65 7.05 7.05 6.95 30.6 19.2 9.95 17.65 7.15 7.35
7.6 7.8 7 1.1 6.4 7 7.6 6.4 6 5.8 6.7 6.7 6.7 6.8 10.1 17.8 7.7 15.0067245426 8.1 15.8 30.4 30.3 12.2 30.3 7.9257618163 7.3635231517 9.2777777778 7.2 14.8555555556 6.7 2.1111111111 12.3 3.9564102564 9.998142394 7 4.778511354 4.4333333333 3.9084518793 6.3 6.3 3.2067245426 7.8477647286 14.5533326691 10.3205792798 26.29071197 9.4570224301 15.3666666667 9.95 7.45 6.85 6.85 7.8923526966 7.05 2.378511354 6.95 7.75 30.15 7.65 30.014274771 7.55 7.45 7.15 7.05 7.35 7.25 6.85 7.05 14.65 15.2 7.35 12.45 7.95 7.25 7.35 30.7
30.3 15.6 6.7 7.6 7.1 6.8 6.5 6.6 5.8 5.8 6.6 6.6 6.7 7.3399385949 7.7 8 12.8 7.6 7.4 7.6 8.2 17.4 5.2 5.3450715499 10.0135735976 30.1134491708 10.2761904762 27.3 30.5883656714 6.9 7.5 30.5350406063 10.5768182948 22.7134491708 9.7856743286 6.9 2.1245006541 3.4969040394 6.4081667897 8.8242242458 7.1 5.3135735976 7 8.6245006541 9.1 27.3856743286 7.35 7.45 9.2067245426 7.45 5.1 7.05 1.3384487607 1.7892557464 7.25 6.95 7.95 7.75 12.3660289775 10.15 12.25 7.05 12.15 7.45 6.85 6.85 NaN NaN 7.45 13.4 22.25 5.6 30.8 17.85 30.8
7.6 7 9.7 15 6.9 6.8 6.7 6.4 5.9 6.1 6.6 16.0328101159 7.8 25.3 10.2 7.7 7.8 7.8 7.8 30.3 10.4 8.1 7.4188440482 30.3081667897 20 11.2245006541 7.2 7 6.8 8.9375594364 7.3 20.4112944531 8.8112111039 7.7666666667 30.2570224301 13.79071197 15.2205792798 1.7533326691 4.1450715499 7 7.2 4.2622501134 15.6245006541 18.4333333333 10.0540925512 9.6714045971 7.55 7.55 7.45 6.95 6.95 7.8002805931 9.65 1.4726779369 7.15 12.35 9.75 10.25 12.4615508071 24.8484520197 7.25 7.05 7.05 6.95 6.95 6.85 NaN NaN 7.25 29 30.2 22.15 30.7 30.1 30.8
6.8 6.2 12.5 7.4 7 6.8 6.8 6.1 6 6.6 6.9 6.8 7.6 10.2 7.7 10 7.6 6.9 12.8 7.8 7.5 9.8 7.1 NaN 5.61898463 12.4570224301 4.9714317131 7.2 6.8 14.5578339874 12.2967854397 10.4068038428 30.5390996564 19.19071197 25.5333333333 7.3 30.2901371761 3.4768182948 30.3108185325 30.8602895721 10.6726779369 30.5666666667 30.5333333333 30.5570224301 22.35 7.45 12.45 30.4 6.85 7.25 7.35 7.25 7.25 7.25 17.45 9.9245006541 9.95 7.15 30.6714045971 9.75 7.15 6.75 6.65 6.75 7.05 7.25 19.75 7.15 15.05 7.35 7.65 15.25 30.5 6.85 30.5
7 6.4 30.8 6.7 7.1 7.5 6.6 6.1 6 6.7 7.1 7.1 22.8 9.8 7.3 16.89071197 6.9 6.9 6.9 7 7 7.8 7.5 10.3 30.478511354 30.1333333333 30.1745942812 6.6497823999 6.7 7.2 15.4326039052 8.8027049172 30.1463669952 30.2570224301 9.8856743286 30.2267895821 17.4946277864 12.6311250567 3.2399385949 16.636717456 7.5716618094 6.49071197 30.0570224301 30.3666666667 13.2928371643 5.3660289775 18.0032369137 7.35 12.25 7.15 7.15 7.35 7.45 7.45 14.85 7.45 7.15 7.15 9.75 8.5267895821 9.65 9.75 6.95 7.15 8.0374901471 6.85 11.5067245426 6.5 30.3 16.3 6.3 30.4 18.7 30.4 30.7
7.2 6.2 1.414274771 6 6.6 6.8 6 5.8 6.5 6.7 6.7 5.09071197 6.7 6.49071197 6.7 6.8 8.1376880965 9.6 7.3 7.3 7.3 7.5 7.4 7.2 9.6 30.4245006541 6.9 25.8678148254 6.2690276405 30.2937128312 10.463570706 4.6874258846 30.3661434492 22.3666666667 1.6928371643 30.2946277864 30.3242242458 8.1242242458 30.4081667897 7 30.478511354 15.4333333333 17.4453558739 14.6267895821 5.3858309864 23.35 5.2 6.9 7 7.2 9.7 7.2 9.8 10.2 12.45 7.35 1.6969040394 7.35 30.1333333333 7.15 7.25 30.05 22.95 7.35 12.35 9.4500529685 7.05 17.027426912 30.7862387519 6.4374901471 6.95 6.65 7.7 30.9 9.2
6.1 30.2928371643 6.2 6.2 6 6.1 30.7 6.3 1.4135735976 6.6 18.1540925512 1 15.5084518793 7.6205792798 6.8 6.7 6.8 6.7 6.7 1.5205792798 6.6027355997 14.6 7.4 7 9.8 30.1716618094 18.2237619586 3.8165769424 8.3827350258 26.7935268607 7.4 7.3 30.3859420902 30.3 7.3 30.3393193566 7.5222222222 29.6768182948 13.0267895821 30.4084518793 30.2 30.7245006541 30.2376880965 7.5 7.2 10.2 30.6 6.7 6.9 7.2 5.1 6.8 7.2 7.3 7.4 6.85 6.95 4.1205792798 2.278511354 7.05 7.0333333333 7.05 9.85 19.85 7.15 4.7483481745 30.3171833406 6.85 7.15 6.85 6.85 6.65 21.2484520197 24.6067245426 15.8
6.3 6 30.1267895821 6.0081667897 5.9 6.7 6.6 6.4 30.4714045971 6.9 7 30.578511354 6.9 6.9 6.7 6.8 6.9 6.7 5.2477647286 6.5 6.5 9.205300936 7.5 6.9 6.9 7.2 13.0602895721 13.9788989167 8.7823451376 30.2523179633 7.4 7.2 17.1 7 5.7770074531 6.8 9.6 10.6726779369 7.975 6.9 30.178511354 30.4205792798 7.6 30.0450715499 12.5 7.7 7.1 31 19.7 7.1 12.8 9.5 7.4 7.5 7.5 10 12.45 7.15 10.8969040394 7.05 7.1333333333 7.35 6.85 14.6333333333 6.85 6.75 6.55 6.75 9.75 6.55 6.85 6.6419755892 30.1172058324 30.4096284107 8.414274771
30.29071197 10.4333333333 30.5084518793 30.3969040394 10.1726779369 7.498142394 6.5 6.7714045971 19.2245006541 28.8 6.978511354 29.7716618094 7.536717456 20.8477647286 6.9 7.1 7.7 6.7 6.7 6.7 6.5 6.3203870548 7.2 7 6.9 8.2356325411 13.0230521815 5.6125225222 30.1111111111 30.5 9.6444444444 14.5666666667 17.5111111111 6.3 7.1 7 7.1 7.1 7.193742273 6.3328910438 30.6134799922 15.5533326691 17.4477647286 12.8 17.6 12.5 7 7.2 6.8 18.4 7 5.3 30.3 7.4 7.1 10 7.3 6.85 6.95 30.4333333333 25.1703703704 6.95 7.15 4.3555555556 30.3200953027 4.9375594364 3.1356117652 8.6451780206 6.95 6.65 6.75 30.6633899069 6.45 30.2261704976 30.6111005273
30.9666666667 8.3666666667 19.7 12.8245006541 30.61898463 6.8 6.6 6.9856743286 13.5333333333 6.8 5.9716618094 6.9 6.8 6.9 7 6.8 6.6 6.7 6.7 10.6528140863 7 7.6 7.05 13.3082403764 30.2111266977 25.5773862895 7.5222222222 30.309201947 25.1934562487 5.91898463 7.5257543607 6.6523179633 4.6961624635 7.0440446391 9.9393193566 15.6521773816 8.6643423404 6.3601229154 5.6555555556 13.5352414614 25.8126205685 8.1831464622 14.0108185325 6.1 12.9 7 7 3.7 1.3 8 30.8 6.8 30.4 14.8 7.5 7.2 7.3 6.75 30.0242242458 6.45 1.3564102564 9.9847858837 4.1094922192 1.5333333333 4.1961321867 1.7897640738 3.2043547631 5.8485805095 30.5282174738 7.3889883586 2.7298755254 30.6 23.3448045212 10.2239502039 30.3161146552
6.8 6.9 6.8 30.2333333333 30.3555555556 11.0176157029 7.1660740412 22.1151186864 2.7954770164 7.4 5.8 4.1730772833 7 7 16.4 6.7 7.7 3.1 3.1 10.3380952381 8.2181350989 8.8570952919 7.15 9.4921691488 15.029996399 30.4377707402 14.6328101159 30.2755884172 30.5524976531 22.2268601941 25.1526087569 30.1972305644 29.6235015266 6.9571936115 6.5 6.3 7.3983456956 13.6870537214 12.3333333333 10.4203870548 5.7650123622 3.5459542766 5.1 30.5 7.1 7.4 9.7 6.4 6.8 7.2 12.1 8 30.3 7.2 14.7 9.9 1.5 4.1 8.9 3.2 11.3 21.6021130107 7.05 1.5242242458 24.1777777778 1.9073155329 13.4361506991 30.5851093871 30.3651186864 4.7071068402 2.4860514612 7.1786892072 9.8240453033 30.3515468186 30.3603925074
30.3761904762 6.0761904762 30.1761904762 18.6733912093 30.830910846 6.6 6.6 5.5333333333 12.4 6.5 5.7 6.6 7.3047650464 6.9 5.9 5.9 5.9 10.3 6.3 1.5242242458 11.336570247 25.7059860233 13.7564102564 30.4535234292 25.0242677032 30.1564102564 30.5564102564 5.6134491708 30.1729365995 12.6690355763 6.0994767825 13.2870664144 30.0862387519 13.9048669366 6.5 6.9 17.790937233 30.4623737794 30.5777777778 6.2987079739 3.7287676428 3.7326256917 7 7.2 21.3 16.4 7 7 7.2 30.3 7.4 11.3 24.7 16.3 7.4 1.3 6.1 30.3 9 1.3 7.05 1.1 6.95 7.05 6.95 7.35 7.35 7.2178356538 30.9714045971 22.5433447023 11.5081667897 18.7163426646 11.2020891032 5.1261704976 30.351703306
5.3666666667 4.9666666667 30.1666666667 17.7994767825 7.8420761414 30.3777777778 8.3540925512 6.8 21.4590193633 13.3714317131 30.4205792798 1.7615508071 6.6556550252 6.1 6 1.1 3.1 5.6 1 5.2108185325 5.65 5.647996552 9.3570224301 10.2111111111 30.0761904762 11.8847858837 3.5031712291 7.9419755892 30.2223216919 27.1300313266 27.4512334657 3.3094922192 3.3635231517 11.9393193566 5.4081667897 6.4 6.4388009261 4.1533326691 6.6 9.7575587721 7 7.1 9.7 12.4 3.2 3.3 7.2 30.5 28.8 6.9 5.4 1.6 3.7 10.8 7.7 7.6 5 5 30.6 19.8 6.95 6.95 7.15 4.1021130107 7.35 7.15 6.95 6.95 30.4167852127 18.9333333333 7.1130438755 6.75 4.0288320124 6.55 13.8712972011
30.5111111111 6.9 6.9 8 12.9 7.5 5.0477344001 6.5 1.498142394 30.7067245426 6.2 4.2270461645 1.5333333333 6.4 5.9 5.8 10.2 5.1 5.1 5 5.373998276 6.05 30.478511354 10.7666666667 9.5555555556 9.5162167619 7.6036784889 9.9916625669 15.3467825041 12.7866660024 13.1158451277 9.5761904762 7.6199035803 10.7074243814 8.8831998385 30.4477712359 1.2108185325 13.1178307106 9.8533142958 14.7528929542 12.12899873 7.2 7 7 7 6.2 30.5 6.9 6.2 9 30.6 30.4 30.7 30.3 7.1 30.2 7.8 5.2 3.6 1.5 9.55 7.05 6.85 3.2083333333 3.503030303 7.15 21.7678658549 7.3092865378 12.1363636364 5.7425352804 6.65 30.4405617714 6.8694784217 24.1666666667 30.4570224301
8.1 6.9 7.6 10.2 12.9 7.6 5.1959052512 7.8 10 8.5245006541 7.5 13.6540925512 15.7714045971 6.398142394 10.3183739396 5.9 5.1 7.9 5.95 15.5 5.353428636 5.6042261031 25.7258747098 15.1512401769 30.105947185 9.622947292 7.7240421083 8.5 11.3874258846 13.0049951428 13.8526087569 8.9845735102 6.4714006833 6.55 6.8833333333 8.7866660024 28.7553296488 30.1959802891 9.3384487607 9.3450715499 10.1 12.2 30.1 6.8 3.3 3.8 1 3 8.3 5.4 25.8 3 22.9 29.5 30.2 7.7 1.1 30.6 8.5 6.55 6.85 1.1 6.45 1.2083333333 11.103030303 7.15 7.05 7.0955834467 3.8555555556 6.75 10.2733230525 14.7682195417 7.7768182948 30.2134491708 12.3856743286
8.1 8 7.7 7.7 7.7 7 7.1 23.8801310486 7.6 8.3205792798 19.478511354 30.3 6.5856743286 9.2928371643 5.5768182948 8.5067245426 3.7 7.7 7.9 30.4 19.6328101159 8.4647589624 30.23974395 30.4526087569 20.605371548 15.4309458229 6.15 6.15 28.3573786367 30.2434852841 8.5513608481 30.7987842103 6.55 6.65 30.3681335412 11.3383284761 15.2406199178 12.220302182 24.4618913743 6.8 6.9 9.6 30.3147188482 1.3222222222 6.8179068435 5.9067245426 6.2 6 13.2 30.7 7.9 6.2 7 3.2 30.6 7.1 1.1 1.2 3.7 1 7.8 5.8 6.15 30.1079276146 30.4017858479 4.7854866991 6.95 30.4084518793 24.8666666667 6.65 30.3997840537 30.359220178 8.1222222222 30.298142394 26.9714045971
7.9 8.3 8 7.5 7.9 7.3 6.5 5.3923526966 6.4 5.4726779369 10.8666666667 7.4570224301 5.8 10.6892557464 5.4384487607 5.3477647286 12.3 5.2 5 7.6 11.8564102564 13.3439023225 10.0064766961 11.2383284761 11.4856512967 10.3959439454 30.3469069309 6.05 9.2380712638 10.4636825423 7.9309458229 9.9721177144 12.7935268607 14.7760070601 30.2 30.2046589586 30.0749999779 30.7303300294 17.2222222222 30.9 30.4032369137 7.8399385949 9.3847858837 13.203030303 6.6 6.5 4.0399385949 22.3032369137 30.2 8.8 5.9 3.7 30.2 30.3 12.8 17.9 5.1 1.2 5.2 1 5.1 6.05 3.7 30.3 3.4758686137 8.5557238518 6.85 30.3225890798 20.8666666667 30.8872459465 30.3428255525 20.338943094 22.3 6.25 28.6533326691
7.9 7.9 8 4.2666666667 12.8 28.4245006541 7.5 6.9 6.8 5.3858309864 5.5267895821 5.6666666667 20.5333333333 6.278511354 5.9 30.136717456 5.3556550252 5.8 5.1 6.25 9.3777777778 8.553008771 30.4380712638 6.0540925512 10.49071197 7.4714045971 12.7234705095 7.1190076619 11.4152126241 10.2422599133 9.9951511893 10.14690064 12.6191643198 16.9175015521 10.3222222222 10.0535791641 12.3319287483 9.7218743513 30.2847858837 30.2564102564 7 14.6533326691 10.6622501134 5.7555555556 5.5969040394 6.4 6.4 30.1618913743 17.0047650464 6.7 30.3 6.45 3.3 5.6 5.6 5.7 3.7 6.05 6.05 5.2 1.1 6.35 3.4 1.1 3.8242242458 30.2925555291 6.85 10.997178591 30.55 30.4199993357 17.7936229055 10.0222222222 10 6.15 4.0660289775
7.9 7.9 7.9 8 7.8 8.6245006541 7.9 7.3 7.7 10.4242242458 5.5081667897 5.5267895821 5.9245006541 3.1 5.7 7.2270461645 7.9726779369 10.4094922192 5.4556550252 3.2380952381 6.55 NaN 13.6801158374 6.15 NaN 6.0801158374 5.5 5.2 12.5355337841 9.5270461645 11.575118546 9.5892557464 30.2169601147 12.709201947 30.2428255525 10.2650123622 30.0251885585 10.0912577986 19.6714045971 3.4166666667 6.4 1.71898463 19.178511354 6.9 6.7 4.378511354 6.6 1.4615508071 14.1730772833 6.6 30.3 6.45 30.4 8.2 3.1 1 3.9 3.7 15.7 7.6 15.2 3.9 1.3 5.2 1.2 12.4564102564 6.85 2.556182661 3.1230769231 4.6948749122 7.5127291329 12.4147188482 9.8 5.6 12.314274771
7.9 7.9 7.9 7.9 7.8 10.5 8.1 8.1 8.0393193566 30.4179068435 10.3399385949 5.4135735976 5.6714045971 30.1245006541 6.4 5.7 6.2 5.5270461645 30.2134491708 6.85 5.3384487607 5.6800907618 6.4708640506 11.0180308381 6.1171063627 5.62568603 9.6520223583 9.8511372672 10.029530349 10.3564484313 23.0477344001 12.2654743095 15.4014383581 12.6570952919 13.0539126131 25.0537203881 28.6621165671 30.5314757273 8.8015305025 6.1111111111 6.2111111111 26.2333333333 17.1333333333 2.1540925512 4.2111111111 12.2333333333 2.49071197 6.81898463 30.1928371643 6.6 10.4399385949 3.2 3.2 5.9 30.6 6.25 11.3 30.5 5.8 15.3 24.7 6.35 6.25 12.2 1.1 6.15 6.45 6.05 6.35 6.8555555556 7.303030303 30.5083333333 12.2 9.1 7.1
7.9 7.9 7.9 7.9 8 7.8 10.7 8 1.4615508071 6.6 7.9316790289 13.0333333333 8.5042261031 13.1761904762 5.7856743286 6.3 1.1 9.9666666667 21.2540925512 25.6333333333 3.8800614577 5.93974395 8.4379713052 6.9935268607 12.5286328389 9.6164250941 9.4704444133 9.5355130099 9.60510641 9.7829743404 10.1194011491 15.4102466654 9.8637223453 30.4610823404 11.1666666667 17.4333333333 30.5573786367 20.2666666667 30.7888888889 4.7666666667 6.9666666667 4.278511354 6.3 4.0622501134 23.2267895821 3.9666666667 15.5570224301 30.3570224301 30.1453558739 3.5376880965 3.936717456 6.5556550252 3.4047650464 3.1 4 6.25 6.15 6.35 30.7 30.1 6.05 8.1 10.7 5.7 30.3 30.4777777778 6.35 17.0666666667 7.4111111111 5.6969040394 7.2923526966 15.0047650464 5 7 9.6
NaN 7.9 7.9 8 7.9 12.7 10.3 10 6.6 6.5 6.5 6.3 6.3 6.7 8.3856743286 6.2 6.3 4.49071197 30.4333333333 12.9333333333 22.0564102564 17.0874920661 11.2096966 11.9760070601 30.2412124542 9.6730769231 9.4703703704 9.3384487607 9.48611562 9.5224392339 30.2786041427 12.2865717317 9.8107229978 26.1904286252 15.7990906338 12.9870537214 9.9714045971 30.088854364 5.9870090087 18.2761904762 5.4761904762 3.5578685395 5.3384487607 18.9858309864 5.4858309864 8.5928371643 19.0666666667 12.39071197 13.0333333333 6.2245006541 13.1270461645 5.9615508071 8.4484520197 5.2 6.05 6.55 6.55 6.15 6.25 6.35 6.35 30.1 1.2 6.15 17.3 6.45 30.3761904762 8.0666666667 6.05 10.3761904762 7.4777777778 8.4 7.1 7.1 9.7
NaN NaN 7.1 7.3730772833 8 5.7666666667 30.3666666667 7 6.6 6.2 5.3570224301 6.5 20.9333333333 NaN 6.5 30.4892557464 5.5892557464 4.1540925512 6.59071197 9.8084518793 8.1111111111 25.6006911303 30.1 30.2236890968 23.2873015873 12.8111111111 9.9733912093 12.3253443262 14.4237619586 9.2257618163 19.7158552292 9.5715970431 9.5376880965 10.5018572798 25.3428255525 30.588701459 10.2226430481 7.3 24.2874920661 6.103030303 10.403030303 7.998142394 7.8556550252 10.9188440482 24.5242242458 13.7946277864 30.2134491708 29.5666666667 4.59071197 8.3333333333 6.278511354 11.1578685395 8.573998276 1.3 1.2 6.05 6.45 6.15 5.2 8 6.15 7.7 7.2 3.9 9.4079276146 21.0017858479 6.847996552 6.75 10.7111111111 5.7761904762 5.4777777778 7.8 7 7.1 7
NaN NaN NaN 7.2 30.3768182948 7.2 7.2 6.6 NaN NaN NaN NaN NaN NaN NaN 6.6 12.4666666667 6.5333333333 NaN 5.1 10.9542351217 28.2324338008 30.1120225406 30.1238672278 30.4467825041 21.9635231517 30.373998276 15.3939846865 30.4353511597 30.0694840324 30.2546089565 30.1442146898 17.1333333333 9.803628582 13.5400453809 30.1041568138 3.700414722 3.5513641714 11.4768182948 23.113394791 3.3083333333 5.4067245426 15.4 8 10.2 3.4222222222 3.5768182948 30.2267895821 30.5856743286 15.4 6.278511354 16.6578685395 3.873998276 3 6.15 6.15 6.25 6.35 6.35 3.9 30.6 8.7 7 1.2 6.05 9.603030303 6.35 30.4333333333 13.5333333333 13.2166666667 10.6564102564 15.2 13.1 30.1 7
NaN NaN 7.6 3.2 3.413394791 1.3564102564 5.298142394 7.3 NaN NaN NaN NaN NaN NaN NaN NaN NaN NaN NaN NaN NaN 6.5 10.5726619182 30.406906681 30.0640145061 10.1033841227 11.2245352062 10.6487992076 9.810477637 14.9827596463 30.2824898728 30.0662474188 30.4260253956 29.9603925074 30.1034638077 9.8 7.4 10.703030303 19.5083333333 30.3 26.7 5.2 10.2 15.2 5.2 30.2083333333 5.603030303 6.6 8.5333333333 4.178511354 8.2892557464 5.5533326691 5.3399385949 30.4222222222 6.05 6.05 5.4222222222 6.35 6.75 5.5222222222 5.75 6.1222222222 18.9179068435 30.0079276146 30.4202728564 30.2268601941 30.61898463 30.5333333333 4.6333333333 6.45 21.2564102564 30.2 9.6 6.05 5.85
NaN NaN 5 7.2 7.3 3.2 30.0067245426 30.1289342698 NaN NaN NaN NaN NaN NaN NaN NaN NaN NaN NaN NaN NaN NaN NaN 6.6 9.6310207061 8.5119610908 11.9451780206 30.0578339874 11.1708927697 30.6444444444 30.5302373727 10.4354980438 19.3948841404 25.7603794978 30.1302373727 7.5 4.4861401162 22.1492758406 9.4884651411 30.2395346585 30.1108185325 30.7 30.5 17.7 5.3 15.9079276146 13.0017858479 5.647996552 30.0570224301 8.7111111111 5.5761904762 18.4192754236 8.1333333333 6.0333333333 6.05 6.25 1.4333333333 6.55 3.9333333333 6.35 5.95 5.85 30.488759456 14.7757841239 22.7177163727 5.95 9.9813855149 5.95 9.7774851991 6.15 8.9450715499 12.8 5.9 8.4 6.25
NaN NaN NaN NaN NaN NaN NaN NaN NaN NaN NaN NaN NaN NaN NaN NaN NaN NaN NaN NaN NaN NaN NaN NaN NaN NaN 11.3578339874 13.9397668798 30.5686485301 13.6801158374 15.9874258846 10.49071197 30.0047379305 13.09071197 13.3874258846 7.2 10.1780270252 18.0885969716 20.2240421083 30.9281824662 17.5089609265 9.4635231517 9.3393193566 30.1242242458 7.8108185325 27.9 6.6 10.5714045971 4.59071197 7.3666666667 10.9555555556 5.7716618094 5.7666666667 10.8666666667 20.3666666667 17.2666666667 11.1666666667 8.2666666667 13.5666666667 6.05 5.85 30.3033841227 30.5093499059 30.5058650915 6.35 6.45 6.05 5.85 23.9648090607 5.8060726134 30.7923526966 30.6768182948 21.0564102564 6.65 12.7545401467
NaN NaN NaN NaN NaN NaN NaN NaN NaN NaN NaN NaN NaN NaN NaN NaN NaN NaN NaN NaN NaN NaN NaN NaN NaN NaN 6.5 30.4874258846 15.1282389099 30.3282334925 16.4333333333 11.3360678439 10.0690047263 10.4120225406 NaN NaN 6.3 30.5360678439 10.7 12.6393446036 8.1721177144 12.1166666667 30.2681050248 17.6333333333 12.103030303 30.4768182948 9.3556550252 17.0134491708 6.1540925512 30.0333333333 19.19071197 30.1333333333 30.5 5.8 8.5 7.35 6.85 5 30.5 7.05 30.573998276 30.3578685395 30.1578339874 30.3355337841 5.8245352062 6.35 6.35 6.15 30.0380712638 30.2536979496 28.3077225718 8.1714045971 8.8644313952 10.9798625896 3.8830432003
