Outfile_1.asc
NCOLS 201
NROWS 151
XLLCORNER 730592.938286
YLLCORNER 2561222.529137
CELLSIZE 145.176046
NODATA_VALUE NaN
[rows 34 to 67 of 151, columns 75 to 149 of 201]
6 6.4 6.7 10.2 7.1 6.3 5.6 5.6 6.2 5.6 6.7 6.5 6.5 6.6 1 7.2 7.2 7.3 12.2 7.2 7.2 17.2 12.2 7.2 7 5.1 9.6 5.2777777778 5.4761904762 7 4.6666666667 6.7761904762 3.3777777778 5.7 3.1 8.4564102564 13.1134491708 1.9084518793 30.2 2.6666666667 10.7111111111 10.7666666667 7.3726779369 19.8635231517 5.2311250567 7.4135735976 6.9 4.6666666667 6.75 6.85 7.05 6.85 6.6666666667 7.45 7.55 7.65 7.55 7.55 12.75 7.65 12.75 7.55 7.55 7.75 7.75 7.75 7.75 8.05 7.75 7.45 7.45 7.45 3.2 30.2 7.35
6.2 6.3 6.9 7.1 5.8 30.2 30.5 6.6 6.3 5.7 6.4 6.7 3.2 6.6 3.7 12.7 7.3 7.3 7.8 9.7 12.3 19.6 12.3 30.2 17.3 7.3 5.4 8.0777777778 30.2761904762 8.0666666667 9.9666666667 6.7761904762 3.3777777778 15.2 3.413394791 3.2858309864 3.4761904762 6.8 3.3570224301 6.247996552 1.4376880965 5.5533326691 7.3768182948 7.2222222222 7.2946277864 7.5376880965 4.0245006541 5 6.85 6.95 9.3777777778 6.95 6.85 7.45 7.55 7.55 3.9108185325 10.15 1.2 7.75 10.15 10.05 10.05 7.65 12.75 7.65 7.85 7.75 7.45 7.45 7.45 7.35 7.35 7.55 9.95
6.9 6.5 6.7 6.2 6.4 30.3 30.5 6.5 11 5.9 6.1 6.3 6.3 6.2 7.1 7.2 7.5 7.2 30.2 7.7 3.1 7.7 6.7 7 7 7 5.2021130107 20.3847858837 3.0761904762 7 7 10.3761904762 3.8777777778 1 7.8602895721 1.3874920661 1.6666666667 5.3570224301 4.178511354 1.4578685395 3.373998276 7.3393193566 30.014274771 9.2730772833 7.3928371643 9.0856743286 30.4333333333 7.45 6.95 6.75 6.85 6.85 6.95 7.55 7.55 7.55 7.45 7.85 7.55 10.45 7.45 7.55 15.15 7.65 7.65 5.6 7.65 7.35 7.35 10.15 15.15 7.25 22.2 6.95 7.65
7.3 6.6 7.1 6.2 6.8 6.7 6.4 6 5.5 5.5 6.4 6.7 6.7 4 12.4 7.3 7.2 14.7 12.2 7.4 6.6 7.1 7 6.6 7 7 6.6 5.303030303 5.5555555556 16.6333333333 2.178511354 1.6578685395 1.273998276 7.2399385949 7.436717456 6.8 2.6666666667 6.3333333333 6.7 7.3533326691 3.2399385949 3.8032369137 30.5660289775 14.4615508071 12.21898463 21.9570224301 18.29071197 9.6270461645 9.336717456 6.75 6.85 6.85 6.85 7.15 7.45 7.65 10.15 7.55 7.85 30.2 7.15 7.15 7.05 9.85 7.35 7.45 6.85 6.95 6.85 19.4 9 9.85 12.45 7.05 7.25
7.4 7.4 6.7 1.1 1.2 6.4 5 6.4 5.9 5.8 6.7 6.7 6.7 6.8 10.1 17.8 7.7 15.0067245426 7.9 13.1 27.2 30.2 7.1 17.6 5.2257618163 7.2635231517 9.2777777778 7.1 9.6555555556 6.7 2.1111111111 7 1.2564102564 7.298142394 6.9 2.178511354 4.3333333333 3.8084518793 6.2 6.2 3.2067245426 7.8477647286 14.5533326691 10.3205792798 14.69071197 9.4570224301 9.7666666667 9.95 7.35 6.75 6.85 5.2923526966 6.95 2.178511354 6.95 7.75 30.05 7.65 30.014274771 7.45 7.45 7.15 7.05 7.25 7.25 6.85 7.05 12.05 15.2 7.25 12.25 7.75 7.05 7.05 10.8
17.5 7.7 6.6 7.4 6.7 6.4 6.4 6.5 5.8 5.7 6.6 6.6 6.7 7.3399385949 7.7 8 12.7 7.5 7.4 7.6 8.2 17.4 5.2 5.2450715499 7.4135735976 30.1134491708 10.1761904762 17.1 30.3883656714 6.7 7.3 30.3350406063 5.2768182948 7.4134491708 1.8856743286 6.8 1.9245006541 3.4969040394 1.3081667897 1.2242242458 7 5.3135735976 7 6.0245006541 9.1 9.7856743286 7.35 7.45 9.2067245426 7.45 5 6.95 1.3384487607 1.6892557464 7.05 6.85 7.85 7.75 12.3660289775 7.55 7.15 7.05 12.15 7.35 6.85 6.85 NaN NaN 7.25 13.4 22.25 5.5 30.7 7.65 30.2
7.4 6.7 7 12.3 6.6 6.4 6.5 6.4 5.8 5.9 6.5 3.9328101159 7.6 7.6 7.6 7.5 7.7 7.8 7.8 30.3 10.4 8.1 7.4188440482 18.2081667897 17.4 11.2245006541 7.2 7 6.6 8.9375594364 7.3 7.7112944531 6.2112111039 7.7666666667 25.5570224301 8.69071197 10.1205792798 1.3533326691 1.2450715499 6.8 7 1.5622501134 15.5245006541 8.3333333333 10.0540925512 9.5714045971 7.45 7.55 7.45 6.95 6.85 7.8002805931 6.95 1.4726779369 7.05 9.55 7.15 7.65 12.4615508071 24.8484520197 7.15 7.05 7.05 6.85 6.95 6.85 NaN NaN 7.25 28.9 30.1 6.95 30.7 30.1 30.7
6.7 5.9 12.2 7.1 6.9 6.5 6.6 5.9 5.8 6.4 6.8 6.8 7.5 10.1 7.5 7.4 7.4 6.7 7.5 7.7 7.4 9.7 7 NaN 5.61898463 7.3570224301 4.9714317131 7.1 6.7 14.5578339874 12.1967854397 10.4068038428 5.9390996564 9.09071197 10.4333333333 7.1 22.5901371761 3.3768182948 17.4108185325 30.5602895721 5.4726779369 17.7666666667 20.0333333333 30.0570224301 9.55 7.15 9.75 11.2 6.75 7.15 7.25 7.05 7.15 7.05 12.25 4.7245006541 9.85 7.05 30.3714045971 6.95 6.95 6.45 6.45 6.45 6.85 7.05 12.15 7.05 9.85 7.15 7.55 7.55 28.9 6.75 30.4
6.7 6.2 30.6 6.5 6.9 7.2 6.5 5.9 5.9 6.4 6.8 6.7 7.5 7 7 11.69071197 6.8 6.8 6.8 6.8 6.8 7.6 7.3 9.1 18.778511354 8.3333333333 5.8745942812 3.8497823999 6.5 6.7 12.8326039052 8.7027049172 21.4463669952 30.0570224301 9.8856743286 25.1267895821 7.2946277864 10.0311250567 3.2399385949 6.436717456 7.5716618094 6.49071197 16.4570224301 27.2666666667 5.4928371643 5.2660289775 10.3032369137 7.05 12.05 6.95 6.95 7.15 7.05 7.15 9.75 7.25 7.05 7.05 9.75 8.5267895821 8.05 7.05 6.85 6.95 5.4374901471 6.75 6.3067245426 3.8 19.1 8.7 3.7 8.7 6 6.2 30.4
6.9 6 1.214274771 5.8 6.5 6.7 5.9 5.7 6.4 6.5 6.7 5.09071197 6.7 6.49071197 6.7 6.7 5.4376880965 6.9 7.1 7.1 7.2 7.5 7.4 7.2 9.6 30.3245006541 6.8 25.8678148254 6.1690276405 17.6937128312 5.263570706 4.4874258846 4.5661434492 9.6666666667 1.4928371643 29.9946277864 20.1242242458 5.4242242458 8.1081667897 6.9 8.178511354 10.3333333333 9.7453558739 12.0267895821 5.2858309864 7.05 5 6.7 6.7 7 7.1 7.1 7.2 7.3 7.15 7.05 1.4969040394 7.05 4.4333333333 7.05 7.15 24.95 7.15 7.25 9.65 4.2500529685 6.75 4.227426912 30.5862387519 1.3374901471 6.65 6.55 5 30.7 6.5
6.1 7.3928371643 5.9 6 5.9 5.9 30.3 6.1 1.4135735976 6.6 8.0540925512 1 15.5084518793 7.6205792798 6.8 6.7 6.8 6.7 6.7 1.5205792798 6.5027355997 6.9 7.2 6.8 9.6 10.7716618094 7.9237619586 3.5165769424 5.7827350258 14.0935268607 7.2 7.2 30.1859420902 7 7 29.1393193566 7.3222222222 11.9768182948 7.7267895821 11.1084518793 10.8 17.6245006541 22.1376880965 7.4 7.2 5.1 30.6 6.7 6.8 7.1 5 6.7 7.1 7.1 7.3 6.85 6.85 4.1205792798 2.278511354 6.95 6.9333333333 6.95 9.75 19.65 6.85 2.0483481745 2.0171833406 6.85 7.05 6.75 6.85 6.65 21.2484520197 24.6067245426 10.6
6 5.8 9.4267895821 5.9081667897 5.8 6.5 6.5 6.3 30.2714045971 6.7 6.7 11.778511354 6.9 6.9 6.7 6.8 6.9 6.7 5.2477647286 6.5 6.5 6.605300936 7.3 6.8 6.8 6.9 7.8602895721 8.7788989167 8.5823451376 16.5523179633 7.1 7.1 6.8 6.8 5.6770074531 6.8 9.6 5.5726779369 7.975 6.9 11.478511354 7.7205792798 7.2 29.4450715499 12.3 7.5 6.8 30.6 10.4 6.8 7.6 5.3 7.3 7.4 7.2 7.1 12.25 7.05 8.2969040394 6.95 4.5333333333 7.15 6.65 4.5333333333 6.55 6.45 6.55 6.65 6.95 6.45 6.75 6.5419755892 26.5172058324 30.3096284107 3.314274771
4.59071197 10.3333333333 28.0084518793 7.5969040394 7.4726779369 7.298142394 6.4 1.4714045971 3.9245006541 3.6 4.178511354 17.1716618094 7.336717456 3.2477647286 6.8 7 5.1 6.7 6.7 6.7 6.5 6.3203870548 7.2 7 6.8 5.5356325411 13.0230521815 5.6125225222 13.8111111111 12.7 9.4444444444 6.6666666667 2.1111111111 6.2 6.8 6.8 6.9 6.9 6.793742273 3.6328910438 9.8134799922 10.4533326691 7.3477647286 9.8 14.9 7.4 6.9 7.1 6.8 18.4 6.9 5.3 30.3 7.4 7.1 7.3 7.2 6.75 6.85 14.3333333333 12.5703703704 6.95 7.05 1.6555555556 2.1200953027 4.9375594364 3.1356117652 6.0451780206 6.65 6.55 6.65 30.5633899069 6.35 27.5261704976 30.4111005273
30.4666666667 7.4666666667 6.6 9.9245006541 7.61898463 6.4 6.4 1.7856743286 8.3333333333 6.7 5.6716618094 6.8 6.7 6.7 6.8 6.7 6.5 6.5 6.5 5.4528140863 6.8 7.5 6.95 13.3082403764 30.1111266977 21.5773862895 7.3222222222 15.209201947 10.0934562487 5.81898463 7.3257543607 6.5523179633 4.5961624635 6.8440446391 7.2393193566 10.5521773816 8.5643423404 6.3601229154 5.6555555556 12.9352414614 25.8126205685 8.1831464622 14.0108185325 6 12.8 6.8 7 3.7 1.2 8 30.7 6.8 25.8 14.8 7.5 7.2 7.1 6.55 23.9242242458 6.45 1.3564102564 7.3847858837 1.4094922192 1.5333333333 1.5961321867 1.7897640738 3.2043547631 5.7485805095 29.4282174738 4.7889883586 2.7298755254 16.2 15.7448045212 10.1239502039 30.0161146552
6.5 6.6 6.5 30.0333333333 10.5555555556 8.3176157029 1.8660740412 6.9151186864 2.6954770164 7.2 5.7 3.8730772833 6.7 6.7 1.1 6.5 5 3 3 5.2380952381 5.6181350989 6.1570952919 6.95 4.1921691488 9.629996399 20.6377707402 9.2328101159 13.2755884172 11.0524976531 15.4268601941 7.4526087569 9.3972305644 4.3235015266 6.9571936115 6.4 6.3 7.3983456956 9.0870537214 12.3333333333 10.3203870548 5.7650123622 3.5459542766 5.1 27.9 6.9 7.1 7 6.2 6.7 6.9 7 7.8 30.1 7.1 9.6 9.7 1.3 1.2 8.8 3.1 3.6 1.3021130107 6.95 1.4242242458 16.4777777778 1.8073155329 8.2361506991 30.3851093871 14.5651186864 4.5071068402 2.2860514612 7.0786892072 9.8240453033 30.2515468186 30.2603925074
6.6761904762 3.4761904762 9.4761904762 5.9733912093 30.530910846 6.4 6.4 5.3333333333 7.2 6.3 5.6 6.4 7.3047650464 6.8 5.9 5.7 5.7 5.1 1.1 1.3242242458 3.636570247 9.1059860233 13.6564102564 30.2535234292 17.4242677032 20.0564102564 30.1564102564 5.5134491708 18.9729365995 12.6690355763 6.0994767825 10.6870664144 6.6862387519 3.6048669366 6.3 6.5 12.590937233 15.2623737794 9.7777777778 6.0987079739 3.6287676428 3.6326256917 6.9 7.2 21.3 11.2 6.9 7 7.1 30.2 7.3 6 20.7 16.2 7.3 1.3 6.1 5.6 3.7 1.1 6.95 1.1 6.95 6.95 6.95 7.15 7.25 7.2178356538 30.7714045971 17.3433447023 6.4081667897 16.1163426646 11.2020891032 5.0261704976 25.651703306
2.7666666667 4.7666666667 6.7666666667 4.9994767825 5.0420761414 9.9777777778 8.1540925512 6.5 8.5590193633 11.0714317131 22.6205792798 1.4615508071 6.4556550252 6 5.8 1 3 5.6 1 5.2108185325 5.65 5.647996552 9.3570224301 10.1111111111 9.4761904762 9.2847858837 3.5031712291 7.9419755892 18.6223216919 6.9300313266 18.3512334657 3.3094922192 3.3635231517 10.8393193566 5.3081667897 6.3 6.4388009261 4.1533326691 6.5 9.7575587721 6.9 7 9.6 12.3 3.1 3.2 7.1 19.8 28.8 6.9 5.2 1.2 3.6 10.8 7.7 7.6 5 5 12.1 12.1 6.95 6.95 7.15 4.1021130107 7.25 6.95 6.95 6.95 26.7167852127 18.9333333333 4.5130438755 6.45 4.0288320124 6.45 13.8712972011
30.4111111111 6.8 6.8 7.6 7.6 7.3 4.9477344001 6.4 1.298142394 27.9067245426 5.8 1.5270461645 1.4333333333 6.2 5.7 5.6 5 5 5 5 5.373998276 6.05 8.178511354 10.6666666667 9.5555555556 9.5162167619 7.6036784889 9.9916625669 15.3467825041 12.7866660024 13.1158451277 9.5761904762 7.6199035803 5.6074243814 8.7831998385 10.6477712359 1.2108185325 13.0178307106 9.8533142958 14.7528929542 12.12899873 7.2 7 7 7 6.2 30.4 6.6 1 8.9 18.3 30.1 30.5 30.2 7 30.1 5.1 5 3.6 1.1 9.55 7.05 6.85 3.2083333333 3.403030303 6.95 21.7678658549 7.3092865378 6.9363636364 5.7425352804 6.55 22.2405617714 1.7694784217 4.0666666667 30.1570224301
8 6.8 7.5 7.5 12.7 7.3 2.4959052512 7.7 9.8 8.5245006541 7.3 10.8540925512 5.5714045971 6.398142394 10.3183739396 5.9 5 5 5.75 7.8 5.353428636 5.5042261031 25.7258747098 15.1512401769 30.105947185 9.622947292 7.7240421083 8.5 11.3874258846 13.0049951428 13.8526087569 8.9845735102 6.4714006833 6.55 4.1833333333 8.6866660024 8.5553296488 13.8959802891 9.3384487607 9.3450715499 10.1 10.7 30.1 6.8 3.3 3.8 1 3 5.7 5.2 3 3 5.1 15.3 30.2 5 1 30.6 8.5 6.45 6.55 1.1 6.45 1.2083333333 8.403030303 7.05 7.05 6.9955834467 3.7555555556 6.75 10.2733230525 12.1682195417 7.5768182948 6.7134491708 2.0856743286
8 8 7.7 7.7 7.5 7 6.9 3.6801310486 7.3 5.5205792798 11.778511354 1 3.7856743286 1.3928371643 5.3768182948 3.4067245426 1.1 7.6 5.2 14.6 11.8328101159 8.1647589624 17.53974395 30.2526087569 10.505371548 10.3309458229 6.05 6.05 20.8573786367 30.2434852841 8.5513608481 30.7987842103 6.55 6.65 30.1681335412 11.3383284761 15.1406199178 9.620302182 11.8618913743 6.7 6.8 9.6 30.3147188482 1.3222222222 6.8179068435 5.9067245426 6.2 6 13.2 7.7 7.6 6.1 7 3.1 9.7 7.1 1.1 1.2 3.7 1 5.1 5.7 6.15 30.1079276146 30.3017858479 4.6854866991 6.85 14.2084518793 19.7666666667 6.65 23.2997840537 15.059220178 5.3222222222 7.398142394 1.5714045971
7.9 8.1 8 7.5 7.6 7.3 6.4 5.2923526966 6.4 5.4726779369 5.7666666667 7.3570224301 5.6 5.5892557464 5.3384487607 5.2477647286 7.2 5.2 5 3 9.2564102564 5.6439023225 10.0064766961 11.2383284761 11.3856512967 10.2959439454 17.7469069309 6.05 9.2380712638 10.4636825423 7.9309458229 9.9721177144 12.7935268607 14.6760070601 21.7 30.2046589586 30.0749999779 30.5303300294 17.0222222222 30.7 30.4032369137 7.8399385949 9.3847858837 13.203030303 6.6 6.5 4.0399385949 22.3032369137 30.1 1 5.7 1 30.1 30.2 10.2 17.8 5.1 1.2 5.2 1 5 5.95 1 10.2 3.4758686137 5.9557238518 6.75 18.6225890798 8.0666666667 30.7872459465 30.2428255525 10.138943094 17.2 6.05 28.5533326691
7.9 7.9 7.9 4.2666666667 12.7 15.8245006541 7.4 6.8 6.8 5.3858309864 5.5267895821 5.6666666667 10.3333333333 6.178511354 5.6 5.336717456 5.3556550252 5.7 5 6.05 9.2777777778 5.753008771 11.1380712638 6.0540925512 10.49071197 7.4714045971 12.7234705095 7.1190076619 11.4152126241 10.2422599133 9.9951511893 10.14690064 12.6191643198 16.8175015521 10.3222222222 10.0535791641 12.3319287483 9.7218743513 30.0847858837 30.0564102564 6.8 11.9533326691 10.5622501134 5.7555555556 5.5969040394 6.4 6.4 30.0618913743 9.3047650464 6.5 30.2 6.25 3.1 5.6 5.6 3.1 3.7 6.05 6.05 5.2 1.1 6.15 3.2 1.1 3.8242242458 20.1925555291 6.75 8.397178591 25.85 30.4199993357 10.1936229055 7.3222222222 9.9 6.05 4.0660289775
7.9 7.9 7.9 7.9 7.6 7.1245006541 7.9 7.1 7.7 10.4242242458 5.5081667897 5.5267895821 5.9245006541 3 5.6 6.1270461645 5.3726779369 5.3094922192 5.3556550252 3.2380952381 6.35 NaN 11.0801158374 5.95 NaN 6.0801158374 5.5 5.2 12.5355337841 9.5270461645 11.575118546 9.5892557464 18.1169601147 12.709201947 30.2428255525 10.2650123622 24.9251885585 9.9912577986 9.4714045971 3.4166666667 6.3 1.71898463 18.678511354 6.8 6.6 4.278511354 6.5 1.3615508071 1.2730772833 6.4 8.3 6.35 3.2 6.7 3.1 1 1.4 3.7 15.7 7.6 15.2 1.2 1.2 5.1 1.1 7.3564102564 6.75 2.456182661 2.9230769231 4.5948749122 7.5127291329 7.2147188482 9.7 3 12.314274771
7.9 7.9 7.9 7.9 7.6 10.5 8 7.9 8.0393193566 30.4179068435 5.2399385949 5.4135735976 5.6714045971 11.0245006541 6.4 5.7 6.2 5.5270461645 8.0134491708 6.75 5.3384487607 5.6800907618 6.4708640506 11.0180308381 5.9171063627 5.62568603 9.6520223583 9.8511372672 10.029530349 10.3564484313 20.4477344001 12.2654743095 15.3014383581 12.6570952919 13.0539126131 25.0537203881 11.0621165671 25.8314757273 8.7015305025 6.1111111111 6.2111111111 18.6333333333 7.0333333333 2.1540925512 4.2111111111 12.2333333333 2.49071197 1.61898463 10.9928371643 6.5 10.4399385949 3.1 3 3.2 30.5 6.15 11.2 7.9 5.7 15.2 17.1 6.05 6.15 7.1 1 6.15 6.25 5.95 6.05 4.2555555556 7.303030303 7.3083333333 12.2 7 7.1
7.9 7.9 7.9 7.9 7.9 7.7 8 8 1.3615508071 6.6 7.9316790289 5.3333333333 8.5042261031 13.1761904762 5.7856743286 6.3 1.1 4.7666666667 8.6540925512 7.9333333333 3.8800614577 5.93974395 8.4379713052 6.9935268607 9.8286328389 9.5164250941 9.4704444133 9.5355130099 9.60510641 9.7829743404 10.1194011491 10.1102466654 9.8637223453 30.4610823404 11.1666666667 12.3333333333 30.4573786367 20.2666666667 30.6888888889 4.7666666667 6.9666666667 4.278511354 6.3 1.4622501134 23.2267895821 3.9666666667 7.9570224301 8.1570224301 8.4453558739 3.4376880965 3.936717456 6.5556550252 3.4047650464 3 1.2 6.15 6.15 6.25 30.6 11.1 5.95 8.1 3.1 3 14.2 21.7777777778 6.25 9.2666666667 4.7111111111 5.6969040394 7.2923526966 12.4047650464 5 7 9.6
NaN 7.9 7.9 7.9 7.9 7.6 10.3 9.9 6.5 6.5 6.5 6.3 6.2 6.6 8.3856743286 6.2 6.2 4.49071197 30.4333333333 12.9333333333 21.9564102564 14.4874920661 11.2096966 11.9760070601 10.0412124542 9.6730769231 9.3703703704 9.3384487607 9.48611562 9.5224392339 21.2786041427 9.5865717317 9.7107229978 11.0904286252 10.6990906338 12.9870537214 9.8714045971 27.588854364 5.8870090087 13.1761904762 5.4761904762 3.5578685395 5.3384487607 3.8858309864 5.3858309864 8.5928371643 16.4666666667 7.19071197 10.4333333333 6.2245006541 13.1270461645 5.9615508071 8.4484520197 5.2 6.05 6.25 6.35 6.05 6.25 6.25 6.15 7 1.2 6.05 7.1 6.35 13.5761904762 2.7666666667 6.05 10.1761904762 7.4777777778 8.3 7.1 7.1 9.7
NaN NaN 7.1 7.2730772833 7.9 5.6666666667 30.3666666667 6.9 6.5 6.2 5.3570224301 6.5 20.9333333333 NaN 6.4 11.2892557464 5.5892557464 4.1540925512 6.59071197 9.8084518793 8.1111111111 25.6006911303 20.1 30.2236890968 23.1873015873 12.7111111111 9.9733912093 9.7253443262 9.3237619586 9.2257618163 14.5158552292 9.5715970431 9.5376880965 10.3018572798 12.7428255525 30.488701459 10.2226430481 7.3 21.6874920661 6.003030303 5.303030303 7.898142394 5.2556550252 10.9188440482 24.5242242458 11.0946277864 10.0134491708 8.2666666667 4.59071197 8.3333333333 6.278511354 11.1578685395 8.473998276 1.2 1.1 6.05 6.35 6.05 5.1 7.9 6.05 7.6 7 3.7 9.3079276146 17.4017858479 6.747996552 6.45 10.7111111111 5.5761904762 5.4777777778 7.7 7 7.1 7
NaN NaN NaN 7.1 1.2768182948 7.2 7.2 6.6 NaN NaN NaN NaN NaN NaN NaN 6.5 4.7666666667 6.4333333333 NaN 5 10.7542351217 8.0324338008 23.5120225406 23.5238672278 22.3467825041 17.3635231517 30.373998276 12.3939846865 30.2353511597 21.8694840324 30.0546089565 14.5442146898 17.0333333333 9.803628582 10.9400453809 10.9041568138 3.700414722 3.5513641714 11.4768182948 10.313394791 3.3083333333 5.4067245426 15.4 7.9 5.1 3.3222222222 3.3768182948 5.5267895821 30.4856743286 7.7 6.178511354 5.4578685395 3.873998276 3 6.15 6.15 6.25 6.15 6.25 1.1 30.4 8.6 7 1.2 5.95 9.403030303 6.15 13.5333333333 13.5333333333 8.0166666667 10.6564102564 15.2 1 29.1 7
NaN NaN 7.6 3.1 3.313394791 1.3564102564 5.298142394 7.3 NaN NaN NaN NaN NaN NaN NaN NaN NaN NaN NaN NaN NaN 6.5 10.4726619182 30.306906681 9.9640145061 10.1033841227 11.1245352062 10.5487992076 9.810477637 9.6827596463 15.0824898728 17.3662474188 9.7260253956 29.9603925074 30.0034638077 7.2 7.2 10.603030303 11.9083333333 30.1 16.6 5.2 10.2 15.2 5.1 15.4083333333 5.303030303 6.3 8.3333333333 4.178511354 8.1892557464 5.4533326691 5.2399385949 30.4222222222 6.05 6.05 5.4222222222 6.25 6.45 5.5222222222 5.75 3.5222222222 1.2179068435 7.3079276146 19.3202728564 23.5268601941 27.31898463 4.4333333333 1.8333333333 6.15 13.6564102564 30.2 9.6 5.95 5.85
NaN NaN 5 7.1 7.3 3.2 30.0067245426 30.1289342698 NaN NaN NaN NaN NaN NaN NaN NaN NaN NaN NaN NaN NaN NaN NaN 6.6 9.6310207061 8.5119610908 11.9451780206 18.4578339874 11.1708927697 30.1444444444 12.9302373727 10.3354980438 10.1948841404 22.9603794978 12.8302373727 7.3 1.8861401162 9.5492758406 9.4884651411 30.1395346585 30.0108185325 30.5 29.2 7.6 5.1 3.3079276146 5.3017858479 5.547996552 9.3570224301 6.1111111111 5.4761904762 3.3192754236 8.1333333333 5.9333333333 5.95 6.05 1.3333333333 6.45 3.9333333333 6.15 5.95 5.75 30.388759456 12.1757841239 7.6177163727 5.85 9.8813855149 5.65 7.0774851991 5.95 8.1450715499 7.6 3.2 5.6 5.95
NaN NaN NaN NaN NaN NaN NaN NaN NaN NaN NaN NaN NaN NaN NaN NaN NaN NaN NaN NaN NaN NaN NaN NaN NaN NaN 11.3578339874 13.9397668798 10.5686485301 11.0801158374 13.3874258846 10.49071197 15.9047379305 10.49071197 13.3874258846 7.2 10.0780270252 7.8885969716 9.8240421083 30.5281824662 12.2089609265 9.2635231517 9.2393193566 9.3242242458 5.2108185325 10.3 6.5 10.5714045971 4.59071197 7.2666666667 5.6555555556 5.7716618094 5.6666666667 10.7666666667 10.2666666667 17.2666666667 5.8666666667 5.6666666667 13.4666666667 6.05 5.75 30.3033841227 30.4093499059 30.3058650915 6.15 6.25 5.65 5.65 8.5648090607 5.7060726134 30.4923526966 30.4768182948 15.8564102564 6.35 7.5545401467
NaN NaN NaN NaN NaN NaN NaN NaN NaN NaN NaN NaN NaN NaN NaN NaN NaN NaN NaN NaN NaN NaN NaN NaN NaN NaN 6.5 10.8874258846 9.9282389099 20.0282334925 11.3333333333 11.2360678439 9.9690047263 10.4120225406 NaN NaN 6.3 30.5360678439 10.7 10.0393446036 7.9721177144 9.4166666667 9.3681050248 7.4333333333 9.303030303 9.2768182948 9.3556550252 17.0134491708 6.1540925512 30.0333333333 19.19071197 10.9333333333 22.7 5.6 8.5 7.25 6.85 5 30.5 6.95 30.473998276 30.2578685395 30.0578339874 30.3355337841 5.4245352062 6.25 6.05 6.05 10.1380712638 26.0536979496 7.9077225718 5.4714045971 6.2644313952 5.6798625896 3.8830432003
NaN NaN NaN NaN NaN NaN NaN NaN NaN NaN NaN NaN NaN NaN NaN NaN NaN NaN NaN NaN NaN NaN NaN NaN NaN NaN 5.9 10.399076262 9.9506636589 10.4553296488 15.2846975047 13.1400621611 9.7502212362 NaN NaN NaN NaN NaN 23.5874258846 9.4134491708 10.9223216919 30.3111111111 5.8084518793 9.6666666667 30.3555555556 30.0714045971 30.2042261031 7.9615508071 18.4453558739 6.3333333333 5.95 6.1540925512 5.7666666667 19.0666666667 13.3666666667 9.4666666667 7.05 6.95 8.3666666667 7.05 6.1361506991 7.05 9.65 12.15 6.85 7.15 6.85 8.3333333333 5.6666666667 13.3666666667 24.0888888889 21.3149362158 6.5348730697 6.4539126131 18.6203870548
NaN NaN NaN NaN NaN NaN NaN NaN NaN NaN NaN NaN NaN NaN NaN NaN NaN NaN NaN NaN NaN NaN NaN NaN NaN 9.5205792798 6 8.7990906338 13.5761588859 7.3289342698 6 6 NaN NaN NaN 7.1 7.1 4.0840685946 11.0876160094 30.5874258846 16.0994767825 30.1 12.3333333333 12.3333333333 10.6666666667 8.1540925512 12.3453558739 5.7205792798 5.8727786529 6.6 4.4919346658 1.7727786529 10.5901371761 5.4703703704 5.4703703704 30.3703703704 23.1703703704 9.65 6.75 6.85 6.75 9.55 6.95 12.15 7.05 7.15 9.55 6.85 6.85 7.15 7.05 6.6714285714 6.85 9.9333333333 30.4666666667
