Outfile_5.asc
NCOLS 201
NROWS 151
XLLCORNER 730592.938286
YLLCORNER 2561222.529137
CELLSIZE 145.176046
NODATA_VALUE NaN
[rows 33 to 65 of 151, columns 0 to 73 of 201]
NaN NaN NaN NaN NaN NaN NaN NaN NaN NaN NaN NaN NaN NaN NaN NaN NaN NaN NaN NaN NaN NaN NaN NaN NaN NaN NaN NaN NaN NaN NaN NaN NaN NaN NaN NaN NaN NaN NaN NaN NaN NaN NaN NaN 7.8 10.35 19.925 19.998 16.8 10.85 15.8 20.124 7.7 8.65 8.45 10 9.6 13.95 19.9898913743 20.0835508071 7.2205792798 9.178511354 6.85 9.9 10.95 10.2 9 15.15 16.1 10.05 7.6161994504 6.0663880718 10 6.7660289775
NaN NaN NaN NaN NaN NaN NaN NaN NaN NaN NaN NaN NaN NaN NaN NaN NaN NaN NaN NaN NaN NaN NaN NaN NaN NaN NaN NaN NaN NaN NaN NaN NaN NaN NaN NaN NaN NaN NaN NaN NaN NaN NaN 10.4 12.8 11.7 13.3 11.05 11.8 16 18 10 7.75 7.55 12.1 17.55 13.75 20.16 9.95 16.85 8.85 6.9270461645 10.028511354 2.9 20.3563333333 20.4173333333 20.1107072729 15.05 19.981 11.4 9.75 11.65 7.3 6.4222222222
NaN NaN NaN NaN NaN NaN NaN NaN NaN NaN NaN NaN NaN NaN NaN NaN NaN NaN NaN NaN NaN NaN NaN NaN NaN NaN NaN NaN NaN NaN NaN NaN NaN NaN NaN NaN NaN NaN NaN NaN NaN NaN NaN 10.45 5.2 12.2 5.7 2.45 2.2 2.75 20.015 8.75 8.95 7.95 19.907 8.35 19.908 19.963 9.75 7.014274771 10.1 8.85 19.9935792798 19.9910925512 25.085 14.6 10.8 20.111 10.35 11 20.1327842464 6.147996552 20.0797858479 19.9967300308
NaN NaN NaN NaN NaN NaN NaN NaN NaN NaN NaN NaN NaN NaN NaN NaN NaN NaN NaN NaN NaN NaN NaN NaN NaN NaN NaN NaN NaN NaN NaN NaN NaN NaN NaN NaN NaN NaN NaN NaN NaN NaN NaN 6 6.25 5.2 5.9 2.7 2.05 20.025 18.55 12.7 16.3 11.35 14.05 10.7 12.4 19.985 20.083 6.6 8.2 8.15 9.95 7.0134491708 8.35 12.55 6.3384487607 6.3726779369 9.1 6.3333333333 20.085 9.25 6.8660289775 19.75
NaN NaN NaN NaN NaN NaN NaN NaN NaN NaN NaN NaN NaN NaN NaN NaN NaN NaN NaN NaN NaN NaN NaN NaN NaN NaN NaN NaN NaN NaN NaN NaN NaN NaN NaN NaN NaN NaN NaN NaN NaN NaN NaN 4.95 11.8 2.8 19.933 2.55 3 3 20.046 17.2 20.119 18.25 9.05 20.151 11.4 5.7 9.55 6.75 11.9 5.8 6.0828101159 16.05 7.1056550252 12 19.953 15.6 19.919 12.25 11.95 11.3 12.4 19.993
NaN NaN NaN NaN NaN NaN NaN NaN NaN NaN NaN NaN NaN NaN NaN NaN NaN NaN NaN NaN NaN NaN NaN NaN NaN NaN NaN NaN NaN NaN NaN NaN NaN NaN NaN NaN NaN NaN NaN NaN NaN NaN NaN NaN 6 5.5 2.65 15.4 9.7 19.992 12.05 20.134 19.05 19.919 9.15 5.95 20.222 20.214 6.05 6.3 6.4 5.9 6.7 2.85 2.75 9.65 13.9 6.7453558739 14.25 3.9084518793 11.3634491708 13.3 11.15 10.35
NaN NaN NaN NaN NaN NaN NaN NaN NaN NaN NaN NaN NaN NaN NaN NaN NaN NaN NaN NaN NaN NaN NaN NaN NaN NaN NaN NaN NaN NaN NaN NaN NaN NaN NaN NaN NaN NaN NaN NaN NaN NaN 9.95 13 8.6 14.1 2.8 19.999 2.75 17.4 19.936 11.95 14.5 20.218 20.011 15.3 5.85 20.078 19.9 16.2 11.25 2.85 2.8 2.8 5.7 12.2 12.8 7.75 10.3 20.017 10.55 10.55 20.0008913743 12.1
NaN NaN NaN NaN NaN NaN NaN NaN NaN NaN NaN NaN NaN NaN NaN NaN NaN NaN NaN NaN NaN NaN NaN NaN NaN NaN NaN NaN NaN NaN NaN NaN NaN NaN NaN NaN NaN NaN NaN NaN 1.75 5.2 5.95 2.95 5.9 10.6 19.989 11.85 11.4 3.05 20.069 19.955 19.934 19.924 5.55 13.5 2.95 10.7 9.6 2.4 2.65 10.05 6.1 20.034 8.65 7.9 7.5 6.85 8.4 8.85 11.7 10.55 11.75 20.0338182948
NaN NaN NaN NaN NaN NaN NaN NaN NaN NaN NaN NaN NaN NaN NaN NaN NaN NaN NaN NaN NaN NaN NaN NaN NaN NaN NaN NaN NaN NaN NaN NaN NaN NaN NaN NaN NaN NaN NaN 15.6 5.8 7.75 5.65 5.75 6.95 10.05 3 9.9 20.159 15.7 19.98 6.3 20.015 6.65 16.45 14.35 18.65 6.05 2.65 2.3 5.8 6.45 8.6 8 7 6.95 7.3 7.2 7.45 20.1096743286 8.15 12.9 20.0165792798 11.5
NaN NaN NaN NaN NaN NaN NaN NaN NaN NaN NaN NaN NaN NaN NaN NaN NaN NaN NaN NaN NaN NaN NaN NaN NaN NaN NaN NaN NaN NaN NaN NaN NaN NaN NaN NaN NaN NaN NaN 9.6 9.75 5.6 9.1 7.6 5.9 6.05 7.75 9.35 11.5 11.95 13.85 14.05 5.75 12.55 20.036 20.003 20.122 3.2 5.55 7.2 5.7 5.85 7.95 7.75 19.942 20.032 7.15 7.8 7.3 8.35 13.6 19.938 7.028511354 6.3392557464
NaN NaN NaN NaN NaN NaN NaN NaN NaN NaN NaN NaN NaN NaN NaN NaN NaN NaN NaN NaN NaN NaN NaN NaN NaN NaN NaN NaN NaN NaN NaN NaN NaN NaN NaN NaN NaN NaN NaN 20.021 20.075 9.35 7.7 12.3 9.3 6.5 5.25 10.8 9.1 10.9 19.941 8.3 8.6 11.25 19.982 5.6 20.067 5.9 6.85 4.95 6.3 6.35 7.2 7.75 9 5.8 7.35 5.7 6.9 8.25 20.1577895821 20.1066743286 20.1713333333 8.45
NaN NaN NaN NaN NaN NaN NaN NaN NaN NaN NaN NaN NaN NaN NaN NaN NaN NaN NaN NaN NaN NaN NaN NaN NaN NaN NaN NaN NaN NaN NaN NaN NaN NaN NaN NaN NaN NaN 15.85 19.932 19.917 13.45 19.924 8.85 11 16.95 18.2 9.2 10.3 20.067 14.85 10.05 5.8 10.25 9.6 5.8 8.8 13.6 9.25 7.1 5 7.25 5.95 5.55 7.2 6.95 7.35 8.95 9.9 7 20.0836277864 20.0747895821 20.1086743286 7.35
NaN NaN NaN NaN NaN NaN NaN NaN NaN NaN NaN NaN NaN NaN NaN NaN NaN NaN NaN NaN NaN NaN NaN NaN NaN NaN NaN NaN NaN NaN NaN NaN NaN NaN NaN NaN NaN NaN 10.5 19.982 17.1 19.924 15.9 8.65 9.5 20.052 9.05 20.039 11.85 14.25 13.25 19.919 14.55 9 12.05 15.8 9.15 5.8 5.45 6.5 7.95 20.067 7.15 8 7.1 7.9 20.128 6.65 5.6 8.6 11 8.55 7.1 5.6666666667
NaN NaN NaN NaN NaN NaN NaN NaN NaN NaN NaN NaN NaN NaN NaN NaN NaN NaN NaN NaN NaN NaN NaN NaN NaN NaN NaN NaN NaN NaN NaN NaN NaN NaN NaN NaN NaN NaN 20.012 20.113 20.041 15.6 13.6 19.99 20.115 8.9 11.65 6.85 8.65 12.25 15.65 12.4 19.999 5.8 5.55 6.05 5.75 20.081 7.2 20.081 20.117 19.967 19.974 19.982 17.3 6.45 6.65 7.05 12.75 10.1 11.55 20.0202242458 19.2446277864 20.0938371643
NaN NaN NaN NaN NaN NaN NaN NaN NaN NaN NaN NaN NaN NaN NaN NaN NaN NaN NaN NaN NaN NaN NaN NaN NaN NaN NaN NaN NaN NaN NaN NaN NaN NaN NaN NaN NaN NaN 20.013 20.006 18.85 19.924 13.25 17.65 19.977 11.6 9.15 13 20.049 9.8 8.65 9.45 19.98 5.7 9.85 5.9 7.75 7.6 20.079 20.119 2.95 20.163 6.8 5.6 5.95 19.988 8.1 16.1 8.95 10.2 16.9583333333 19.9423333333 20.051702243 20.1333526966
NaN NaN NaN NaN NaN NaN NaN NaN NaN NaN NaN NaN NaN NaN NaN NaN NaN NaN NaN NaN NaN NaN NaN NaN NaN NaN NaN NaN NaN NaN NaN NaN NaN NaN NaN NaN NaN NaN 16.6 20.116 18.9 20.168 20.13 19.1 20.026 5.55 15.25 13.35 13.2 10.1 13 20.09 8.5 10.2 10.95 9.15 5.65 6.9 5.85 6.55 6.7 6 5.3521130107 6.95 12.2 13.35 10.1 6.1277777778 17.7 12.2 20.001030303 20.049030303 15.153030303 9.75
NaN NaN NaN NaN NaN NaN NaN NaN NaN NaN NaN NaN NaN NaN NaN NaN NaN NaN NaN NaN NaN NaN NaN NaN NaN NaN NaN NaN NaN NaN NaN NaN NaN NaN NaN NaN NaN 9.8 20.111 9.2 20.001 19.927 19.953 12.95 12.85 13.9 6.65 11.9 20.183 20.263 20.178 9.3 11.5 7.8 11.7 2.9 19 8.45 8.05 6.8188440482 6.135702243 5.3064102564 5.5847858837 7.2 7.45 6.1666666667 9.05 6.2761904762 19.901 14 19.948 14 10.95 11.9
NaN NaN NaN NaN NaN NaN NaN NaN NaN NaN NaN NaN NaN NaN NaN NaN NaN NaN NaN NaN NaN NaN NaN NaN NaN NaN NaN NaN NaN NaN NaN NaN NaN NaN NaN NaN 9.55 5.65 20.109 16.3 20.17 14.75 20.114 20.107 11.95 10.85 20.165 19.914 5.95 18.15 8.8 20.224 9.5 7.95 6.0647188482 9.7 9 6.6 3.0847858837 3.1192754236 7 7 7.15 6.8 20.0044518793 10.85 15.1 20.02 12.6 10.2 8.75 14.3333333333 12.1833333333 19.0570224301
NaN NaN NaN NaN NaN NaN NaN NaN NaN NaN NaN NaN NaN NaN NaN NaN NaN NaN NaN NaN NaN NaN NaN NaN NaN NaN NaN NaN NaN NaN NaN NaN NaN NaN NaN 8.8 18.85 15.75 19.972 12.2 15.8 20.038 20.046 20.029 19.917 19.75 14.75 19.909 17.85 10.2 20.016 14.3 7.45 6.4 5.9094922192 3.1884487607 3.3726779369 3.0666666667 3.6761904762 3.7216618094 7.0453558739 8.2540925512 10.2166666667 20.2373333333 11.8 14.45 20.169 7.69071197 NaN NaN 9.1 10.6 20.0713333333 14.75
NaN NaN NaN NaN NaN NaN NaN NaN NaN NaN NaN NaN NaN NaN NaN NaN NaN NaN NaN NaN NaN NaN NaN NaN NaN NaN NaN NaN NaN NaN NaN NaN NaN NaN NaN 17.25 13.6 5.4 17.3 17.55 20.098 17.35 20.079 6.4579276146 20.062 20.141 13.8 12.1 20.019 6.1268601941 16.7 4.0401371761 11.85 5.8261904762 10.9055555556 8.2666666667 7.0333333333 6.8611111111 4.1166666667 6.0333333333 16.05 20.0903333333 11.14071197 7.55 8.35 17.5 9.4 9.15 NaN NaN NaN NaN 13.05 6.8166666667
NaN NaN NaN NaN NaN NaN NaN NaN NaN NaN NaN NaN NaN NaN NaN NaN NaN NaN NaN NaN NaN NaN NaN NaN NaN NaN NaN NaN NaN NaN NaN NaN NaN NaN NaN 11.2 16.05 11.3 19.981 13.2 6.2608185325 20.1169385949 19.925 6.6017858479 20.1976790289 6.5681050248 6.7634491708 2.9578685395 20.059 3.61898463 6.7166666667 20.4103333333 15.65 20.0776666667 20.1613333333 3.4 6.4833333333 4.7666666667 4.39071197 4.3745006541 3.4953558739 10.9555555556 16.7214045971 7.15 8.7 19.968 20.122 9.65 NaN NaN NaN NaN 1.6450715499 5.4064102564
NaN NaN NaN NaN NaN NaN NaN NaN NaN NaN NaN NaN NaN NaN NaN NaN NaN NaN NaN NaN NaN NaN NaN NaN NaN NaN NaN NaN NaN NaN NaN NaN NaN NaN NaN NaN 20.195 20.066 20.123 20.2900715499 6.2758686137 20.141 20.0652261031 20.017 13.85 19.25 3.7584518793 6.8245006541 20.331511354 20.205 20.18 14.9 20.139 10.0666666667 4.328511354 6.3745006541 3.0453558739 3.31898463 3.297996552 3.6078685395 2.9042261031 7.1384487607 10.7017858479 11.85 5.49984391 20.036 20.11 20.147 NaN NaN NaN NaN NaN NaN
NaN NaN NaN NaN NaN NaN NaN NaN NaN NaN NaN NaN NaN NaN NaN NaN NaN NaN NaN NaN NaN NaN NaN NaN NaN NaN NaN NaN NaN NaN NaN NaN NaN NaN NaN NaN NaN 20.0215231517 20.1244922192 17.8226779369 20.1226880965 20.2466618094 13.3745006541 18.15 12.45 20.2083333333 19.991 12.7 18.65 19.997 12.75 NaN NaN 9.5 18.6 19.9902261031 3.0615508071 6.1768601941 3.0017858479 10.823998276 2.903428636 3.2789342698 19.1608185325 16.25 17.85 16.4 20.16 19.989 10.35 NaN NaN NaN NaN NaN
NaN NaN NaN NaN NaN NaN NaN NaN NaN NaN NaN NaN NaN NaN NaN NaN NaN NaN NaN NaN NaN NaN NaN NaN NaN NaN NaN NaN NaN NaN NaN NaN NaN NaN NaN NaN NaN NaN 20.009 19.8453558739 20.152 20.107 19.999 20.361 7.8111111111 15.55 20.017 20.4365555556 20.164 20.038 NaN NaN NaN NaN 11.55 19.982428636 6.385702243 6.3202728564 7.2079276146 3.45 20.073 6.85 19.935 19.967 20.046 20.137 11.05 19.8 NaN NaN NaN NaN NaN NaN
NaN NaN NaN NaN NaN NaN NaN NaN NaN NaN NaN NaN NaN NaN NaN NaN NaN NaN NaN NaN NaN NaN NaN NaN NaN NaN NaN NaN NaN NaN NaN NaN NaN NaN NaN NaN NaN NaN NaN 20.338 20.278 11.85 20.089 20.06 11.25 12.3 19.94 20.4844922192 20.144 19.971 NaN NaN NaN NaN NaN 20.069 19.75 18.95 5.55 6.2 20.004 19.94 6.95 5.7 9.8 15.7 15.7 10 NaN NaN NaN NaN NaN NaN
NaN NaN NaN NaN NaN NaN NaN NaN NaN NaN NaN NaN NaN NaN NaN NaN NaN NaN NaN NaN NaN NaN NaN NaN NaN NaN NaN NaN NaN NaN NaN NaN NaN NaN NaN NaN NaN NaN NaN NaN 19.994 20.113 20.23 19.968 15.65 14.3 20.051 20.013 13.45 12.55 NaN NaN NaN NaN NaN 8.85 13.6 16.1 7 20.135 5.75 20.068 13.55 18.95 17 9.05 17.05 NaN NaN NaN NaN NaN NaN NaN
NaN NaN NaN NaN NaN NaN NaN NaN NaN NaN NaN NaN NaN NaN NaN NaN NaN NaN NaN NaN NaN NaN NaN NaN NaN NaN NaN NaN NaN NaN NaN NaN NaN NaN NaN NaN NaN NaN NaN NaN NaN 19.85 20.092 NaN NaN 19.997 15.15 20.136 20.292 NaN NaN NaN NaN NaN NaN 7.75 NaN 10 6.45 9.9 19.975 17.45 NaN 7.3 8.3 12.9 10.15 NaN NaN NaN NaN NaN NaN NaN
NaN NaN NaN NaN NaN NaN NaN NaN NaN NaN NaN NaN NaN NaN NaN NaN NaN NaN NaN NaN NaN NaN NaN NaN NaN NaN NaN NaN NaN NaN NaN NaN NaN NaN NaN NaN NaN NaN NaN NaN NaN NaN NaN NaN NaN 19.2 14.8 20.226 20.045 NaN NaN NaN NaN NaN NaN NaN NaN 7.5 8.4 15.8 9.2 NaN NaN NaN NaN 8.35 8.65 NaN NaN NaN NaN NaN NaN NaN
NaN NaN NaN NaN NaN NaN NaN NaN NaN NaN NaN NaN NaN NaN NaN NaN NaN NaN NaN NaN NaN NaN NaN NaN NaN NaN NaN NaN NaN NaN NaN NaN NaN NaN NaN NaN NaN NaN NaN NaN NaN NaN NaN NaN NaN NaN 17.05 NaN NaN NaN NaN NaN NaN NaN NaN NaN NaN NaN NaN NaN NaN NaN NaN NaN NaN 6.9 NaN NaN NaN NaN NaN NaN NaN NaN
NaN NaN NaN NaN NaN NaN NaN NaN NaN NaN NaN NaN NaN NaN NaN NaN NaN NaN NaN NaN NaN NaN NaN NaN NaN NaN NaN NaN NaN NaN NaN NaN NaN NaN NaN NaN NaN NaN NaN NaN NaN NaN NaN NaN NaN NaN NaN NaN NaN NaN NaN NaN NaN NaN NaN NaN NaN NaN NaN NaN NaN NaN NaN NaN NaN 6.7 NaN NaN NaN NaN NaN NaN NaN NaN
NaN NaN NaN NaN NaN NaN NaN NaN NaN NaN NaN NaN NaN NaN NaN NaN NaN NaN NaN NaN NaN NaN NaN NaN NaN NaN NaN NaN NaN NaN NaN NaN NaN NaN NaN NaN NaN NaN NaN NaN NaN NaN NaN NaN NaN NaN NaN NaN NaN NaN NaN NaN NaN NaN NaN NaN NaN NaN NaN NaN NaN NaN NaN NaN NaN NaN NaN NaN NaN NaN NaN NaN NaN NaN
NaN NaN NaN NaN NaN NaN NaN NaN NaN NaN NaN NaN NaN NaN NaN NaN NaN NaN NaN NaN NaN NaN NaN NaN NaN NaN NaN NaN NaN NaN NaN NaN NaN NaN NaN NaN NaN NaN NaN NaN NaN NaN NaN NaN NaN NaN NaN NaN NaN NaN NaN NaN NaN NaN NaN NaN NaN NaN NaN NaN NaN NaN NaN NaN NaN NaN NaN NaN NaN NaN NaN NaN NaN NaN
NaN NaN NaN NaN NaN NaN NaN NaN NaN NaN NaN NaN NaN NaN NaN NaN NaN NaN NaN NaN NaN NaN NaN NaN NaN NaN NaN NaN NaN NaN NaN NaN NaN NaN NaN NaN NaN NaN NaN NaN NaN NaN NaN NaN NaN NaN NaN NaN NaN NaN NaN NaN NaN NaN NaN NaN NaN NaN NaN NaN NaN NaN NaN NaN NaN NaN NaN NaN NaN NaN NaN NaN NaN NaN
