Outfile_1.asc
NCOLS 201
NROWS 151
XLLCORNER 733748.947016
YLLCORNER 2561541.418206
CELLSIZE 137.483444
NODATA_VALUE NaN
[rows 0 to 38 of 151, columns 0 to 88 of 201]
NaN NaN NaN NaN NaN NaN NaN NaN NaN NaN NaN NaN NaN NaN NaN NaN NaN NaN NaN NaN NaN NaN NaN NaN NaN NaN NaN NaN NaN NaN NaN NaN NaN NaN NaN NaN NaN NaN NaN NaN 3.1 NaN NaN NaN 7.86 15.56 NaN NaN NaN NaN NaN NaN NaN NaN NaN NaN NaN NaN NaN NaN NaN NaN NaN NaN NaN NaN NaN NaN NaN NaN NaN NaN NaN NaN NaN NaN NaN NaN NaN NaN NaN NaN NaN NaN NaN NaN NaN NaN NaN
NaN NaN NaN NaN NaN NaN NaN NaN NaN NaN NaN NaN NaN NaN NaN NaN NaN NaN NaN NaN NaN NaN NaN NaN NaN NaN NaN NaN NaN NaN NaN NaN NaN NaN NaN NaN NaN NaN NaN 18.16 8.06 8.06 13.06 7.96 7.96 7.86 7.86 NaN NaN NaN NaN NaN NaN NaN NaN NaN NaN NaN NaN NaN NaN NaN NaN NaN NaN NaN NaN NaN NaN NaN NaN NaN NaN NaN NaN NaN NaN NaN NaN NaN NaN NaN NaN NaN NaN NaN NaN NaN NaN
NaN NaN NaN NaN NaN NaN NaN NaN NaN NaN NaN NaN NaN NaN NaN NaN NaN NaN NaN NaN NaN NaN NaN NaN NaN NaN NaN NaN NaN NaN NaN NaN NaN NaN NaN NaN NaN NaN NaN 8.26 8.06 8.06 8.16 8.36 11.56 10.46 25.76 8.06 10.56 8.06 8.06 8.56 9.86 30.36 8.36 NaN NaN NaN NaN NaN NaN NaN NaN NaN NaN NaN NaN NaN NaN NaN NaN NaN NaN NaN NaN NaN NaN NaN NaN NaN NaN NaN NaN NaN NaN NaN NaN NaN NaN
NaN NaN NaN NaN NaN NaN NaN NaN NaN NaN NaN NaN NaN NaN NaN NaN NaN NaN NaN NaN NaN NaN NaN NaN NaN NaN NaN NaN NaN NaN NaN NaN NaN NaN NaN NaN NaN NaN NaN 10.56 10.56 8.06 8.06 13.16 7.76 7.96 20.46 10.66 7.86 7.86 10.46 8.06 13.46 8.06 10.46 7.86 NaN NaN NaN NaN NaN NaN NaN NaN NaN NaN NaN NaN NaN NaN NaN NaN NaN 13.06 7.96 10.56 NaN NaN NaN NaN NaN NaN NaN NaN NaN NaN NaN NaN NaN
NaN NaN NaN NaN NaN NaN NaN NaN NaN NaN NaN NaN NaN NaN NaN NaN NaN NaN NaN NaN NaN NaN NaN NaN NaN NaN NaN NaN NaN NaN NaN NaN NaN NaN NaN NaN NaN 8.36 8.06 15.56 8.06 7.96 8.06 10.56 15.76 15.66 13.06 7.76 7.86 7.86 7.86 7.86 15.66 7.96 30.26 13.2 NaN NaN NaN NaN NaN NaN NaN NaN NaN NaN NaN NaN NaN NaN NaN NaN 7.86 7.96 7.76 18.16 NaN NaN NaN NaN NaN NaN NaN NaN NaN NaN NaN NaN NaN
NaN NaN NaN NaN NaN NaN NaN NaN NaN NaN NaN NaN NaN NaN NaN NaN NaN NaN NaN NaN NaN NaN NaN NaN NaN NaN NaN NaN NaN NaN NaN NaN NaN NaN NaN NaN NaN 8.06 8.46 30.36 10.56 7.96 7.96 8.06 9.66 10.46 15.46 7.96 7.76 6.86 6.86 6.86 10.86 7.96 5.9 8.16 NaN NaN NaN NaN NaN NaN NaN NaN NaN NaN NaN NaN NaN 15.46 7.76 7.86 7.76 7.86 7.96 30.06 10.56 NaN NaN NaN NaN NaN NaN NaN NaN NaN NaN NaN NaN
NaN NaN NaN NaN NaN NaN NaN NaN NaN NaN NaN NaN NaN NaN NaN NaN NaN NaN NaN NaN NaN NaN NaN NaN NaN NaN NaN NaN NaN NaN NaN NaN NaN NaN NaN NaN NaN 7.96 7.96 13.26 13.46 18.26 8.06 8.16 7.96 8.06 7.76 7.76 6.96 6.96 6.96 6.96 7.06 30.76 7.96 7.96 NaN NaN NaN NaN NaN NaN NaN NaN NaN NaN NaN 7.76 7.1 7.96 7.86 7.86 7.76 7.76 8.06 8.06 13.46 NaN NaN NaN NaN NaN NaN NaN NaN NaN NaN NaN NaN
NaN NaN NaN NaN NaN NaN NaN NaN NaN NaN NaN NaN NaN NaN NaN NaN NaN NaN NaN NaN NaN NaN NaN NaN NaN NaN NaN NaN NaN NaN NaN NaN NaN NaN NaN NaN NaN 7.96 7.96 20.66 8.26 21.06 8.16 8.06 7.96 10.46 12.16 6.96 6.96 6.96 7.06 18.76 6.18 6.28 23.06 7.96 NaN NaN NaN NaN NaN NaN NaN NaN NaN NaN 7.76 7.86 7.76 7.96 7.76 7.86 7.76 7.86 7.96 15.66 15.66 NaN NaN NaN NaN NaN NaN NaN NaN NaN NaN NaN NaN
NaN NaN NaN NaN NaN NaN NaN NaN NaN NaN NaN NaN NaN NaN NaN NaN NaN NaN NaN NaN NaN NaN NaN NaN NaN NaN NaN NaN NaN NaN NaN NaN NaN NaN NaN NaN NaN 13.16 8.46 13.46 8.26 30.36 15.76 9.56 8.16 7.16 9.76 7.16 7.06 7.16 7.26 7.16 1 6.48 7.28 NaN NaN NaN NaN NaN NaN NaN NaN NaN NaN 7.76 7.76 7.86 7.86 7.86 7.76 7.96 7.86 7.86 7.86 10.46 18.06 14.9 NaN NaN NaN NaN NaN NaN NaN NaN NaN NaN NaN
NaN NaN NaN NaN NaN NaN NaN NaN NaN NaN NaN NaN NaN NaN NaN NaN NaN NaN NaN NaN NaN NaN NaN NaN NaN NaN NaN NaN NaN NaN NaN NaN NaN NaN NaN NaN 7.86 7.76 15.56 8.16 7.86 10.46 10.86 7.16 7.06 7.06 19.76 7.16 7.06 7.06 7.16 7.16 6.28 6.38 6.48 7.18 NaN NaN NaN NaN NaN NaN NaN NaN NaN 7.76 7.96 7.66 7.86 12.96 7.86 7.76 7.86 7.86 7.96 7.96 8.16 10.56 NaN NaN NaN NaN NaN NaN NaN NaN NaN NaN NaN
NaN NaN NaN NaN NaN NaN NaN NaN NaN NaN NaN NaN NaN NaN NaN NaN NaN NaN NaN NaN NaN NaN NaN NaN NaN NaN NaN NaN NaN NaN NaN NaN NaN NaN NaN 7.66 7.66 10.36 7.86 14.86 8.16 12.96 7.06 7.26 7.06 6.96 7.06 9.66 9.76 7.36 7.16 9.66 6.96 6.48 6.38 6.18 NaN NaN NaN NaN NaN NaN NaN NaN 7.66 7.1 7 30.3 7.76 7.56 7.46 7.46 7.86 9.7 7.96 7.86 7.86 7.96 7.86 NaN NaN NaN NaN NaN NaN NaN NaN NaN NaN
NaN NaN NaN NaN NaN NaN NaN NaN NaN NaN NaN NaN NaN NaN NaN NaN NaN NaN NaN NaN NaN NaN NaN NaN NaN NaN NaN NaN NaN NaN NaN NaN NaN NaN NaN 7.66 7.76 7.76 7.76 10.56 7.56 6.66 7.26 13.66 9.76 6.2 6.96 7.26 7.06 29.8 6.96 6.96 9.66 6.18 6.48 6.28 NaN NaN NaN 6.98 6.98 7.86 7.76 7.66 7.96 1 7.86 7.86 7.46 7.56 7.46 7.46 10.76 15.56 9.6 7.66 7.76 8.06 10.46 NaN NaN NaN NaN NaN NaN NaN 9.6 7.76 NaN
NaN NaN NaN NaN NaN NaN NaN NaN NaN NaN NaN NaN NaN NaN NaN NaN NaN NaN NaN NaN NaN NaN NaN NaN NaN NaN NaN NaN NaN NaN NaN NaN NaN NaN NaN 7.66 7.76 7.46 7.86 7.76 6.76 6.76 6.76 6.96 7.16 6.58 6.38 6.18 7.06 7.06 1.1 7.16 6.96 6.96 30.3 6.18 6.28 NaN NaN 6.68 12.08 7.76 7.76 7.66 7.8 7.96 8.06 7.46 7.56 7.46 7.46 7.46 7.76 7.66 7.46 7.56 7.56 7.96 13.06 7.96 NaN NaN NaN NaN NaN NaN 15.46 7.86 NaN
NaN NaN NaN NaN NaN NaN NaN NaN NaN NaN NaN NaN NaN NaN NaN NaN NaN NaN NaN NaN NaN NaN NaN NaN NaN NaN NaN NaN NaN NaN NaN NaN NaN NaN 7.56 7.76 8.26 6.46 6.66 6.76 6.46 6.86 6.56 6.56 6.76 5.98 6.18 6.28 5.2 6.96 7.16 6.96 1 6.96 6.28 6.38 6.18 6.88 NaN 6.78 6.78 7.66 7.76 7.86 7.66 7.76 7.66 1.1 7.66 3 7.46 7.56 7.56 7.66 7.46 7.56 7.46 7.46 30.16 7.86 7.96 NaN NaN NaN NaN 10.56 9.2 7.1 30.2
NaN NaN NaN NaN NaN NaN NaN NaN NaN NaN NaN NaN NaN NaN NaN NaN NaN NaN NaN NaN NaN NaN NaN NaN NaN NaN NaN NaN NaN NaN NaN NaN NaN 7.56 6.76 6.76 6.66 6.56 6.56 6.66 6.96 6.46 6.66 17.2 6.66 6.66 6.56 6.3 1.2 30.4 6.76 9.56 6.96 7 6.28 6.28 12.3 1.2 3.7 6.58 6.78 6.78 10.26 7.76 7.66 10.26 12.66 10.06 7.56 7.56 10.06 7.56 7.66 7.46 7.56 7.56 7.46 7.46 7.46 18.16 10.56 7.76 7.76 10.36 7.1 7.96 7.96 10.56 7.96
NaN NaN NaN NaN NaN NaN NaN NaN NaN NaN NaN NaN NaN NaN NaN NaN NaN NaN NaN NaN NaN NaN NaN NaN NaN NaN NaN NaN NaN NaN NaN NaN NaN 6.86 6.76 6.76 6.56 6.56 30.2 6.76 6.66 6.66 13.7 5.1 6.56 6.46 6.56 3.7 10.2 7.1 12.1 7.06 9.66 7.06 7.3 6.28 1.1 6.28 7.08 6.78 6.78 10.26 7.66 7.76 9.66 7.56 7.46 7.46 7.66 5 7.56 7.76 7.56 7.46 7.66 7.46 7.46 7.46 7.56 10.26 8.06 7.86 10.46 7.96 7.86 8.06 7.86 8.06 18.06
NaN NaN NaN NaN NaN NaN NaN NaN NaN NaN NaN NaN NaN NaN NaN NaN NaN NaN NaN NaN NaN NaN NaN NaN NaN NaN NaN NaN NaN NaN NaN NaN NaN 7.06 6.66 6.66 6.46 6.66 6.76 12.3 3 19.7 30.2 9.6 6.56 6.1 6.46 5.98 7.7 15.2 1.1 1 7.06 7.26 23.8 7 14.9 3.1 5.68 6.48 5 7.76 7.66 10.36 7.66 7.66 7.56 7.46 7.66 7.46 10.06 7.66 7.56 10.1 17.66 7.46 7.66 7.66 7.56 7.66 7.96 17.96 7.76 7.76 7.86 7.28 30.6 7 6.78
NaN NaN NaN NaN NaN NaN NaN NaN NaN NaN NaN NaN NaN NaN NaN NaN NaN NaN NaN NaN NaN NaN NaN NaN NaN NaN NaN NaN NaN NaN NaN NaN 6.76 6.66 6.86 6.96 6.66 6.66 6.66 6.66 6.56 6.46 6.56 6.56 9 6.76 6.56 6.56 6.2 5 5.2 1 7.06 30.2 6.38 30.4 6.08 5.68 5.58 6.58 6.88 7.66 6.88 7.66 10.16 7.6 7.46 7.56 7.66 7.66 7.66 7.76 7.56 7.56 7.76 7.76 7.12 7.46 7.46 7.2 6.98 7.66 7.56 6.68 3.6 15.3 7.7 9 6.78
NaN NaN NaN NaN NaN NaN NaN NaN NaN NaN NaN NaN NaN NaN NaN NaN NaN NaN NaN NaN NaN NaN NaN NaN NaN NaN NaN NaN NaN NaN NaN 6.76 6.66 6.56 7.06 6.76 6.66 6.56 30.4 6.76 6.46 6.46 6.46 6.76 9 1.2 30.3 6.46 7 5.78 5.78 27.3 6.56 7.06 6.38 6.08 6.08 5.68 5.68 4.88 5.68 6.78 6.68 6.68 10.2 7.76 7.56 10.06 10.26 7.76 7.66 7.66 7 1 7.3 3.7 3.6 7.12 7.76 7.76 6.78 6.78 6.38 6.28 7.2 9.6 5.6 6.68 30.2
NaN NaN NaN NaN NaN NaN NaN NaN NaN NaN NaN NaN NaN NaN NaN NaN NaN NaN NaN NaN NaN NaN NaN NaN NaN NaN NaN NaN NaN NaN NaN 6.86 6.86 6.76 6.56 6.76 6.56 6.96 6.66 6.22 6.02 1 6.02 30.1 6.42 1 30.3 6.66 3.6 5.58 30.4 5.88 5.68 6.42 7.2 6.18 3.1 5.58 5.78 5.98 5.68 6.18 6.68 6.68 7.66 1.1 7.46 7.56 10.06 7.46 7.66 7.66 30.3 7.76 1 9.6 9.12 7.22 7.02 7.32 7.12 6.78 6.82 6.92 3.6 6.58 6.58 6.88 6.78
NaN NaN NaN NaN NaN NaN NaN NaN NaN NaN NaN NaN NaN NaN NaN NaN NaN NaN NaN NaN NaN NaN NaN NaN NaN NaN NaN NaN NaN NaN 6.86 6.96 6.86 6.46 6.56 6.56 6.76 6.56 6.76 6.76 1 6.46 5 14.7 8.6 10.8 10.2 30.1 6.66 8.8 14.7 6.52 6.12 6.22 7.8 5.58 5.48 9.7 5.88 5.58 5.48 5.88 6.58 3 7.66 1.1 1 7.56 7.56 10.06 22.2 7.56 7.66 7.86 7.12 7.12 7.22 7.02 7.02 7.12 9.7 17.22 1.2 9.7 1.1 6.58 6.68 6.78 6.58
NaN NaN NaN NaN NaN NaN NaN NaN NaN NaN NaN NaN NaN NaN NaN NaN NaN NaN NaN NaN NaN NaN NaN NaN NaN NaN NaN NaN NaN NaN 6.76 6.76 7.3 6.56 6.66 6.76 6.86 6.66 6.86 30.3 6.66 6.66 11.3 5.1 9 7.1 7 7.1 5.68 6.32 5.78 30.3 6.52 NaN 5.4 5.68 5.38 9.1 5.68 5.78 4.78 NaN 6.68 6.78 6.68 7.46 3.7 1 7.56 7.56 7.76 1.1 7.46 7.22 9.72 7.12 7.22 7.02 7.02 7.12 6.68 6.68 1.4 29.6 7.8 10.8 5 16.6 6.58
NaN NaN NaN NaN NaN NaN NaN NaN NaN NaN NaN NaN NaN NaN NaN NaN NaN NaN NaN NaN NaN NaN NaN NaN NaN NaN NaN NaN NaN 6.66 6.96 1 6.46 6.56 24 6.66 7.6 6.2 16.7 5.7 6.02 6.66 6.02 6.22 7.7 3.6 3.1 6.32 3.8 6.42 5.88 5.68 6.32 7.5 6.52 6.32 5.58 5.58 5.68 5.48 5.88 NaN 5.68 5.78 30.3 7.1 1.2 7.46 7.56 16.4 7.56 7.46 7.12 7.22 3.1 7.12 7.12 7.12 7.12 7.12 12.2 3.6 30.2 16.7 7.8 3.3 7 9.6 3
NaN NaN NaN NaN NaN NaN NaN NaN NaN NaN NaN NaN NaN NaN NaN NaN NaN NaN NaN NaN NaN NaN NaN NaN NaN NaN NaN NaN 6.76 6.66 7.06 6.66 6.46 6.66 6.56 6.86 6.56 6.56 6.12 6.32 3.6 5.58 5.68 6.12 5.78 7 7 5.78 6.32 6.12 6.22 6.22 6.22 6.22 7.1 6.22 6.72 5.68 5.58 5.98 5.88 1.1 5.78 5.78 NaN 6.88 1.1 7.66 14.8 1.2 7.46 7.56 7.46 7.12 7.02 7.02 7.32 11.6 14 9.82 12.2 7.1 1 24.3 6.1 3.7 1.3 13.7 30.2
NaN NaN NaN NaN NaN NaN NaN NaN NaN NaN NaN NaN NaN NaN NaN NaN NaN NaN NaN NaN NaN NaN NaN NaN NaN NaN NaN 6.76 6.76 6.76 6.86 6.96 5.68 3.1 6.46 7.8 5 6.46 5.78 5.98 5.78 7 5.58 7.2 5.88 15.2 7.7 6.32 6.22 1 6.02 6.22 6.22 6.12 30.2 30.1 6.32 6.08 5.2 5.88 6.2 3.1 5.68 5.68 3.1 5.78 7.6 7.76 7.86 11.7 30.2 7.46 30.2 7.56 17.56 7.56 7.56 7.22 7.1 7.2 9.6 7 3.2 17.2 8.2 12.9 5 7.3 15.3
NaN NaN NaN NaN NaN NaN NaN NaN NaN NaN NaN NaN NaN NaN NaN NaN NaN NaN NaN NaN NaN NaN NaN NaN NaN NaN 9.8 6.96 6.18 5.88 6.76 6.86 5.58 5.58 6.66 6.76 6.46 6.56 5.98 5.98 8.1 5.78 7.6 22.6 5.1 10.2 6.08 6.02 6.12 6.02 7.1 6.02 6.32 6.02 30.2 6.12 11.6 5.98 5.98 5.48 5.78 3.6 5.78 3.6 5.7 10.8 6.58 6.98 3.3 9.7 7.22 7.66 7.56 7.46 7.46 7.46 7.46 5.7 5.6 6.68 6.1 22.2 5.1 30.2 3.2 7.8 5 27 3.1
NaN NaN NaN NaN NaN NaN NaN NaN NaN NaN NaN NaN NaN NaN NaN NaN NaN NaN NaN NaN NaN NaN NaN NaN NaN 6.18 6.18 6.38 6.08 5.88 6.86 6.76 5.98 5.88 5.98 6.76 6.76 5.88 5.78 5.98 5.68 5.78 8.1 5.2 9.8 3.4 3.6 6.22 6.12 6.22 6.22 6.12 6.42 6.32 11.5 1 5.08 5.08 4.98 4.98 4.88 5.48 3 3.1 5.88 5.98 5.88 16.7 7.3 7.1 1 7.02 3.8 7.46 7.46 7.46 1 7.22 7.22 6.88 6.78 7 5 12.1 7 17.5 7.28 6.78 5
NaN NaN NaN NaN NaN NaN NaN NaN NaN NaN NaN NaN NaN NaN NaN NaN NaN NaN NaN NaN NaN NaN NaN NaN NaN 6.18 5.78 6.18 6.38 5.98 6.18 5.88 5.68 5.98 5.68 12.9 6.76 6.56 5.78 16.8 5.78 12.6 5.88 10.1 8 7.6 7.6 6.12 7.7 30.4 6.02 12.6 6.32 1 22.2 5.42 5.28 4.98 4.98 4.78 4.98 4.88 28.4 5.98 5.68 5.88 5.98 5.88 5.88 1 6.68 7.12 7.22 7.12 7.1 27.3 1.2 7.12 30.1 6.68 30.3 7 7 5.2 9.6 30.4 6.98 6.88 1.1
NaN NaN NaN NaN NaN NaN NaN NaN NaN NaN NaN NaN NaN NaN NaN NaN NaN NaN NaN NaN NaN NaN NaN NaN 6.08 6.48 6.08 5.88 5.98 6.28 5.98 5.98 5.78 5.78 5.68 6.66 6.66 6.46 6.56 5.78 5.68 5.58 30.2 30.1 12.1 5 1 5.58 7 6.32 3.2 19.3 1 5.58 1 5.62 4.98 5.78 5.08 5.08 4.88 5.18 5.08 5.68 11.7 5.58 5.88 5.78 5.88 6.58 6.58 6.68 11.1 24.7 7.22 7.22 19.7 7.12 10.2 6.68 17.3 7 7.8 5 7.1 7.7 5.3 6.88 15.1
NaN NaN NaN NaN NaN NaN NaN NaN NaN NaN NaN NaN NaN NaN NaN NaN NaN NaN NaN NaN NaN NaN NaN 6.18 6.18 6.28 5.98 5.78 5.78 5.98 6.18 5.88 5.68 5.68 7.06 6.46 6.66 6.46 1.1 5.78 5.58 10.1 5.5 3 11.1 5.68 5 1.1 9.1 6.12 6.12 30.3 9.6 5.68 5.1 5.62 9.7 5.38 5.28 4.98 4.88 4.98 5.18 9.1 5.08 4.78 5.58 5.88 5.78 5.88 5.88 6.3 7.12 7.12 7.22 7.12 30.1 12.22 30.5 14.5 30.5 14.8 12.7 5.1 5.1 10.1 7.8 3.5 30.1
NaN NaN NaN NaN NaN NaN NaN NaN NaN NaN NaN NaN NaN NaN NaN NaN NaN NaN NaN NaN NaN NaN NaN 6.32 30.6 6.42 6.52 5.88 5.48 5.68 5.58 5.58 5.48 5.78 6.76 6.66 6.66 6.66 6.46 5.78 5.1 15.5 17.6 3.6 19.1 6.3 5.88 7.6 6.42 6.22 6.32 6.08 5.78 5.78 5.2 5.52 5.18 5.58 5.78 5.18 3.6 9.7 5.08 5.38 5.68 5.78 5.08 6.08 5.78 5.88 5.78 3.6 7.02 7.22 7.02 7.02 7.02 6.1 7.1 30.5 30.4 5 7.2 10.4 13.3 5.1 7.1 6.68 3.2
NaN NaN NaN NaN NaN NaN NaN NaN NaN NaN NaN NaN NaN NaN NaN NaN NaN NaN NaN NaN NaN NaN 5.78 12.1 30.3 8.7 7.2 15.3 6.02 9.7 5.78 5.68 5.68 5.68 6.66 6.86 6.76 1.5 8.7 5.98 5.98 5.88 5.78 5.58 12.3 6.42 6.22 30.2 6.02 6.02 9.1 5.78 5 5.58 7.2 6.12 5.18 5.88 5.78 4.98 5.18 5.48 30.3 5.88 5.68 5.48 4.88 5.88 5.68 5.68 5.78 1.1 6.22 7.02 8.34 8.34 7.02 7.02 6.58 30.4 17.2 7.4 30.4 9.6 15.2 17.1 1 1 5.8
NaN NaN NaN NaN NaN NaN NaN NaN NaN NaN NaN NaN NaN NaN NaN NaN NaN NaN NaN NaN NaN NaN 5.98 15.2 6.42 7 7.1 30.2 9.2 6.02 6.22 5.98 5.88 5.68 9.6 6.56 6.56 6.3 21.2 30.2 19.9 5.68 5.78 5.88 7.6 6.12 9 7.2 7 6.02 6.42 6.32 5.78 5.98 7 6.32 5.38 5.38 5.78 5.18 5.18 7.2 12.2 5.48 5.78 4.58 4.48 5.78 5.38 5.38 5.48 9.84 7.14 7.14 8.34 7 8.34 3.1 6.48 12.9 6.68 5 7 12.1 30.1 5.2 1 6.58 3.8
NaN NaN NaN NaN NaN NaN NaN NaN NaN NaN NaN NaN NaN NaN NaN NaN NaN NaN NaN NaN NaN NaN NaN 5.98 30.3 14 7 14.1 11.6 9.6 6.82 6.42 5.78 5.78 5.2 1 6.66 6.4 5.88 8.4 5.88 5.78 12.1 15.2 5.68 3.1 5.68 6.12 6.02 6.02 6.42 6.22 6.42 6.22 6.52 7.1 6.22 5.58 5.28 5.18 5.48 5.68 1 5.18 5.28 4.58 4.78 5.58 5.38 5.38 1.2 9.84 7.14 7.14 7.14 8.24 8.34 1.1 7 19.7 9.8 6.28 7 7 30.3 5.3 5.1 3.1 3.7
NaN NaN NaN NaN NaN NaN NaN NaN NaN NaN NaN NaN NaN NaN NaN NaN NaN NaN NaN NaN NaN NaN NaN 5.1 6.08 30.3 11.6 5.88 5.98 7.7 5.98 6.32 6.42 6.42 5.98 7.3 6.1 22.9 9.6 8 7 12.1 6.12 27.1 26.8 5.68 5.68 6.02 9.6 6.32 9 3 6.42 5.78 6.38 6.62 6.42 6.32 5.58 5.98 5.58 5.58 5.28 5.48 5.38 4.68 4.98 5.78 5.58 5.68 5.68 7.44 7.54 10.04 7.54 7.34 8.24 7 7 30.2 20.2 10.2 7.6 9.6 17.1 6.68 6.38 6.48 1.1
NaN NaN NaN NaN NaN NaN NaN NaN NaN NaN NaN NaN NaN NaN NaN NaN NaN NaN NaN NaN NaN 5.18 5.18 5.18 5.38 5.98 5.88 5.98 5.98 6.18 6.18 5.88 5.98 6.32 6.42 9 22.1 28.5 3.3 5.88 6.02 6.02 7 9.1 16.4 6.32 6.22 6.02 5.92 6.02 5.88 5.98 6.08 8.7 5.88 6.32 1 6.32 5.38 5.88 5.88 5.68 5.38 5.48 5.28 4.78 4.98 5.58 5.88 7.64 30.3 7.64 7.34 7.34 7.34 7.34 7.44 8.34 7.1 8 8.3 17.8 22.1 9.6 6.68 7.8 7.7 6.48 6.58
NaN NaN NaN NaN NaN NaN NaN NaN NaN NaN NaN NaN NaN NaN NaN NaN NaN NaN NaN 5.9 9 5.28 5.18 3 14.8 9.1 18.5 6.08 6.08 14.8 5.98 5.88 5.78 5.88 5.88 7.1 30.7 9.9 6.22 6.42 9 11.5 5.58 7 3.8 5.72 5.92 5.28 5.28 5.38 5.78 5.58 5.48 5.68 1 5.78 6.22 5.72 5.38 5.88 5.78 5.38 5.48 5.48 4.68 4.98 5.08 30.1 3.5 10.04 10.04 7.44 7.54 7.44 7.44 12.54 7.44 7.44 3.6 8.7 7 30.3 5 5.1 6.48 6.48 6.28 3.1 7.6
NaN NaN NaN NaN NaN NaN NaN NaN NaN NaN NaN NaN NaN NaN NaN NaN NaN NaN NaN 7.3 7.3 30.1 5.28 5.28 9.7 5.18 11.5 5.48 9.1 5.78 5.98 6.96 6.76 6.76 14.6 5.88 3.6 5.98 30.4 9.9 3.9 1 4.98 5 7.2 9.8 5.48 5.48 5.38 5.28 5.58 1 6.02 6.12 5.92 5.62 5.82 5.12 5.38 5.78 5.78 5.28 5.48 5.58 4.88 5.08 5.48 5.68 5.78 7.34 7.54 7.34 7.54 9.94 7.44 7.34 7.34 3 7.34 8.14 5 16.8 5 12.7 6.48 6.28 6.08 15.2 5
NaN NaN NaN NaN NaN NaN NaN NaN NaN NaN NaN NaN NaN NaN NaN NaN NaN NaN 6.22 5.52 5.42 5.12 5.12 5.22 7.1 5.12 5 5.72 5.22 5.12 5.92 5.92 7 6.8 6.9 6.76 6.76 5.88 9 30.5 5.18 7.2 3.1 5.18 5.18 5.28 5.18 5.08 5.38 5.48 5.28 5.78 5.68 7 14.6 5.62 5.82 4.68 5.1 5.18 5.28 5.68 5.68 5.38 4.98 4.88 5.58 5.58 5.78 7.64 6.12 7.64 7.34 5.68 5.58 5.58 7.34 5.58 7.34 7.14 7.24 30.3 7 5.2 7.6 6.28 6.28 6.18 3
