Outfile_1.asc
NCOLS 201
NROWS 151
XLLCORNER 730592.938286
YLLCORNER 2561222.529137
CELLSIZE 145.176046
NODATA_VALUE NaN
[rows 68 to 101 of 151, columns 75 to 149 of 201]
NaN NaN NaN NaN NaN NaN NaN NaN NaN NaN NaN NaN NaN NaN NaN NaN NaN NaN NaN NaN NaN NaN NaN NaN 13.5269562388 10.8440446391 NaN NaN NaN 5.9 5.9 NaN NaN NaN NaN 5.9 7.1 7.3 13.0859420902 9.6737387429 9.7302830782 20.3666666667 20.0333333333 30.2540925512 10.7666666667 28.6333333333 30.5 4.6954770164 5.9223216919 5.75460281 5.8148090607 5.8283329622 10.5905960329 8.0380952381 10.5380952381 14.4380952381 6.75 7.05 18.0380952381 6.95 6.95 6.85 6.95 7.05 7.15 6.95 7.25 6.85 6.95 6.85 30.2761904762 6.75 25.5921691488 7.05 17.5084518793
NaN NaN NaN NaN NaN NaN NaN NaN NaN NaN NaN NaN NaN NaN NaN NaN NaN NaN NaN NaN NaN NaN NaN 17.6578685395 6.8 7.1726526899 20.1230769231 6 NaN NaN NaN NaN NaN NaN 5.9 1.875 6.535446344 11.0313839675 12.25559494 7.2858309864 9.298142394 30.6333333333 15.0703703704 14.5134491708 12.6761904762 8.1716618094 6.6 6.2054744498 6.5 7.5 9.2381572756 6.0282174738 10.9752416018 3.4135735976 6.95 6.85 13.65 6.95 6.85 7.05 7.25 15.75 7.05 6.95 6.95 7.35 7.05 7.25 6.95 7.2694840324 6.85 12.1033108961 9.5952247076 10.8051154274 14.7681050248
NaN NaN NaN NaN NaN NaN NaN NaN NaN NaN NaN NaN NaN NaN NaN NaN NaN NaN NaN NaN NaN NaN 7.2399385949 1.7758255781 6.5 30.4351191813 4.838878435 6.4 30.273998276 6.2 NaN NaN NaN NaN 5.9 5.9 25.3181192171 4.9 30.1615508071 9.3393193566 17.4108185325 5.2242242458 5.2393193566 5.3564102564 7.2 7.2 5.4 5.2 5.3 4.9 11.8240453033 30.2047379305 8.9013189489 5.6205792798 25.6615508071 5.5768182948 7.9345325216 6.95 17.7 6.95 12.4 7.6 7.3 7.3 6.85 7.05 7.25 15.3 3.4 3 7.1 11.8222222222 9.7336139264 30.1956009364 11.9374901471
NaN NaN NaN NaN NaN NaN NaN NaN NaN NaN NaN NaN NaN NaN NaN NaN NaN NaN NaN NaN NaN 7.2 6.4 30.3853044011 15.7897412037 30.7146632187 6.2 11.1795713869 5.9 3.1 6 NaN NaN 5.9 7.9538357466 5.9 5 4.8 4.9 4.8 4.9 4.8 5.6 3.24984391 5.7 5.9 5.6 30.496856485 4.4 4.4 30.402378304 13.0041611408 9.3635231517 6.1 6.1 6.85 6.85 6.85 7.3047650464 7.3 7.5 7.4 7.6 7.5 6.65 6.75 6.95 17.25 30.6 30.4 7.2 30.4147188482 30.3094922192 6.85 16.5570224301
NaN NaN NaN NaN NaN NaN NaN NaN NaN NaN NaN NaN NaN NaN NaN NaN NaN NaN NaN 30.5 7.2 6.7 6.0668015807 6.5 6.3 6.3 5.6 6.1 6 1.2 NaN NaN 6 1.9587251934 5.7 4.4333333333 4.9 4.8 4.9 5.7270461645 11.0166666667 4.9 5.8 5.8 5.9 5.8 1.2 5.8 26.9018449158 4.006919727 5.1282174738 10.7830646666 10.0306741015 7.3570224301 6.1 6.1 7.2 7.2 7.2 7.2 7.3 7.2 9.9 7 9.8 6.75 6.95 9.65 30.6 30.5 31.2 30.3 30.3777777778 17.7761904762 21.2666666667
NaN NaN NaN NaN NaN NaN NaN NaN NaN NaN NaN NaN NaN NaN NaN NaN 6.5 30.3 30.7 30.2 6.4 6.8 6.9 8.4224739802 4.2955834467 5.9084518793 5.3559224131 6.1 5.6212869664 NaN 6.1 5.9 3.7863806577 5.7 9.5205792798 5.8 5.8 5.8 5.9 5.9 5.8 5.8 5.8 5.9 13.5928371643 5.8 5.9 6 11.1514076045 6.1994767825 11.1690355763 10.867051395 12.0622501134 5.8453558739 19.4666666667 8.3333333333 6.9 6.9 6.9 7.1 6.9 5.3703703704 6.9 9.6 7 7 7.8222222222 6.75 20.2 30.5 30.7 30.6 30.4777777778 30.4761904762 18.2666666667
NaN NaN NaN NaN NaN NaN NaN 6.65 4.3 NaN NaN NaN NaN NaN 30.6 30.4 6 30.7 7.1 6 6.1242242458 6.8 17.6928371643 16.3117382165 6.5 30.3801158374 7.4060112703 5.8 5.2 6 5.8 5.9 5.9 5.8 6 5.8 10.020674489 5.7 5.9 5.9 5.8 5.8 5.9 5.8 5.7666666667 5.8 6 7.853428636 8.1042261031 8.7245006541 15.3 8.4453558739 7 5.4874920661 28.3716618094 26.3111111111 7.1 5.81898463 9.7 7.1 7.1 7.1 6.0333333333 7.1 7.3 7.1 7.1 7.4 12.5 30.3 30.8 30.6 30.3777777778 27.7761904762 26.3666666667
NaN NaN NaN 6.75 4.4 4.4 4.5 7.1 4.5 7 4.4 4.4 7.05 6.9 6.25 6.05 13.7 6.1 26 5.6242242458 5.2946277864 30.1267895821 6.4 9.4570224301 8.7661434492 23.8413293538 5.4 28.2391639897 30.1660740412 6 10.1167993852 5.6 5.6 2.0485927876 5.7 10.769983854 7.6545637691 8.1621827039 6 6.1 6.1 6.1 5.6666666667 6 5.8 10.8453558739 3.5267895821 3.3946277864 1.4714045971 10.59071197 8.3333333333 27.7716618094 7.4192754236 12.9602895721 5.3726779369 5.8333333333 5 5.8084518793 7.9681050248 6.9 6.9 6.9 6.9 6.9 7 9.4333333333 3.4222222222 7 7.5 30.6 30.8 30.8 30.8777777778 30.6761904762 16.6666666667
NaN 12.05 4.5 4.7 3.8 3.9 3.6 4.2 30.3 4.3 15.2 6.55 5.95 30.4 6.25 8 5.9 6 30.3242242458 5.7 10.6267895821 6.5 9.1333333333 30.29071197 11.8666666667 3.4267895821 10.1223216919 5.8 18.7499159511 30.2161994504 19.4135735976 30.4164737863 7.7892557464 9.4928371643 5.5 6.3 5.3147188482 20.4328101159 9.2694840324 6.2 6.1 1.303030303 6 6.1 4.59071197 5.7 21.4856743286 5.5267895821 7.5555555556 10.3333333333 6.59071197 5.4714045971 5.8768182948 30.0242242458 5.3333333333 5.6666666667 10.3333333333 6.0540925512 8.0134491708 6.9 6.9 6.9 6.9 6.9 12.9453558739 12.6615508071 15.7 15.8 12.9 7.4 30.7 30.8 9.8777777778 9.65 30.1666666667
4.6 30.5 25 30.6 4 9.9 4.2 4.1 4.2 4.3 6.65 6.65 5.95 6.25 7.9 3.4 6.2 4.013394791 6.2 5.8 7.9856743286 6.3 6.59071197 5.5892557464 19.5928371643 1.6925555291 9.8249319761 6.4127204931 14.4240453033 30.6578339874 10.3287267571 9.7740079158 1.3615508071 6.1 6.2 6.1 6.2 30.3 30.7 6.3 6 7.214274771 11.8768182948 6 7.5892557464 15.59071197 8.4333333333 5.9859549217 1.8956009364 5.7 8.2487248999 5.4042261031 7.253428636 30.4108185325 7.903030303 5.6555555556 8.6666666667 6.7666666667 5.4761904762 7 3.3289342698 7.1 5.8666666667 7.7 8.7333333333 7.9 7.7 7.6 7.7 5.2 30.4 30.9 30.4768182948 7.25 4.59071197
4.9 4.2 3.8 4 4.4 4.3 4.1 4.1 4.3 4.5 6.75 6.65 6.35 14.9 6.85 5.95 5.8 6.4 6 5.7453558739 6.5 8.878511354 5.5205792798 30.4615508071 5.5946277864 1.6315546285 2.0590193633 12.0539264695 30.2111149814 30.4967854397 6 5.7 5.7 5.7 5.3 5.2 5.4 3.8289342698 5.3067245426 7.7 6.3 6.3 6 6 5.3615508071 5.8 6.4787919471 5.7 2.2629494148 6.9 3.9904286252 8.1991289 10.3328101159 3.1 9.2768182948 20.6714045971 8.3869026671 8.7889883586 11.0006271054 1.6138488355 7 6.9 7.6 6.6550633642 7.8 7.5 7.6380952381 7.9 7.5 7.8 7.05 7.45 30.5564102564 7.05 30.4492063492
3.8 4 4.2 4.6 4.5 4.5 4.2 4.3 4.4 4.5 6.65 7.05 5.85 30.3 5 5.95 6.5 1.398142394 6.7 13.3666666667 30.19071197 15.7892557464 9.3384487607 30.1135735976 22.1267895821 12.3856743286 11.1784048832 8.8240453033 11.1801158374 10.5153372142 7.8897640738 26.5073155329 5.3 5.8 5.9 8.6714045971 5.7 5.7 5.7 9.1961517174 1.7193279424 8.1098388924 7.7892203723 30.5564102564 9.9618913743 5.7 5.8 8.5169601147 5.5892557464 8.1903557635 2.2742996679 13.3628248883 15.7666087768 8.2 12.3556550252 12.7585207206 8.8417852127 8.2134491708 6.2 3.6383691019 6.2 7 17.5524976531 7.7 7.7 22.4181350989 12.0703703704 7.6 7.5 10.4 7.05 30.3901371761 15.0644313952 7.15 6.75
4.1 4.6 4.4 4.5 4.6 4.4 19.9 4.2 4.5 4.4 6.65 6.65 5.95 6.45 5.85 6.45 5.85 6.4 6.7 6.3 4.6333333333 30.2928371643 30.1135735976 6.7 6.5 7.3570224301 9.6205455818 6.6 9.5120225406 6.956466985 30.1245602819 6.6 6.1 6.4 6.3 6.2 6.1 6 5.8 5.6934849615 1.8415013475 5.1 5.7 6 5.7 6 5.9 5.8 5.8 9.7 8.7207592179 2.0047379305 12.799404584 20.1587567673 7.5540382048 5.6528909085 6.2159705015 5.1417852127 6.2 6.3 6.1 30.1690047263 6.3595038309 16.4813298853 30.4955834467 12.5748334564 7.6 9.6666666667 30.3666666667 8 9.7666666667 30.3774851991 10.3314757273 30.1047379305 6.85
4.7 4.4 4.5 4.3 4.6 4.3 4.3 4.5 4.7 4.6 6.45 6.45 6.45 5.85 5.85 10.1 6.55 6.6 6.6 30.4 5.5 5.6 6.6 6.6 9.9570224301 6.69071197 6.6 5.9475950733 15.8573786367 17.7573786367 3.2380712638 13.0434849615 4.6666666667 4.7666666667 7.2666666667 6.6 6.2 30.1570224301 5.0235829038 5.7 5.8 5.8 5.9 6.2181192171 7.9729948341 5.5 30.4934562487 6 30.5872459465 6.9451780206 9.7205792798 25.6782210422 7.9890396954 7.6682213103 7.443952253 5.6351191813 8.7035521076 13.2903557635 12.9084518793 6.4 27.3573786367 16.2786892072 9.4813298853 15.3903557635 13.1417852127 16.9681050248 9.2374901471 7 7.1 7.1 3.2 7.6222222222 30.3666666667 30.6 9.75
4.7 4.6 4.5 4.6 4.6 4.4 4.8 4.5 4.6 4.3 6.75 6.55 5.6 30.5 6.65 6.15 6.05 6 6.6 11.335446344 6.5616480027 6.9 6.8 12.3 8.59071197 5.7892557464 6.9 18.5782174738 19.4381572756 3.3937128312 6.7 6.7 6.8 6.7 6.8 6.8 6.0084518793 6.7 30.3223216919 6.8 6.6 30.0240453033 5.1 5 5 5.8 5.9 14.2666666667 5.9 6.1 6.5 17.3666666667 6.4009114294 9.7958674673 6.9 9.6993623108 6.3 4.9813298853 4.9955834467 6.4302373727 17.7540925512 10.7911673208 6.2955834467 13.2417852127 10.4225890798 6.05 7.8956009364 12.7666666667 19.7666666667 22.4666666667 30.4666666667 7.95 7.75 12.75 8.15
4.6 4.5 4.6 4.8 4.4 4.5 4.6 4.6 4.2 4.2 4.5 4.2 6.05 6.35 5.3 7.7 6.45 6.4 6.9678658549 13.8181192171 17.5207704779 8.1905296316 6.7 8.2292657005 6.7 6.8 7 12.269104196 8.9522349452 6.6 6.6 6.6 6.7 6.7 6.7 6.6 9.3726779369 6.6 5.7090005921 6.7 30.4754153933 5.9 5.9 5.9 5.8 5.9 5.8 7.1666666667 6.6 2.0051154274 15.7742996679 28.8444323581 30.1838120122 15.0475304232 5.5237619586 30.341134965 7.893075142 8.9684525146 6.4958969948 2.1 14.7134491708 10.0393446036 9.7785371601 17.4384753952 17.5088191311 6.05 7.1 7.3333333333 7.3333333333 8.1 9.5333333333 5.5333333333 7.85 7.85 13.15
4.4 4.5 4.6 4.3 4.9 5 4.5 4.3 4.4 4.3 4.3 4.4 6.15 6.75 5.95 6.35 6.55 6.5 6.7 16.4955834467 4.926507906 9.4928371643 6.326286502 8.5637572938 3.7835203106 7 6.9 13.9703703704 28.240057876 6.8 6.6 6.6 16.9768182948 6.8 6.6 9.2564102564 5.2564102564 6.6 6.6 6.6 6.8 6.7 9.8843572659 6.6 6.7 6.8 12.361450055 5.5 7.6807843887 9.9098879263 5.6821701562 3.9983456956 15.8191643198 21.4487248999 30.4134491708 7.503030303 7.5761904762 6.9745942812 30.0132241218 10.7661434492 12.5889883586 9.8640561799 7.6457042423 30.2755853852 7.4670295079 9.4377707402 18.8222222222 9.2222222222 7.2222222222 24.9222222222 7.65 7.85 8.25 30.0547725789 28.7461399758
3.9 3.9 3.9 4.9 5.1 4.4 3.7 4.3 4.3 4.4 4.2 3.7 5.95 6.55 6.15 5.85 5.4768182948 6.85 6.9 13.2869632333 9.3570224301 6.726507906 30.5564484313 8.8685658488 10.9302373727 6.6 6.6 6.8 6.7 5.9268601941 6.4 6.9737387429 30.3746415108 7.4761904762 9.4761904762 9.4166666667 6.6 7.4166666667 9.7419755892 17.5916625669 6.7 4.9238672278 6.6 6.7 12.635446344 6.7 5.7827011897 6.1434982679 9.3923526966 17.6223216919 6.2850892186 5.7 6.5893298864 7.60209398 5.8273168347 30.3630813152 5.25 6.05 8.2111111111 14.9333333333 15.4333333333 9.5555555556 5.303030303 16.9222222222 11.5 5.95 7 30.6 7.05 7.15 7.15 7.85 8.05 30.0570227079 10.1245006541
5.6 6 5.2 5.2 3.8 3.6 3.6 3.6 3.5 3.7 3.7 3.8 6.15 6.25 7.3047650464 5.85 6.55 6.85 6.9 6.9 6.8 11.5603794978 30.0240453033 8.1911673208 6.5153372142 6.0618805153 1.61898463 13.3422194537 6.7 6.7270461645 8.9302373727 6.5 2.4869026671 6.3 8.1111111111 6.6 6.6 6.6 6.7 6.6 11.5444444444 6 6.75 6.6363636364 7.2083333333 6.9 6.6 4.2032244134 30.2376880965 6.9 6.7 6.3 6.4 1.3384487607 20.3765569041 5.7138991347 27.4239552048 18.4666666667 12.8111111111 10.3111111111 26.5570224301 9.647996552 6.05 7.3217300308 5.95 24.6 6.95 7.2067245426 7.4484520197 30.3081667897 9.4134491708 7.9406649427 7.45 15.378511354 30.4578339874
5.6 6.2 30.4 5.5 5.5 3 5.3 5.4 5.4 4.1 4.3 4.7 4.9 5.95 6.05 5.85 6.55 6.95 8.0768182948 11.397178591 6.5848537679 6.363570706 6.2540925512 7.0641856825 10.3471596063 3.24984391 6.45 4.9684525146 8.9813298853 30.1240453033 6.65 5.7134491708 6.5889883586 6.85 5.4570224301 10.3333333333 6.3333333333 10.3333333333 2.9059860233 10.4644437802 6.55 6.15 6.15 6.15 6.45 6.55 6.95 6.95 27.4815230842 8.2032244134 6.0194011491 6.0805354371 6.3838046346 14.2799677164 9.575118546 17.6476254443 7.8856826954 8.8813855149 10.1111111111 10.1111111111 11.2666666667 6.95 17.5777777778 6.15 14.4564102564 5.95 7.2564102564 6.95 7.15 7.5714045971 6.95 16.696961025 30.7937398861 12.8435428681 11.2043547631
NaN 30.9 5.8 5.7 5.7 9.6 5.4 5.4 5.5 5.2 5.2 5.5 30.35 6.55 5.85 5.95 5.29071197 17.15 6.3353191866 3.816476147 16.4598811283 6.2578339874 6.85 6.0091218061 6.95 3.9850406063 6.1266136648 6.4958969948 6.55 23.1120225406 10.6236890968 6.2393446036 6.05 5.6794273899 7.547996552 9.6555555556 5.95 5.5555555556 3.7302830782 6.15 6.15 20.2585392229 7.5839733804 6.45 7.3615508071 7.8829332032 15.1093499059 26.9490013082 6.75 6.85 30.4477344001 30.5603794978 9.3681050248 15.7417852127 11.4570224301 30.1621722674 7.8078695051 8.8883966975 8.1111111111 8.1111111111 10.6666666667 9.4761904762 17.6901371761 7.15 7.05 6.05 6.95 6.85 7.05 6.85 7.05 8.69071197 7.9589232249 30.4874474468 10.0148399063
NaN NaN 5.8 12.3 1.3 5.5 5.6 5.9 30.3 3.2 5.7 5.2 8.05 6.95 6.55 6.65 6.65 6.45 5.7622501134 6.85 6.95 6.65 9.5223216919 5.7260343862 6.75 6.05 20.6042261031 28.8511991882 5.65 5.75 6.25 6.7501731634 6.8440446391 6.3934119078 5.9084518793 7.6666666667 24.6969040394 9.3901371761 1.3094922192 7.2694840324 6.15 6.55 7.4266010238 6.85 6.55 10.0971540342 9.6373355562 15.5176752738 5.9617989856 6.75 9.8207592179 12.9302373727 18.1748334564 8.0178056689 9.138708522 18.6934562487 8.0048156164 16.4729948341 10.2111111111 6.75 6.85 6.95 6.75 30.2111111111 10.2111111111 30.5111111111 20.3111111111 6.95 7.05 6.95 6.85 6.65 7.3615508071 25.2923526966 10.1376880965
NaN NaN 5.7 30.5 5.8 5.6 5.7 5.6 5.8 10.45 7.95 10.5 15.45 6.95 6.75 6.95 6.65 6.35 6.65 6.85 6.95 6.85 11.8540925512 15.6134491708 5.4768182948 5.5758686137 5.3533326691 3.6705834467 6.05 6.25 13.3666666667 9.7777777778 7.0833333333 6.5897435897 6.05 5.95 5.95 8.4084518793 5.837864697 3.635208726 3.5651472445 6.65 9.6300971077 7.303030303 5.298142394 3.3768182948 6.85 6.75 6.75 30.3060112703 17.8219010501 6.85 5.5835203106 14.7574638207 10.0471417218 7.2758686137 10.278316797 10.8733912093 4.3158761576 11.1084518793 6.05 10.4333333333 5.95 16.2666666667 20.7666666667 10.6666666667 10.8666666667 16.4666666667 7.1666666667 12.6245006541 6.65 6.65 6.75 11.5311250567 7.45
NaN NaN NaN 5.4 5.6 NaN 5.5 7 7.75 8.05 7.75 7.95 7.95 8.1578685395 6.95 9.65 23.9270461645 7.4384487607 6.65 6.85 6.95 6.65 6.85 5.3615508071 8.9946277864 13.1267895821 10.91898463 6.278511354 6.05 12.3541587328 6.95 6.05 4.0295231453 5.8948749122 5.95 4.5333333333 8.8666666667 30.4067245426 7.0434849615 30.3811298163 5.95 5.75 6.75 6.75 6.75 10.7897785367 1.722521847 6.55 6.65 18.0235829038 6.75 6.75 3.2289342698 10.1116052299 1.7349737791 4.9117382165 8.62568603 10.9648090607 6.05 5.95 6.15 6.15 14.6555555556 19.6270461645 5.95 5.95 5.4761904762 10.0761904762 30.4761904762 30.2376880965 8.1135735976 8.0311250567 5.3 30.0147188482 7.55
7.45 7.65 NaN NaN 5.5 5.5 5.6 7.75 8.05 7.3 17.85 10.5242242458 7.85 6.85 6.85 6.95 NaN 11.8847858837 6.35 6.25 6.15 8.5333333333 5.8537203881 7.9316790289 5.5267895821 10.8856743286 30.1333333333 18.5333333333 9.55 9.65 6.95 6.85 6.55 19.7062672167 6.95 6.65 5.95 6.85 6.15 5.75 11.7207592179 6.25 12.6526087569 6.75 8.8850406063 13.9853397564 6.45 6.55 9.7705960277 9.8343272963 9.3874920661 14.3564102564 3.1 7.2564102564 9.6385891958 4.1417852127 6.9302373727 11.7937128312 6.75 6.85 9.5358404189 14.403030303 30.403030303 9.398142394 7.3777777778 9.2777777778 5.3777777778 30.0777777778 16.8777777778 14.9694840324 7.9311250567 5.2328101159 3.3660289775 30.2094922192 7.15
7.45 7.45 7.45 NaN NaN NaN 17.3 10.65 7.95 10.35 NaN 26.9558900823 7.95 7.05 6.75 7.15 6.85 6.85 5.9768182948 5.4513641714 20.8666666667 30.5 6.11056489 8.3011704976 5.71898463 14.9570224301 6.6666666667 6.95 6.95 7.05 9.55 7.6727487108 30.1175430751 9.2242242458 5.2393193566 6.45 6.05 6.65 6.45 9.0625444306 7.3570224301 4.7591076631 6.05 10.3328411419 8.9117382165 26.5060112703 19.6236890968 7.8453558739 10.2219010501 7.7115754658 9.5002554047 3.3222222222 6.45 9.2257618163 12.1977602346 6.85 9.5911673208 11.5118446873 11.0356117652 20.0208927697 9.6169517877 9.2222222222 9.2222222222 9.2202728564 9.2083333333 7.3083333333 7.4083333333 14.4083333333 7.8183739396 7.2450715499 17.6758686137 6.0192754236 3.4726779369 6.65 6.85
7.15 7.45 7.15 7.65 7.75 7.85 NaN NaN NaN NaN NaN 7.85 30.1893446036 6.95 30.102378304 6.95 6.85 1.8687796773 6.85 6.75 5.4969040394 19.4252444916 7.6418083139 5.9922860495 6.7665805837 7.5812466759 5.6666666667 6.95 6.75 6.95 6.85 6.75 6.75 7.05 6.75 6.15 5.95 5.95 6.05 6.55 3.138708522 10.2595038309 5.95 6.05 9.9318455014 12.7801158374 11.2326039052 10.1573786367 7.9683086365 6.45 7.5909187831 1.4752543046 5.273998276 9.3847858837 5.6963442264 5.8480057157 6.7101749826 5.2578339874 9.5523409952 7.9870412155 7.5421966066 9.2380952381 7.2380952381 7.2380952381 19.8380952381 7.3450715499 6.05 3.2758686137 6.95 30.1726779369 3.5578685395 28.7716618094 4.1084518793 6.59071197 6.85
7.15 7.15 7 27.85 7.25 7.35 7.35 7.65 7.65 7.65 7.65 NaN NaN 6.75 7.05 NaN NaN 6.85 6.95 6.5134491708 1.7915219852 6.85 5.4622501134 6.8340669095 5.4267895821 6.071505315 3.7197773382 6.65 6.85 6.85 6.85 6.75 7 8.7 1 5.85 6.55 6.05 6.75 22.3574638207 7.05 4.7993623108 5.25 6.05 5.85 15.0095238095 11.763570706 4.7055575185 9.8194193466 7.9088191311 7.7723311278 22.3248334564 13.7924010611 9.4761904762 5.8501096867 6.1314757273 6.5825157082 7.1 25.5047379305 8.0671695589 7.62568603 7.5833292142 5.65 5.65 19.9703703704 7.3726779369 27.5166666667 7.4578685395 7.6716618094 5.7453558739 6.178511354 8.4333333333 1.2 6.85 12.2245006541
7.55 7.55 7.35 7.45 7.45 7.45 7.35 7.35 7.65 7.65 7.65 1.7297141553 7.65 10.8302373727 NaN NaN 6.75 4.5 3.4570224301 6.75 8.0041568138 9.2347716914 3.0869632333 11.7666666667 6.6782210422 5.803083626 5.6198724248 5.2222222222 6.65 6.85 6.55 6.55 6.85 1.1 6.55 5.95 5.95 6.75 6.75 6.95 6.85 6.45 4.8111111111 5.75 30.1923526966 7.9419755892 30.1590193633 25.1092535051 10.3060112703 6.85 4.8329525334 6.45 6.4632972377 8.8687796773 12.5714285714 9.3333333333 8.1236890968 30.1 11.8240453033 8.5786892072 8.0282174738 5.65 5.8333333333 9.9333333333 7.8333333333 7.8333333333 8.1111111111 10.778511354 10.3333333333 5 9.3570224301 30.2540925512 13.2666666667 1.6270461645 7.15
12.75 8.2 7.85 1 5 3 7.15 7.65 7.65 6.75 6.75 6.75 5.2450715499 7.65 NaN NaN 6.75 4.5 4.6 4.5 6.85 5.3384487607 9.0225890798 6.7578339874 30.3174833192 8.2230658168 8.1504210912 6.55 6.75 6.65 6.85 6.85 6.85 6.75 6.45 6.45 6.45 6.75 6.75 5.3094922192 6.45 6.4333333333 24.7540925512 8.1714045971 NaN 19.747996552 14.6617874766 10.6889883586 15.3467825041 11.3417852127 23.2903557635 9.2146632187 10.9684525146 10.3190387257 6.1487248999 14.6648090607 6.55 4.6911673208 6.25 2.0540925512 7.4134491708 30.1889883586 12.4333333333 10.3333333333 10.3333333333 10.3333333333 8.6666666667 11.2666666667 8.0540925512 7.7453558739 7.547996552 7.4134491708 7.65 7.65 7.45
7.55 7.65 7.85 7.65 7.45 7.45 7.45 6.55 3.4761904762 3.4761904762 3.547996552 3.6666666667 8.3333333333 7.65 NaN 4.5 4.5 4.5 4.6 4.2 30.0669472598 5.9285580409 6.0574333907 5.8326204837 5.6604794146 5.6928362784 7 6.95 NaN 6.65 6.65 6.75 7 6.75 6.75 6.75 6.75 1 6.75 1.3513641714 7.6666666667 3.1 5.75 NaN 5.3660289775 30.0928371643 12.247996552 8.0883656714 30.1888888889 17.9955834467 9.647996552 10.0595038309 3.7422194537 6.75 3.4042261031 5.5741510037 19.8117159916 5.8268983415 4.7994484251 5 10.0393446036 6.55 7.5555555556 7.5555555556 9.5555555556 7.5555555556 5.6270461645 30.0761904762 7.5134491708 12.4615508071 7.4094922192 7.3660289775 3.3328101159 5.8108185325 6.95
7.55 7.55 7.45 7.65 7.65 3.298142394 3.4714045971 3.9245006541 6.55 4.6666666667 6.75 3 4.6666666667 NaN 9.4166666667 4.5 4.5 4.5 4.3 4.3 6.45 6.75 6.85 6.45 5.4843909065 20.4032369137 5 5.6 6.55 6.65 7.1 6.85 6.75 6.75 6.75 1 1.1 1.1 6.55 12.5042261031 8.0245006541 12.3333333333 NaN NaN NaN 7.5660289775 30.0017858479 30.3062672167 20.2306599425 10.2428255525 15.1316790289 15.1524976531 5.5575575791 5.2635231517 7.253428636 11.8289342698 9.4639351726 6.75 10.0708927697 6.85 6.65 6.55 6.55 9.903030303 7.403030303 12.503030303 17.498142394 7.2777777778 3.2635231517 7.65 8.45 8.45 1 3.7 7.85
7.55 7.55 7.35 7.55 7.65 7.65 7.35 7.45 7.65 7.65 7.85 NaN 7.65 NaN 9.4042261031 3.7 4.2 3 4.3 4.3 4.2 6.75 6.435702243 6.45 5.6 1.2 6.65 6.55 6.85 16.2 6.85 6.95 6.85 6.85 3.6 1.1 6.45 5.85 5.85 5.85 8.49071197 10.6666666667 9.4969040394 NaN NaN 6.15 14.3217300308 6.85 6.85 10.0480521815 9.3217300308 13.4729948341 8.6333333333 5.5222222222 6.05 14.7 9.3129588438 9.6239042103 1.8804748005 6.95 2.3968852936 6.45 7.2758686137 9.2222222222 7.2222222222 7.3222222222 7.2202728564 5.2083333333 5.2021130107 6.1 3.6 13.65 8.85 11.25 7.95
7.55 7.35 7.35 7.35 7.45 7.35 7.35 7.65 7.65 7.65 7.55 NaN NaN NaN 9.3135735976 3.7 4.5 4.2 4.3 4.3 4.2 5 5 12.7 6.65 6.55 6.65 7.1 6.95 6.85 30.4 6.85 6.45 6.75 6.75 6.45 5.85 5.85 5.3192754236 5.5716618094 6.45 6.45 NaN NaN NaN NaN 17.0179068435 6.85 6.85 10.2555555556 30.4108185325 7.8666666667 9.3333333333 6.75 3.6 5.2 7 9.2635231517 7.5134491708 6.75 12.3333333333 6.45 5.65 6.45 30.5 30.1 7.55 7.85 12.95 9.8 8.15 8.85 13.65 8.75 7.95
