Outfile_3.asc
NCOLS 201
NROWS 151
XLLCORNER 730592.938286
YLLCORNER 2561222.529137
CELLSIZE 145.176046
NODATA_VALUE NaN
[rows 33 to 65 of 151, columns 0 to 74 of 201]
NaN NaN NaN NaN NaN NaN NaN NaN NaN NaN NaN NaN NaN NaN NaN NaN NaN NaN NaN NaN NaN NaN NaN NaN NaN NaN NaN NaN NaN NaN NaN NaN NaN NaN NaN NaN NaN NaN NaN NaN NaN NaN NaN NaN 9.8 30.6 7.3 9.9 7.3 7.4 7 9.8 6.9 7.1 7.6 7.6 7.9 7.5 30.3618913743 30.1615508071 10.8205792798 6.278511354 31 7.3 6.7 6.8 9.6 7 7.4 7 30.7161994504 5.1663880718 7 30.5660289775 6.5
NaN NaN NaN NaN NaN NaN NaN NaN NaN NaN NaN NaN NaN NaN NaN NaN NaN NaN NaN NaN NaN NaN NaN NaN NaN NaN NaN NaN NaN NaN NaN NaN NaN NaN NaN NaN NaN NaN NaN NaN NaN NaN NaN 7.3 23.1 10.4 7.5 7.4 7.4 6.8 12.1 7.1 6.6 9.7 7.5 12.5 7.6 9.9 7.6 7.1 7.1 30.4270461645 22.778511354 13.9 22.7333333333 30.3333333333 26.8517072729 7.2 9.9 12.1 7 7.1 7.1 7.9222222222 6.7
NaN NaN NaN NaN NaN NaN NaN NaN NaN NaN NaN NaN NaN NaN NaN NaN NaN NaN NaN NaN NaN NaN NaN NaN NaN NaN NaN NaN NaN NaN NaN NaN NaN NaN NaN NaN NaN NaN NaN NaN NaN NaN NaN 30.5 4.5 10.2 6.9 3.7 18.8 3.8 7.1 7.1 6.6 7.2 9.9 10.2 25.2 30.6 7.1 15.614274771 7 17.4 30.6205792798 30.2540925512 7.2 7.2 7 7.3 12.4 7.4 7.7827842464 7.247996552 7.5017858479 30.3217300308 6.4
NaN NaN NaN NaN NaN NaN NaN NaN NaN NaN NaN NaN NaN NaN NaN NaN NaN NaN NaN NaN NaN NaN NaN NaN NaN NaN NaN NaN NaN NaN NaN NaN NaN NaN NaN NaN NaN NaN NaN NaN NaN NaN NaN 28.2 5.9 30.3 31 17 30.4 12.5 10 7.4 7.8 30.4 12.6 30.6 7.8 31 16.7 30.3 7.3 7 6.9 30.4134491708 6.9 22.5 4.6384487607 19.7726779369 6.9 4.6333333333 7.5 7.5 13.0660289775 10.3 7.5
NaN NaN NaN NaN NaN NaN NaN NaN NaN NaN NaN NaN NaN NaN NaN NaN NaN NaN NaN NaN NaN NaN NaN NaN NaN NaN NaN NaN NaN NaN NaN NaN NaN NaN NaN NaN NaN NaN NaN NaN NaN NaN NaN 4.2 10 6.6 7.8 23.9 9.1 30.4 7.7 30.5 7.7 30.3 9.8 30.6 22.7 7 7.3 30.5 17.2 4.5 7.0328101159 6.9 5.7556550252 27.7 22.4 7.4 7.2 7.6 7.5 7.4 7.3 7.6 9.4
NaN NaN NaN NaN NaN NaN NaN NaN NaN NaN NaN NaN NaN NaN NaN NaN NaN NaN NaN NaN NaN NaN NaN NaN NaN NaN NaN NaN NaN NaN NaN NaN NaN NaN NaN NaN NaN NaN NaN NaN NaN NaN NaN NaN 30.7 30.1 13.7 9.8 7.3 7.1 7.4 27.7 10.4 7.6 12.6 30.8 30.7 30.7 30.7 30.3 7 30.3 10.7 30.4 8.8 7.3 6.8 4.9453558739 7.6 4.7084518793 30.4134491708 7.4 7.5 7.3 10.3
NaN NaN NaN NaN NaN NaN NaN NaN NaN NaN NaN NaN NaN NaN NaN NaN NaN NaN NaN NaN NaN NaN NaN NaN NaN NaN NaN NaN NaN NaN NaN NaN NaN NaN NaN NaN NaN NaN NaN NaN NaN NaN 6.6 6.8 6.8 6.7 1.1 30.5 29.2 7.3 9.8 25.2 7.8 12.5 31.1 30.4 30.5 30.4 30.4 7.3 12.6 30.9 9.3 19 30.6 9.7 6.7 6.4 6.4 6.7 6.9 10 17.0618913743 7.2 7.5
NaN NaN NaN NaN NaN NaN NaN NaN NaN NaN NaN NaN NaN NaN NaN NaN NaN NaN NaN NaN NaN NaN NaN NaN NaN NaN NaN NaN NaN NaN NaN NaN NaN NaN NaN NaN NaN NaN NaN NaN 1.2 16.8 6.7 26.1 4.2 6.6 19.6 7.5 10.2 1.5 12.5 7.4 7.4 9.9 30.6 22.3 1.3 7.5 7.3 30.1 4.5 7.1 11.7 29.3 6.9 6.7 6.5 6.6 6.5 6.2 7 9.7 7.1 30.1768182948 19.714274771
NaN NaN NaN NaN NaN NaN NaN NaN NaN NaN NaN NaN NaN NaN NaN NaN NaN NaN NaN NaN NaN NaN NaN NaN NaN NaN NaN NaN NaN NaN NaN NaN NaN NaN NaN NaN NaN NaN NaN 30.5 9.1 6.5 4 11.7 15.5 6.9 1.2 6.6 7.3 7.2 10.1 30.6 30.5 7.9 10.4 30.2 9.8 9.2 1.3 6.3 7.3 30.1 6.4 6.1 6.5 6.3 6 6.3 6.1 9.8856743286 7.2 7.1 14.9205792798 7.3 6.9
NaN NaN NaN NaN NaN NaN NaN NaN NaN NaN NaN NaN NaN NaN NaN NaN NaN NaN NaN NaN NaN NaN NaN NaN NaN NaN NaN NaN NaN NaN NaN NaN NaN NaN NaN NaN NaN NaN NaN 7.2 6.5 6.6 6.4 6.7 30.5 4.2 6.6 6.7 6.7 7.1 6.8 7.4 29.7 7.8 7.7 30.2 7.6 3.8 6.8 6.6 11.8 9.6 6.3 6.3 30.7 30.7 6 6.3 6.2 6.1 7 6.8 10.478511354 12.3892557464 7.2
NaN NaN NaN NaN NaN NaN NaN NaN NaN NaN NaN NaN NaN NaN NaN NaN NaN NaN NaN NaN NaN NaN NaN NaN NaN NaN NaN NaN NaN NaN NaN NaN NaN NaN NaN NaN NaN NaN NaN 7.4 7.4 6.9 6.6 6.7 6.7 5.1 6.7 6.5 6.7 7 10 10.6 6.5 8.1 17.8 30.7 11.6 6.9 6.4 27 10.3 23.2 6.7 6.2 6.4 30 6.1 14.5 6.2 6.3 12.6267895821 10.4856743286 30.1333333333 17.2 13.2892557464
NaN NaN NaN NaN NaN NaN NaN NaN NaN NaN NaN NaN NaN NaN NaN NaN NaN NaN NaN NaN NaN NaN NaN NaN NaN NaN NaN NaN NaN NaN NaN NaN NaN NaN NaN NaN NaN NaN 10 28 15 7.3 7 6.5 6.5 6.7 6.8 6.8 7.3 7 7.2 7.2 14.3 7.6 7.7 30.8 7.3 7.4 7.1 6.8 9.4 6.9 9.5 7.2 6.1 8.1 6.5 6.2 6 6.1 9.2946277864 9.5267895821 12.3856743286 6.7 6.8
NaN NaN NaN NaN NaN NaN NaN NaN NaN NaN NaN NaN NaN NaN NaN NaN NaN NaN NaN NaN NaN NaN NaN NaN NaN NaN NaN NaN NaN NaN NaN NaN NaN NaN NaN NaN NaN NaN 7.3 7.9 12.5 9.8 7.5 7.1 6.9 6.8 6.8 7.1 7.4 7.4 9.7 19.8 9.7 7.4 9.6 7.2 9.9 30.1 24.6 20.5 6.5 30.4 5.1 7.2 6.1 6 30.4 6.1 6.6 6.7 6.8 6.4 6.1 7.2666666667 30.3570224301
NaN NaN NaN NaN NaN NaN NaN NaN NaN NaN NaN NaN NaN NaN NaN NaN NaN NaN NaN NaN NaN NaN NaN NaN NaN NaN NaN NaN NaN NaN NaN NaN NaN NaN NaN NaN NaN NaN 20 12.5 7.2 9.9 10 7.5 7.2 6.9 7.2 30.4 15.1 7.1 7 7.1 7.6 30.5 16.8 30.2 4.4 14.8 6.3 29.3 30.2 30.1 30.8 30.2 30.6 5.9 5.9 6.1 6.8 6.9 6.7 9.3242242458 14.4946277864 9.3928371643 30.41898463
NaN NaN NaN NaN NaN NaN NaN NaN NaN NaN NaN NaN NaN NaN NaN NaN NaN NaN NaN NaN NaN NaN NaN NaN NaN NaN NaN NaN NaN NaN NaN NaN NaN NaN NaN NaN NaN NaN 7.5 7.5 7.5 7.6 7.3 10 7.3 7.2 19.6 9.7 7.5 7.4 7 24.9 12.7 4.1 7 12.1 6.1 6.5 30.5 30.6 1.5 12.3 6.4 30.6 6.8 30.8 6.9 7 7.2 8.1 30.0083333333 30.6083333333 21.935702243 30.2923526966 30.6928371643
NaN NaN NaN NaN NaN NaN NaN NaN NaN NaN NaN NaN NaN NaN NaN NaN NaN NaN NaN NaN NaN NaN NaN NaN NaN NaN NaN NaN NaN NaN NaN NaN NaN NaN NaN NaN NaN NaN 7.3 7.6 7.5 7.4 7.2 25 9.3 30.5 7.1 7.1 7.3 12.4 30.4 31 7.6 7.2 10 7.4 4.4 6.6 19.5 5.1 12.6 11.8 17.0021130107 6.1 6.6 6.7 7.3 7.1777777778 7.2 7.3 16.003030303 19.603030303 7.503030303 6.6 6.9
NaN NaN NaN NaN NaN NaN NaN NaN NaN NaN NaN NaN NaN NaN NaN NaN NaN NaN NaN NaN NaN NaN NaN NaN NaN NaN NaN NaN NaN NaN NaN NaN NaN NaN NaN NaN NaN 30.6 7.5 7.6 7.7 12.5 7.3 12.5 30.5 7.7 29.5 7.2 30.3 14.6 31 7 7 7.1 7 9 30.9 6.3 6.2 10.3188440482 12.935702243 12.3564102564 4.4847858837 6 6.6 30.2166666667 7.3 30.0761904762 7.2 7.2 13.1 7 7 7.1 30.2761904762
NaN NaN NaN NaN NaN NaN NaN NaN NaN NaN NaN NaN NaN NaN NaN NaN NaN NaN NaN NaN NaN NaN NaN NaN NaN NaN NaN NaN NaN NaN NaN NaN NaN NaN NaN NaN 7.3 30.5 30.3 10.1 8 7.8 7.6 12.9 10 7.3 23.9 7.8 7 30.1 7.1 30.2 7.2 7.3 29.6147188482 6.9 6.1 5.7 1.3847858837 1.4192754236 5.8 6.1 6 5.9 22.8084518793 7.1 7.2 7.4 10 12.8 9.9 7.5333333333 30.3333333333 14.6570224301 7.2
NaN NaN NaN NaN NaN NaN NaN NaN NaN NaN NaN NaN NaN NaN NaN NaN NaN NaN NaN NaN NaN NaN NaN NaN NaN NaN NaN NaN NaN NaN NaN NaN NaN NaN NaN 7.3 7.2 7.6 9.9 7.5 30.8 7.3 7.9 12.7 7.6 7.4 10.2 10.1 30.5 30.9 7.2 9.9 7 6.2 14.9094922192 6.9384487607 4.0726779369 21.7166666667 14.2761904762 4.2716618094 13.4453558739 11.4540925512 14.5666666667 30.4333333333 30.6 10.3 8.2 5.79071197 NaN NaN 7.5 7.8 11.1333333333 7.2 7.3
NaN NaN NaN NaN NaN NaN NaN NaN NaN NaN NaN NaN NaN NaN NaN NaN NaN NaN NaN NaN NaN NaN NaN NaN NaN NaN NaN NaN NaN NaN NaN NaN NaN NaN NaN 12.8 7.8 17.1 7.2 15.3 7.4 10.6 7.6 21.6079276146 7.6 10.1 7.6 7.3 30.3 30.6268601941 30.2 14.4901371761 7.4 4.8761904762 23.7555555556 30.2666666667 15.4333333333 10.5111111111 25.5666666667 4.6333333333 7.3 30.2333333333 19.59071197 6.1 7.2 7 7.1 7 NaN NaN NaN NaN 28.4 30.4166666667 8.4
NaN NaN NaN NaN NaN NaN NaN NaN NaN NaN NaN NaN NaN NaN NaN NaN NaN NaN NaN NaN NaN NaN NaN NaN NaN NaN NaN NaN NaN NaN NaN NaN NaN NaN NaN 7.3 7.4 7.4 7.5 30.5 30.1108185325 30.0399385949 7.7 30.7017858479 30.1316790289 30.1681050248 4.5134491708 30.5578685395 7.8 30.41898463 30.9666666667 30.3333333333 7.7 30.3666666667 30.2333333333 3.7 9.6333333333 5.5666666667 7.99071197 2.1245006541 2.1453558739 30.5555555556 12.9714045971 6.4 12.1 17.3 7.7 27.2 NaN NaN NaN NaN 6.5450715499 30.3564102564 30.1
NaN NaN NaN NaN NaN NaN NaN NaN NaN NaN NaN NaN NaN NaN NaN NaN NaN NaN NaN NaN NaN NaN NaN NaN NaN NaN NaN NaN NaN NaN NaN NaN NaN NaN NaN NaN 30.4 30.2 7.3 30.8450715499 30.2758686137 22.6 22.8042261031 7.5 7.6 7.4 27.3084518793 30.5245006541 30.778511354 10 8.2 10.7 15.6 30.7666666667 30.278511354 5.2245006541 6.9453558739 30.31898463 6.747996552 16.8578685395 19.3042261031 25.6384487607 12.5017858479 7.7 4.34984391 18.1 7.8 10.9 NaN NaN NaN NaN NaN NaN NaN
NaN NaN NaN NaN NaN NaN NaN NaN NaN NaN NaN NaN NaN NaN NaN NaN NaN NaN NaN NaN NaN NaN NaN NaN NaN NaN NaN NaN NaN NaN NaN NaN NaN NaN NaN NaN NaN 30.3635231517 30.4094922192 17.8726779369 30.3376880965 17.4716618094 12.7245006541 25.3 7.5 30.5333333333 14.9 7.4 7.6 9.9 10.5 NaN NaN 7.7 7.2 27.6042261031 6.9615508071 9.6268601941 6.6017858479 5.673998276 9.053428636 14.1289342698 12.5108185325 14.8 7.9 10.5 7.8 20.3 7.6 NaN NaN NaN NaN NaN NaN
NaN NaN NaN NaN NaN NaN NaN NaN NaN NaN NaN NaN NaN NaN NaN NaN NaN NaN NaN NaN NaN NaN NaN NaN NaN NaN NaN NaN NaN NaN NaN NaN NaN NaN NaN NaN NaN NaN 8.2 30.5453558739 17.8 15 10.2 30.5 18.3111111111 30.3 10 19.9555555556 7.6 7.3 NaN NaN NaN NaN 7 30.053428636 30.235702243 19.6202728564 5.3079276146 3.7 9.7 25.2 30.2 30.3 30.5 18.3 10.6 7.9 NaN NaN NaN NaN NaN NaN 8
NaN NaN NaN NaN NaN NaN NaN NaN NaN NaN NaN NaN NaN NaN NaN NaN NaN NaN NaN NaN NaN NaN NaN NaN NaN NaN NaN NaN NaN NaN NaN NaN NaN NaN NaN NaN NaN NaN NaN 15.6 8.2 30.3 7.7 7.4 28.2 7.3 20.2 30.5094922192 27.6 7.2 NaN NaN NaN NaN NaN 7.1 12.4 30.6 6.9 30.6 6.9 30.3 5.2 30.2 12.2 8 15.7 7.6 NaN NaN NaN NaN NaN NaN 8.2
NaN NaN NaN NaN NaN NaN NaN NaN NaN NaN NaN NaN NaN NaN NaN NaN NaN NaN NaN NaN NaN NaN NaN NaN NaN NaN NaN NaN NaN NaN NaN NaN NaN NaN NaN NaN NaN NaN NaN NaN 7.7 10.5 30.1 30.5 25.6 10 7.4 30.2 7.3 7.5 NaN NaN NaN NaN NaN 7 7.2 9.7 30.5 30.3 6.8 7.2 7.5 7 7 8 7.8 NaN NaN NaN NaN NaN NaN NaN NaN
NaN NaN NaN NaN NaN NaN NaN NaN NaN NaN NaN NaN NaN NaN NaN NaN NaN NaN NaN NaN NaN NaN NaN NaN NaN NaN NaN NaN NaN NaN NaN NaN NaN NaN NaN NaN NaN NaN NaN NaN NaN 7.9 8.2 NaN NaN 31 7.6 12.5 8.3 NaN NaN NaN NaN NaN NaN 6.9 NaN 7.2 31 7 7.2 9.9 NaN 6.9 17.2 7 7.9 NaN NaN NaN NaN NaN NaN NaN NaN
NaN NaN NaN NaN NaN NaN NaN NaN NaN NaN NaN NaN NaN NaN NaN NaN NaN NaN NaN NaN NaN NaN NaN NaN NaN NaN NaN NaN NaN NaN NaN NaN NaN NaN NaN NaN NaN NaN NaN NaN NaN NaN NaN NaN NaN 7.7 30.5 8 8 NaN NaN NaN NaN NaN NaN NaN NaN 7.1 7.5 25.1 14.9 NaN NaN NaN NaN 9.9 7.7 NaN NaN NaN NaN NaN NaN NaN NaN
NaN NaN NaN NaN NaN NaN NaN NaN NaN NaN NaN NaN NaN NaN NaN NaN NaN NaN NaN NaN NaN NaN NaN NaN NaN NaN NaN NaN NaN NaN NaN NaN NaN NaN NaN NaN NaN NaN NaN NaN NaN NaN NaN NaN NaN NaN 7.6 NaN NaN NaN NaN NaN NaN NaN NaN NaN NaN NaN NaN NaN NaN NaN NaN NaN NaN 7.2 NaN NaN NaN NaN NaN NaN NaN NaN NaN
NaN NaN NaN NaN NaN NaN NaN NaN NaN NaN NaN NaN NaN NaN NaN NaN NaN NaN NaN NaN NaN NaN NaN NaN NaN NaN NaN NaN NaN NaN NaN NaN NaN NaN NaN NaN NaN NaN NaN NaN NaN NaN NaN NaN NaN NaN NaN NaN NaN NaN NaN NaN NaN NaN NaN NaN NaN NaN NaN NaN NaN NaN NaN NaN NaN 7 NaN NaN NaN NaN NaN NaN NaN NaN NaN
NaN NaN NaN NaN NaN NaN NaN NaN NaN NaN NaN NaN NaN NaN NaN NaN NaN NaN NaN NaN NaN NaN NaN NaN NaN NaN NaN NaN NaN NaN NaN NaN NaN NaN NaN NaN NaN NaN NaN NaN NaN NaN NaN NaN NaN NaN NaN NaN NaN NaN NaN NaN NaN NaN NaN NaN NaN NaN NaN NaN NaN NaN NaN NaN NaN NaN NaN NaN NaN NaN NaN NaN NaN NaN NaN
NaN NaN NaN NaN NaN NaN NaN NaN NaN NaN NaN NaN NaN NaN NaN NaN NaN NaN NaN NaN NaN NaN NaN NaN NaN NaN NaN NaN NaN NaN NaN NaN NaN NaN NaN NaN NaN NaN NaN NaN NaN NaN NaN NaN NaN NaN NaN NaN NaN NaN NaN NaN NaN NaN NaN NaN NaN NaN NaN NaN NaN NaN NaN NaN NaN NaN NaN NaN NaN NaN NaN NaN NaN NaN NaN
NaN NaN NaN NaN NaN NaN NaN NaN NaN NaN NaN NaN NaN NaN NaN NaN NaN NaN NaN NaN NaN NaN NaN NaN NaN NaN NaN NaN NaN NaN NaN NaN NaN NaN NaN NaN NaN NaN NaN NaN NaN NaN NaN NaN NaN NaN NaN NaN NaN NaN NaN NaN NaN NaN NaN NaN NaN NaN NaN NaN NaN NaN NaN NaN NaN NaN NaN NaN NaN NaN NaN NaN NaN NaN NaN
