Outfile_3.asc
NCOLS 201
NROWS 151
XLLCORNER 730592.938286
YLLCORNER 2561222.529137
CELLSIZE 145.176046
NODATA_VALUE NaN
[rows 99 to 131 of 151, columns 75 to 149 of 201]
7.75 7.85 7.65 12.85 7.75 3.298142394 3.4714045971 3.9245006541 6.55 4.6666666667 6.85 3.1 7.2666666667 NaN 9.4166666667 4.7 4.5 4.5 4.4 4.7 6.75 6.85 7.15 6.55 5.4843909065 20.4032369137 5.2 11.6 6.55 6.75 30.2 7.05 6.95 6.85 7.15 1.1 1.2 1.2 6.85 30.2042261031 13.3245006541 30.1333333333 NaN NaN NaN 7.6660289775 30.0017858479 30.4062672167 30.4306599425 30.5428255525 15.1316790289 15.1524976531 10.6575575791 5.2635231517 14.053428636 30.5289342698 9.4639351726 6.85 22.7708927697 7.15 6.85 6.65 6.85 30.603030303 30.203030303 30.603030303 30.598142394 30.1777777778 5.8635231517 15.35 8.55 8.45 11.2 6.4 8.25
7.85 7.75 7.45 7.65 7.75 7.75 7.45 10.05 7.75 7.75 8.05 NaN 7.65 NaN 9.5042261031 3.8 4.4 30.3 4.4 4.4 4.2 6.75 9.035702243 6.55 8.3 1.3 6.95 9.55 6.85 16.2 7.05 7.15 9.85 9.75 16.4 1.2 6.75 6.25 6.05 5.95 30.29071197 13.3666666667 14.6969040394 NaN NaN 6.15 14.3217300308 6.95 9.65 30.4480521815 9.3217300308 30.7729948341 16.3333333333 13.1222222222 6.25 22.5 9.5129588438 12.2239042103 1.8804748005 7.15 2.3968852936 6.55 7.3758686137 30.7222222222 9.9222222222 7.6222222222 30.6202728564 5.5083333333 13.1021130107 11.5 6.3 16.65 19.35 16.65 15.75
7.75 7.55 7.55 7.35 7.45 7.35 7.35 7.65 7.65 7.65 7.65 NaN NaN NaN 30.0135735976 4.1 4.6 4.3 4.4 4.5 4.3 15.2 10.1 15.3 6.85 6.75 30.25 10 7.15 7.15 30.9 6.85 6.75 9.75 6.75 6.75 6.15 6.05 5.4192754236 8.1716618094 6.55 6.45 NaN NaN NaN NaN 17.0179068435 7.25 7.05 30.6555555556 30.7108185325 8.0666666667 30.1333333333 7.15 6.4 5.4 19.6 9.2635231517 7.5134491708 6.95 12.3333333333 6.75 5.85 6.95 30.8 30.3 7.75 7.95 13.05 15 8.45 9.05 13.95 11.55 8.55
12.55 7.45 7.35 30.1333333333 7.35 8.278511354 7.75 7.75 9.95 7.45 NaN NaN NaN NaN NaN 6.05 4.6 4.7 4.3 4.5 4.4 6.85 6.85 6.85 6.95 6.95 7.05 6.45 7.05 6.95 7.05 6.45 6.25 6.25 8.9 6.85 5.95 6.55 8.0681050248 7.8084518793 12.1 NaN NaN NaN NaN NaN NaN 30.5810980619 30.6969842853 20.4666666667 7.498142394 13.1023689097 7.4333333333 30.5222222222 7.8 17.6 7.1 30.2328101159 3.6384487607 6.3537203881 17.5333333333 20.0333333333 6.1901371761 6.35 7.55 22.95 10.35 8 8.15 10.65 7.85 8.65 4.2 7.85 7.05
6.3333333333 10.1 9.8 7.85 13.5333333333 7.95 7.45 7.35 7.35 7.35 7.65 7 NaN NaN NaN NaN 6.25 4.6 4.8 4.5 4.4 4.3 NaN NaN NaN NaN 30.5 6.75 6.75 6.55 6.95 6.45 NaN NaN 6.75 7.05 6.75 5.95 8.5703703704 6.95 6.55 NaN NaN NaN NaN NaN 6.15 22.9904286252 10.5659351537 16.5333333333 12.4284270273 17.517127024 12.6376787265 8.9202728564 30.2 7.2 12.4 9.9063281674 12.5923526966 30.3969040394 30.4666666667 9.65 12.45 16.1192754236 5.85 30.5 17.3 13.15 8.3 7.05 3.9 6.5 1.3 7.25 7.95
7.75 7.45 7.6666666667 25.3716618094 7.85 7.35 9.95 7.85 7.75 7.65 7.65 7.65 7.65 6.55 NaN NaN NaN NaN 6.65 4.6 4.2 6.45 NaN NaN NaN NaN 5.95 6.85 NaN 5.95 6.35 6.25 NaN NaN 5.95 5.85 6.05 6.75 3.6703703704 9.8333333333 9.6333333333 6.15 NaN NaN NaN NaN 6.25 6.15 10.5333333333 7.1 4.5 15.9467825041 30.3952995056 7.9013740557 9.7 30.5 9.6 7.2 30.3564102564 10.1901371761 7.9333333333 30.4333333333 30.7537203881 9.55 7.25 5.85 30.5 9.65 7.25 7.15 8.8 3.8 1.3 6.85 6.85
7.65 7.3681050248 7.65 7.65 7.403030303 7.75 1.2635231517 7.75 7.75 7.75 7.75 7.65 7.65 NaN 6.55 NaN NaN NaN NaN NaN NaN NaN NaN NaN NaN NaN 6.45 NaN NaN NaN NaN NaN NaN NaN NaN 6.85 5 5.9380952381 6.85 4.1622676031 14.3708234805 4.0743996038 6.35 30.29071197 20.1333333333 30.39071197 8.8534349239 4.3051154274 8.4559224131 30.5333333333 11.6450799339 7.9137183223 30.3681474842 30.3 30.3 19.7 30.3 6.95 7.05 6.95 30.81898463 30.4333333333 7.15 7.15 7.35 6.55 6.45 6.95 7.05 7.25 3.8 7.7 5.1 1.1 6.45
7.75 7.75 7.75 10.25 7.75 7.85 8.05 10.35 7.75 7.85 7.75 7.85 10.05 7.45 6.95 7.05 6.65 NaN NaN NaN NaN NaN NaN NaN NaN 5.85 6.45 NaN NaN NaN NaN NaN NaN NaN NaN 6.85 6.85 6.95 3.7322617446 4.1717820941 19.5014383581 6.15 7.7047871587 7.1 15.7245006541 8.447996552 30.1581491326 30.6520285504 30.3101105702 13.3037037037 30.4348730697 5.9644313952 7.5564102564 9.9 30.2 9.6 9.7 9.65 30.1063281674 7.05 14.6969040394 19.79071197 13.3666666667 14.85 7.15 3.4188440482 6.15 6.95 3.3 7.15 30.3202728564 5.3450715499 7.8564102564 6.45 6.55
7.75 7.75 7.75 28.6 7.75 7.75 7.75 17.95 7.95 7.85 7.75 7.85 7.95 7.95 7.15 7.15 7.25 14.95 NaN NaN NaN NaN NaN NaN 5.65 5.85 NaN NaN NaN NaN NaN NaN NaN NaN NaN 6.85 6.95 1.4670295079 6.85 6.95 30.6417852127 19.5192725435 11.5002041892 30.1600747221 25.2714045971 6.35 30.173998276 30.4033108961 30.3844898253 28.4714285714 30.2149362158 6.55 30.1768182948 5.2067245426 7.1 5 5.1 9.65 9.65 6.95 22.6901371761 30.4333333333 4.6333333333 30.3084518793 6.15 6.95 19.75 6.25 6.05 7.25 20.0268601941 9.3726779369 6.85 6.75 1.6166666667
3 7.65 7.65 7.65 1 9.6 7.45 10.35 7.95 28.05 7.85 7.75 7.75 7.75 6.95 7.05 7.05 7.55 NaN NaN NaN NaN NaN NaN NaN NaN NaN NaN NaN NaN NaN NaN NaN NaN 17.1 6.15 7.8 18.3755853852 6.9384753952 7.8417852127 9.4903557635 6.35 30.4983456956 30.7145671951 13.298142394 6.75 6.65 7.8768182948 5.6714045971 13.59071197 4.3333333333 6.65 30.1615508071 30.5484520197 7.8 5.4 9.65 7.15 9.95 17.2242242458 7.05 9.95 19.3333333333 5.2954770164 7.05 6.25 12.4513641714 6.25 5.85 9.55 30.61898463 6.6453558739 11.2111111111 4.3111111111 6.55
7.85 7.75 7.75 7.75 7.75 7.65 7 7.35 7.45 7.65 7.85 30.3 7.65 7.65 6.95 6.85 NaN 7.75 7.55 NaN NaN NaN NaN NaN NaN NaN NaN NaN NaN NaN NaN NaN NaN NaN NaN 6.15 9.6 6.25 6.25 30.22891678 30.647996552 6.65 14.1786681507 7.35 3.4183739396 6.65 6.55 6.95 7.05 10.3666666667 30.6570224301 28.69071197 12.6205792798 30.2094922192 18.0222222222 7.7 4 30.55 7.05 30.3013740557 7.05 9.55 7.2235829038 4.82568603 7.05 7.05 6.35 5.75 5.85 9.3666666667 30.8333333333 30.3 5.3570224301 2.8666666667 6.45
NaN NaN NaN NaN 7 7.65 7.35 7.35 7.35 9.95 7.35 7.75 7.95 7.85 6.85 6.35 NaN NaN NaN NaN NaN NaN NaN NaN NaN NaN NaN NaN NaN NaN NaN NaN NaN NaN NaN NaN NaN NaN 6.45 6.35 6.95 5.95 6.05 30.2380952381 3.1 6.65 6.55 7.3108185325 9.65 6.85 11.0084518793 24.6 8.0084518793 12.6134491708 13.6635231517 30.5 30.3 7.05 9.75 7.05 7.05 6.95 7.25 6.95 6.85 6.85 7.05 7.05 6.35 7.3111111111 1.9333333333 5.95 6.45 6.6761904762 3.5761904762
NaN NaN NaN NaN NaN NaN 7.35 7.35 7.35 3 7.45 7.35 7.45 7.65 NaN NaN NaN NaN NaN NaN 5.3 NaN NaN NaN NaN NaN NaN 7.15 7.15 NaN NaN NaN NaN NaN NaN NaN NaN NaN 6.35 6.15 6.75 5.95 5.95 6.55 6.75 7 6.15 6.25 6.55 6.85 25.3969040394 21.19071197 21.8666666667 30.5761904762 10.5777777778 7.35 12.25 6.1 9.65 6.85 30.0188440482 4.486310514 7.25 6.85 5.19071197 18.5380712638 13.3101516281 10.3716618094 6.6761904762 6.55 6.65 30.0384487607 4.1094922192 1.2777777778 6.85
NaN NaN NaN NaN NaN NaN NaN NaN 7.35 7.35 7.45 7.45 7.35 NaN 10.05 NaN NaN 7.65 NaN 5.2 5.2 NaN NaN NaN NaN NaN 7.15 7.05 7.25 NaN NaN NaN NaN NaN NaN NaN NaN NaN 6.05 12.2555555556 6.05 6.05 6.35 6.25 6.45 6.55 6.35 6.55 10.5 6.45 15.0166666667 30.3111111111 30.2570224301 30.647996552 30.5681050248 5.5081667897 30.6477647286 14.7 7.25 7.15 12.05 6.85 7.15 5.2941262079 4.5245006541 6.95 7.05 8.6237619586 6.0777777778 1.4635231517 1.3450715499 6.85 6.45 5.95 6.85
NaN NaN NaN NaN NaN NaN NaN NaN NaN NaN NaN NaN 7.35 7.65 27.55 30.35 5.6 NaN NaN 5.3 5.5 5.7 5.6 10.25 NaN 7.25 7.25 7.15 9.55 6.85 NaN NaN NaN NaN NaN NaN NaN NaN 6.05 15.2555555556 6.05 5.95 6.25 6.25 6.45 6.45 17.8 7.15 1.3 30.0635231517 11.0726779369 6.6333333333 30.1333333333 30.4666666667 8.9537203881 3.8267895821 30.498142394 6.5108185325 6.95 3.2 30.5 9.6710636516 7.65 4.0091218061 12.7375594364 7.05 12.15 5.9694840324 6.55 6.15 6.15 6.25 6.45 6.55 6.3
NaN NaN NaN NaN NaN NaN NaN NaN NaN NaN NaN NaN NaN 7.25 7.55 7.45 5.3 NaN 5.2 5.3 5.3 5.1 5.8 7.85 17.75 17.5 7.25 6.75 9.85 14.55 6.75 NaN NaN NaN NaN NaN NaN NaN NaN NaN NaN NaN NaN NaN 6.25 6.65 8.8 7.55 10.3 4.14984391 30.5513641714 16.6666666667 30.3 3.3 12.0333333333 12.15 4.0333333333 7.45 7.65 7.65 7.35 9.95 12.0165163336 7.05 7.05 7.25 6.45 7.4192754236 9.9188440482 6.35 6.35 6.05 6.15 3.9 6.25
NaN NaN NaN NaN NaN NaN NaN NaN NaN 6.95 22.25 7.15 6.95 6.85 7.35 7.35 5 5.2 5.4 5.2 5.2 5.4 5 5.2 4.65 8.1 7.05 6.95 6.95 6.95 6.95 NaN NaN NaN NaN NaN NaN NaN NaN NaN NaN NaN NaN NaN NaN 7.25 17.8 7.55 9.2 15.8289342698 7.05 14.2205792798 6.85 6.75 4.3333333333 5.8537203881 7.05 7.05 28.8 7.75 10.35 7.25 6.4564102564 7.05 30.4666666667 21.5 2.0084518793 1.5901371761 6.65 1.3067245426 6.45 5.8 3 6.15 6.25
NaN NaN NaN NaN NaN NaN NaN NaN NaN 6.95 9.8 7.45 7.45 7.25 9.75 7.15 5.5 5.4 5.1 5.7 5.6 5.3 5.2 5.25 4.65 8 12.05 30.3 6.05 6.05 5.2 NaN NaN NaN NaN NaN NaN NaN NaN NaN NaN NaN NaN NaN 7.15 7.25 30.5 12.55 3.6 30.5002805931 7.15 17.25 14.5703703704 4.31898463 7.0333333333 6.95 30.35 7.65 7.55 7.85 6.4 6.95 1.4242242458 6.85 7.35 7.25 5.2666666667 1.6716618094 6.45 3.2484520197 3 5.8 11.2 6.25 6.35
NaN NaN NaN NaN NaN NaN NaN NaN NaN 7.45 7.35 7.55 7.55 7.35 7.55 5.3 5.2 5 4.6 5.6 5.3 7.8 5.05 4.55 7.1 6.95 5.1 6.25 6.15 6.15 NaN NaN NaN NaN NaN NaN NaN NaN NaN NaN NaN NaN NaN NaN 7.55 9.65 7.15 9.65 6.95 7.15 9.85 7.25 7.05 1.5622501134 17.478511354 22.2333333333 7.25 30.2333333333 30.4222222222 7.85 6.4 30.45 7.05 7.15 7.05 7.15 30.3333333333 6.85 6.55 8.5094922192 6.65 3.2 6.45 7.35 4.1
NaN NaN NaN NaN NaN NaN NaN NaN NaN 7.45 7.55 7.55 9.95 7.45 5.3 5.3 4.9 5.2 5.2 5.2 5.45 5.25 4.55 4.65 7.2 5.2 6.15 6.15 6.05 6.15 NaN NaN NaN NaN NaN NaN NaN NaN NaN NaN NaN NaN NaN NaN NaN 1 7.05 7.35 7.25 6.85 6.75 7.55 7.25 1.5703703704 4.5333333333 7.05 7.8666666667 7.75 10.35 9.8 3.9 11.4 7.05 4.0108185325 6.95 6.85 6.95 9.5333333333 19.9666666667 6.45 5.9660289775 7.25 6.35 7.35 7.55
NaN NaN NaN NaN NaN NaN NaN NaN NaN 5.5 4.9 5.1 5.3 5.7 6.2 3.8 5 5.1 5.35 5.25 5.35 4.65 5.25 5.55 19.9 6.25 6.35 6.15 NaN NaN NaN NaN NaN NaN NaN NaN NaN NaN NaN NaN NaN NaN NaN NaN NaN NaN NaN 6.85 7.15 7.05 9.55 10.3 1.3380952381 1.3703703704 1.9333333333 6.95 6.95 1.3615508071 1.335702243 7.95 16.75 10.3 17.25 7.25 13.6450715499 9.65 6.75 9.4333333333 4.978511354 6.65 6.55 7.25 17.45 7.65 12.45
NaN NaN NaN NaN NaN NaN NaN NaN 5.6 5.9 5.1 5.3 5.3 5.25 5.75 5.45 5.45 5.25 5.45 5.35 5.35 5.65 5.25 5.15 5.65 6.05 6.05 6.15 NaN NaN NaN NaN NaN NaN NaN NaN NaN NaN NaN NaN NaN NaN NaN NaN NaN NaN NaN NaN NaN 7.05 1.1 6.85 7.5374901471 1.4681050248 7.2084518793 1 6.85 6.75 6.75 7.95 7.75 30.35 16.5 6.65 6.95 7.15 7.05 6.95 30.6 7.05 7.65 7.65 7.45 3.6 1
NaN NaN NaN NaN NaN NaN NaN NaN 8.15 13.25 7.65 5.3 30.4 5.65 5.45 5.45 5.35 5.35 5.35 5.35 5.25 5.15 5.65 5.35 5.35 6.65 6.15 6.25 NaN NaN NaN NaN NaN NaN NaN NaN NaN NaN NaN NaN NaN NaN NaN NaN NaN NaN NaN NaN NaN 6.65 6.85 6.65 1.3635231517 7.85 30.2453558739 30.1333333333 6.178511354 1.4969040394 1.298142394 10.35 15.45 7.95 3.2 6.55 7.35 7.55 7.05 7.25 30.59071197 30.4333333333 12.8666666667 4.1533326691 11.5450715499 1.3 7.25
NaN NaN NaN NaN NaN NaN NaN NaN 30.25 7.95 7.75 12.65 10.2 7.6 5.85 5.55 5.35 5.15 5.25 5.15 5.15 5.45 5.45 5.45 5.55 3.9 6.15 6.55 NaN NaN NaN NaN NaN NaN NaN NaN NaN NaN NaN NaN NaN NaN NaN NaN NaN NaN NaN NaN NaN 7.2108185325 3.9618913743 7.25 4.1134491708 6.95 4.2666666667 7.1540925512 6.3 6.95 4.1615508071 1.335702243 7.95 8.05 5.6 6.85 10.35 7.85 7.65 8.15 7.95 7.85 7.75 7.25 7.35 9.85 12.25
NaN NaN NaN NaN NaN NaN NaN NaN 7.75 10.25 7.35 10.2 7.5 7.4 5.55 5.35 5.45 5.35 5.55 5.35 5.45 5.35 5.05 5.75 5.15 4 4.4 6.65 6.55 NaN NaN NaN NaN NaN NaN NaN NaN NaN NaN NaN NaN NaN NaN NaN NaN NaN NaN NaN NaN NaN 7.25 7.55 7.25 17.85 7.55 6.75 5.2666666667 6.85 4.2615508071 8.15 7.75 28.35 6.95 3.1 7.15 16.1 7.85 7.75 7.85 7.85 3.7 6.9084518793 1.4928371643 7.35 7.45
NaN NaN NaN NaN NaN NaN NaN NaN NaN 7.65 7.5 7.5 6.7 5.45 5.35 5.25 5.25 5.45 5.35 7.1 5.35 5.25 5.25 5.55 5.25 4.2 4.3 6.55 6.55 NaN NaN NaN NaN NaN NaN NaN NaN NaN NaN NaN NaN NaN NaN NaN NaN NaN NaN NaN NaN NaN NaN 7.55 7.45 7.85 1.9084518793 7.65 6.75 6.95 6.3923526966 8.05 10.35 20.65 7.85 30.05 8.35 7.85 7.95 12.75 7.85 12.75 10.15 3.7570224301 12.45 1.4333333333 3.9345325216
NaN NaN NaN NaN NaN NaN NaN NaN NaN NaN NaN 7.4 7.8 5.35 5.65 5.35 5.25 5.15 5.45 3.7 5.15 5.15 5.65 5.35 5.45 4.4 4.3 4.3 NaN NaN NaN NaN NaN NaN NaN NaN NaN NaN NaN NaN NaN NaN NaN NaN NaN NaN NaN NaN NaN NaN NaN 8.9590193633 12.85 7.55 7.65 7.55 7.65 9.0635231517 4.2222222222 1.6 7.95 10.35 8.05 8.15 7.85 7.75 7.75 7.85 7.65 1.4726779369 1.7666666667 7.75 8.05 7.55 7.45
NaN NaN NaN NaN NaN NaN NaN NaN NaN NaN NaN NaN NaN 5.45 5.55 5.35 5.45 5.35 5.65 7.1 5.25 NaN NaN NaN NaN NaN NaN NaN NaN NaN NaN NaN NaN NaN NaN NaN NaN NaN NaN NaN NaN NaN NaN NaN NaN NaN NaN NaN NaN NaN NaN 1.4969040394 20.25 7.75 7.65 7.55 1.2202728564 16.4021130107 8.8 8.05 8.15 8.15 10.45 7.65 23.8 12.85 7.65 7.95 30.15 7.85 7.15 6.95 12.85 7.75 6.55
NaN NaN NaN NaN NaN NaN NaN NaN NaN NaN NaN NaN NaN NaN 5.35 7 5.35 5.45 5.25 5.25 NaN NaN NaN NaN NaN NaN NaN NaN NaN NaN NaN NaN NaN NaN NaN NaN NaN NaN NaN NaN NaN NaN NaN NaN NaN NaN NaN NaN NaN NaN NaN 7.25 7.65 7.65 7.75 7.55 25.15 6.95 7.15 30.35 7.95 7.85 1.1 7.65 30.65 17.85 7.75 7.85 12.85 7.85 7.65 6.81898463 7.05 11.478511354 6.55
NaN NaN NaN NaN NaN NaN NaN NaN NaN NaN NaN NaN NaN NaN 5.35 5.15 5.25 5.45 NaN NaN NaN NaN NaN NaN NaN NaN NaN NaN NaN NaN NaN NaN NaN NaN NaN NaN NaN NaN NaN NaN NaN NaN NaN NaN NaN NaN NaN NaN NaN NaN NaN NaN NaN NaN 7.75 7.65 10.35 25.45 4 30.8 7.85 12.95 3.8 7.85 7.65 7.75 7.65 7.85 10.35 7.95 3.9758686137 12.75 7.05 3.7 11.0856743286
NaN NaN NaN NaN NaN NaN NaN NaN NaN NaN NaN NaN NaN NaN 5.25 5.15 5.25 NaN NaN NaN NaN NaN NaN NaN NaN NaN NaN NaN NaN NaN NaN NaN NaN NaN NaN NaN NaN NaN NaN NaN NaN NaN NaN NaN NaN NaN NaN NaN NaN NaN NaN NaN 7.55 7.55 6.85 7.25 3.9 4.2 30.3 7.75 30.4 7.75 10.35 7.95 7.75 17.75 7.75 1.3 7.65 7.65 8.15 10.35 23.05 7.85 11.0570224301
NaN NaN NaN NaN NaN NaN NaN NaN NaN NaN NaN NaN NaN NaN NaN NaN NaN NaN NaN NaN NaN NaN NaN NaN NaN NaN NaN NaN NaN NaN NaN NaN NaN NaN NaN NaN NaN NaN NaN NaN NaN NaN NaN NaN NaN NaN NaN NaN NaN NaN NaN NaN 7.75 7.85 1.2 24.85 6.6 30.15 3.9 7.85 7.95 3.9 1.3 7.95 7.85 7.75 7.85 7.95 7.75 7.85 7.85 28.15 7.65 4.3666666667 7.85
NaN NaN NaN NaN NaN NaN NaN NaN NaN NaN NaN NaN NaN NaN NaN NaN NaN NaN NaN NaN NaN NaN NaN NaN NaN NaN NaN NaN NaN NaN NaN NaN NaN NaN NaN NaN NaN NaN NaN NaN NaN NaN NaN NaN NaN NaN NaN NaN NaN NaN NaN NaN NaN NaN NaN NaN NaN NaN NaN NaN NaN NaN 7.55 7.85 7.55 7.75 7.65 7.75 10.25 7.55 7.65 7.85 7.65 1.5267895821 9.3084518793
