Outfile_1.asc
NCOLS 201
NROWS 151
XLLCORNER 730592.938286
YLLCORNER 2561222.529137
CELLSIZE 145.176046
NODATA_VALUE NaN
[rows 0 to 32 of 151, columns 75 to 149 of 201]
NaN NaN NaN NaN NaN NaN NaN NaN NaN NaN NaN NaN NaN NaN NaN NaN NaN NaN NaN NaN NaN NaN NaN NaN NaN NaN NaN NaN NaN NaN NaN NaN NaN NaN NaN NaN NaN NaN NaN NaN NaN NaN NaN NaN NaN NaN NaN NaN NaN NaN NaN NaN NaN NaN NaN NaN NaN NaN NaN NaN NaN NaN NaN NaN NaN NaN NaN NaN NaN NaN NaN NaN NaN NaN NaN
NaN NaN NaN NaN NaN NaN NaN NaN NaN NaN NaN NaN NaN NaN NaN NaN NaN NaN NaN NaN NaN NaN NaN NaN NaN NaN NaN NaN NaN NaN NaN NaN NaN NaN NaN NaN NaN NaN NaN NaN NaN NaN NaN NaN NaN NaN NaN NaN NaN NaN NaN NaN NaN NaN NaN NaN NaN NaN NaN NaN NaN NaN NaN NaN NaN NaN NaN NaN NaN NaN NaN NaN NaN NaN NaN
NaN NaN NaN NaN NaN NaN NaN NaN NaN NaN NaN NaN NaN NaN NaN NaN NaN NaN NaN NaN NaN NaN NaN NaN NaN NaN NaN NaN NaN NaN NaN NaN NaN NaN NaN NaN NaN NaN NaN NaN NaN NaN NaN NaN NaN NaN NaN NaN NaN NaN NaN NaN NaN NaN NaN NaN NaN NaN NaN NaN NaN NaN NaN NaN NaN NaN NaN NaN NaN NaN NaN NaN NaN NaN NaN
NaN NaN NaN NaN NaN NaN NaN NaN NaN NaN NaN NaN NaN NaN NaN NaN NaN NaN NaN NaN NaN NaN NaN NaN NaN NaN NaN NaN NaN NaN NaN NaN NaN NaN NaN NaN NaN NaN NaN NaN NaN NaN NaN NaN NaN NaN NaN NaN NaN NaN NaN NaN NaN NaN NaN NaN NaN NaN NaN NaN NaN NaN NaN NaN NaN NaN NaN NaN NaN NaN NaN NaN NaN NaN NaN
NaN NaN NaN NaN NaN NaN NaN NaN NaN NaN NaN NaN NaN NaN NaN NaN NaN NaN NaN NaN NaN NaN NaN NaN NaN NaN NaN NaN NaN NaN NaN NaN NaN NaN NaN NaN NaN NaN NaN NaN NaN NaN NaN NaN NaN NaN NaN NaN NaN NaN NaN NaN NaN NaN NaN NaN NaN NaN NaN NaN NaN NaN NaN NaN NaN NaN NaN NaN NaN NaN NaN NaN NaN NaN NaN
NaN NaN NaN NaN NaN NaN NaN NaN NaN NaN NaN NaN NaN NaN NaN NaN NaN NaN NaN NaN NaN NaN NaN NaN NaN NaN NaN NaN NaN NaN NaN NaN NaN NaN NaN NaN NaN NaN NaN NaN NaN NaN NaN NaN NaN NaN NaN NaN NaN NaN NaN NaN NaN NaN NaN NaN NaN NaN NaN NaN NaN NaN NaN NaN NaN NaN NaN NaN NaN NaN NaN NaN NaN NaN NaN
NaN NaN NaN NaN NaN NaN NaN NaN NaN NaN NaN NaN NaN NaN NaN NaN NaN NaN NaN NaN NaN NaN NaN NaN NaN NaN NaN NaN NaN NaN NaN NaN NaN NaN NaN NaN NaN NaN NaN NaN NaN NaN NaN NaN NaN NaN NaN NaN NaN NaN NaN NaN NaN NaN NaN NaN NaN NaN NaN NaN NaN NaN NaN NaN NaN NaN NaN NaN NaN NaN NaN NaN NaN NaN NaN
NaN NaN NaN NaN NaN NaN NaN NaN NaN NaN NaN NaN NaN NaN NaN NaN NaN NaN NaN NaN NaN NaN NaN NaN NaN NaN NaN NaN NaN NaN NaN NaN NaN NaN NaN NaN NaN NaN NaN NaN NaN NaN NaN NaN NaN NaN NaN NaN NaN NaN NaN NaN NaN NaN NaN NaN NaN NaN NaN NaN NaN NaN NaN NaN NaN NaN NaN NaN NaN NaN NaN NaN NaN NaN NaN
NaN NaN NaN NaN NaN NaN NaN NaN NaN NaN NaN NaN NaN NaN NaN NaN NaN 11.8 9.8 NaN NaN NaN NaN NaN NaN NaN NaN NaN NaN NaN NaN NaN NaN NaN NaN NaN NaN NaN NaN NaN NaN NaN NaN NaN NaN NaN NaN NaN NaN NaN NaN NaN NaN NaN NaN NaN NaN NaN NaN NaN NaN NaN NaN NaN NaN NaN NaN NaN NaN NaN NaN NaN NaN NaN NaN
NaN NaN NaN NaN NaN NaN NaN NaN NaN NaN NaN NaN NaN NaN NaN NaN 10.85 8.2 9.85 NaN NaN NaN NaN NaN NaN NaN NaN NaN NaN NaN NaN NaN NaN NaN NaN NaN NaN NaN NaN NaN NaN NaN NaN NaN NaN NaN NaN NaN NaN NaN NaN NaN NaN NaN NaN NaN NaN NaN NaN NaN NaN NaN NaN NaN NaN NaN NaN NaN NaN NaN NaN NaN NaN NaN NaN
NaN NaN NaN NaN NaN NaN NaN NaN NaN NaN NaN NaN NaN NaN 9.55 15.25 8.9 8.6 8.8 NaN NaN NaN NaN NaN NaN NaN NaN NaN NaN NaN NaN NaN NaN NaN NaN NaN NaN NaN NaN NaN NaN NaN NaN NaN NaN NaN NaN NaN NaN NaN NaN NaN NaN NaN NaN NaN NaN NaN NaN NaN NaN NaN NaN NaN NaN NaN NaN NaN NaN NaN NaN NaN NaN NaN NaN
NaN NaN NaN NaN NaN NaN NaN NaN NaN NaN NaN NaN 8.9 8.85 8.2 8.05 10.35 10.2 9.3 8.2 NaN NaN NaN NaN NaN NaN NaN NaN NaN NaN NaN NaN NaN NaN NaN NaN NaN NaN NaN NaN NaN NaN NaN NaN NaN NaN NaN NaN NaN NaN NaN NaN NaN NaN NaN NaN NaN NaN NaN NaN NaN NaN NaN NaN NaN NaN NaN NaN NaN NaN NaN NaN NaN NaN NaN
NaN NaN NaN NaN NaN NaN NaN NaN NaN 8.5 12.05 9.2 10.7 14.5 9.8 8.65 7.9 8.9 7.45 7.35 NaN NaN NaN NaN NaN NaN NaN NaN NaN NaN NaN NaN NaN NaN NaN NaN NaN NaN NaN NaN NaN NaN NaN NaN NaN NaN NaN NaN NaN NaN NaN NaN NaN NaN NaN NaN NaN 7.35 NaN 8.35 NaN NaN NaN NaN NaN NaN NaN NaN NaN NaN NaN NaN NaN NaN NaN
NaN NaN NaN NaN NaN NaN NaN NaN NaN 9.4 8.15 10.25 10.3 8.2 8.7 8.7 9 13.1 8.4 9.5 NaN NaN NaN NaN NaN NaN NaN NaN NaN NaN NaN NaN NaN NaN NaN NaN NaN NaN NaN NaN NaN NaN NaN NaN NaN NaN NaN NaN NaN NaN NaN 10.6 9.9 16.55 7.15 8.8 7.7 7.6 8.05 8.05 5.15 9.4 NaN NaN NaN NaN NaN NaN NaN NaN NaN NaN NaN NaN NaN
NaN NaN NaN NaN NaN NaN NaN NaN 10.95 8.8 8.75 8.75 11.8 12.75 11.65 9.6 8.3 8.7 9.1 8.25 10.05 NaN NaN NaN NaN NaN NaN NaN NaN NaN NaN NaN NaN NaN NaN NaN NaN NaN NaN NaN NaN NaN NaN NaN NaN NaN NaN NaN NaN NaN NaN 9.85 8.1 10.9 7.85 11.7 8.15 7.45 16.95 7.45 10.6 7.5 9.55 NaN NaN NaN NaN NaN NaN NaN NaN NaN NaN NaN NaN
NaN NaN NaN NaN NaN NaN NaN 8.65 10.5 7.75 7.9 8.15 7.25 7.7 9.4 10.3 10 8.5 7.95 8.05 6.85 NaN NaN NaN NaN NaN NaN NaN NaN NaN NaN NaN NaN NaN NaN NaN NaN NaN NaN NaN NaN NaN NaN NaN NaN NaN NaN NaN NaN NaN 7.8 13 15.75 8.55 27.6 13.85 9.15 10.15 10.4 7.75 27 8.05 9.15 NaN NaN NaN NaN NaN NaN NaN NaN NaN NaN NaN NaN
NaN NaN NaN NaN NaN 8.65 8.95 13 9.65 30.05 7.5 7.9 7.85 7.45 9.05 8.3 7.55 7.6 9 8.5 8.5 7.8 NaN NaN NaN NaN NaN NaN 8.75 NaN NaN NaN NaN NaN NaN NaN NaN NaN NaN NaN NaN NaN NaN NaN NaN NaN NaN NaN NaN NaN 7.75 8.5 8.25 7.95 9.15 9.8 7.85 8.6 7.8 7.6 8.2 8.85 8.8 7.45 NaN NaN NaN NaN NaN NaN NaN NaN NaN NaN NaN
5.75 NaN NaN 30.15 16.45 30.1 12.5 14 19.9 30 9.65 7.95 7.75 8.85 7.45 9.3 7.3 7.4 8.4 28.35 8.6 8 NaN NaN NaN NaN NaN NaN 3.2166666667 7.85 7.95 NaN NaN NaN NaN NaN NaN NaN NaN NaN NaN NaN NaN NaN NaN NaN NaN NaN NaN NaN 12.95 3.55 10.15 12.25 11.6 11.7 11.1 8.95 10.7 8.55 11.9618913743 9.55 7.8 8.15 NaN NaN NaN NaN NaN NaN NaN NaN NaN NaN NaN
7.75 7.4 9.9 14 10.15 9.9 12.1 13.05 8 25.3 9.45 8.7 8.2 7.4 7.25 7.8 7.5 8.8 8 8.15 13.25 18.85 9.25 7.75 NaN NaN NaN NaN 6.5703703704 6.9833333333 11.9 8.6 7.95 9 8.15 13.2 NaN NaN NaN NaN NaN NaN NaN NaN NaN NaN NaN NaN NaN NaN NaN 10 8.9 12.8 20.45 9.85 13.8 8.65 9.25 8.65 8.75 9.75 22.828511354 10.25 7.55 NaN NaN NaN NaN NaN NaN NaN NaN NaN NaN
8.8 12.45 11.55 7.85 22.3 11.45 10.05 8.95 8.9 20.6 7.35 9.4 7.3 8 7.35 11.65 8.15 8.25 8.95 7.55 7.55 7.6 8.65 8.1 9.7 10.15 18.55 11.35 9.85 9.15 9.85 17.65 10.85 12.6 8.55 15.15 9.8 8.65 NaN NaN NaN NaN NaN NaN NaN NaN NaN NaN NaN NaN 8.8 9.3 10.6 11.3 8.05 8.6 8.6 8.1757618163 8.1 11.75 8.1 8.9 8.65 6.2040925512 NaN NaN NaN NaN NaN NaN NaN NaN NaN NaN NaN
10.75 17.7 30.2 8.1 8.45 8.95 9.3 8.75 7.95 10.05 8.35 8.2 17.4 7.85 10.25 9 10.65 10.8 9.35 8.1 8.55 8.5 13.95 9.65 8.7 8.95 7.95 11.7 12.4 10.8 15.2 8.95 8.75 10.9 14.5 9.25 28.7 12.45 10.25 30 7.8 NaN NaN NaN NaN NaN 8.55 NaN 10 9.4 17.05 9.85 8.7 30.05 6.65 7.95 7.95 13.7 9.55 11.3 8.5 12.4 7.55 NaN NaN NaN NaN NaN NaN NaN NaN NaN NaN NaN NaN
7.15 6.95 17 8.8 10.55 9.2 9.9 8.2 8.1 9 7.65 8.3 7.6 8.1 7.75 8.35 8.1 9.2 8.5 7.9 7.7 12.6 10.65 11.9 12.2 9.35 8.1 8.75 12.95 7.7666666667 7.6 25.8833333333 13.9703703704 10.7 6 8.75 19.6 8.75 8.8 7.85 8.5 8.55 10.55 7.35 7.85 8.45 8.35 11.35 8.25 8.6 9.1 8 7.6 7.9 8.65 8 8.35 10.05 8.15 8 8.25 9 9.95 10.2 8.75 NaN NaN NaN NaN NaN NaN NaN NaN NaN NaN
7.15 7.1 7.65 9.2 9.6 8.5 7.3 7.9 10.65 28.15 7.35 10.05 7.55 7.95 7.65 7.5 12.35 9.85 11.85 8.65 8.1 7.55 7.85 10.4 9.3 8.05 7.55 9.05 11.2513641714 2.5666666667 7.4 11.3833333333 7.65 7.7 7.65 9.05 7.8 11.25 11.15 7.9 10.95 9.65 30.05 16.45 30.15 13.9 9.4 9.8 9.15 10.6 15.05 7.8 6.1289342698 12.8 6.3884487607 9.55 9.5 12.25 8.7 9.7 7.65 7.7 8.65 7.35 7.85 10.55 7.35 7.6 8.75 8.25 5.2 9.2 8.25 9.6 NaN
6.9 7 6.85 7.2 6.55 7.9 7.8 7.1 7.45 8.1 7.5 8.95 7.7 9.85 8.7 11.05 8.1 11.9 10.15 10.6 9.1 7.55 7.3 7.35 7.15 6.75 6.9 9.8380952381 18.9203703704 7.8 5.05 7.5 30.1013641714 8.8 30.1 7.9 7.4 7.5 8.95 5.55 30.25 16.6 9.3 24.65 7.35 16.8 8.4 8.85 8.35 8.45 26.3002805931 9.85 8.95 8.75 11.1 14.7040925512 10.05 7.5 9.65 8.15 8.25 8.2 7.8 7.55 7.35 9.1 7.55 8.8 7.85 8.45 8 8.2 7.65 8.6 7.5
6.8 6.9 6.95 6.75 6.5 7 8.9 8.25 30.35 7.7 9.1 8 10 9.8 9.2 30.55 7.8 7.6 6.65 17.4 8.3 7.3 8 10.1 7.85 14.95 18.9 7.15 7.1 8 7.3 7.9 11.2333333333 7.55 10.1 9.55 29.25 8.9 11.2 10.6 13.9579244652 10.6989137706 12.7 16.8129588438 15.45 26.75 9.55 7 5.35 6.9 8.35 10 7.4 19.4745006541 10.8 14.9833333333 7.85 9.36898463 8.6 8.05 8.15 8.15 10.65 7.45 7.7 7.4 8.15 8 9.55 8 8.25 7.55 8.45 8.6 NaN
6.5 6.65 6.65 6.65 5.25 30.2 NaN 7.1 17.8 21.9 30.5 8.15 8.65 7.7 9.05 7.3 9.5 7.9 7.3 7.95 7.9 8.55 7.873998276 23.4277777778 7.2 12.6777777778 15.2777777778 7.7 8.9 7.25 8 9.25 9.35 8.15 12.1564102564 7.5 7.55 9.3 10.15 9.75 8.95 6.4185127644 7.0491289 15.048142394 8.3 10.95 7.35 15.95 18.65 9.85 11 7.95 23.0540925512 6.5 8.8 8.2 10.1 8.8 12.3 11.45 7.4 8.75 7.8 8.6 7.95 7.75 7.7 7.3 10.55 7.7 8.3 7.6 8 7.45 NaN
6.45 6.2 6.7 5.8 6.35 NaN 7 NaN 7.35 30.1222222222 21.5789342698 9.6 9.3 7.5 30.073998276 7.15 5.703030303 9 8 7.05 8.95 7.2 7.15 15.3761904762 7.25 7.9761904762 19.2261904762 22.2945644158 19.4708182626 10.647178591 7.45 3.5 7.2117382165 6.4166666667 30.0166666667 6.2714045971 8 8.2 7.55 25.2930664066 22.0120225406 10.3547379305 10.3404286252 8.6211282852 20.1901371761 13.8594922192 9.35 10.1289342698 7.3 8 7.2 7.85 30.2333333333 7 7.65 8.3 8.65 8.9 13.6532369137 8.15 7.55 9.15 8.35 7.4 8.2 9 7.75 6.35 9.95 8.1 9 7.3 7.35 7.65 NaN
6.5 6.35 6.35 6.45 6.65 6.45 6.4 NaN 6.9 14.353030303 7.75 7.4333333333 21.8833333333 7.95 8.15 7.8 7.4 7.8770461645 9.95 9 6.1453558739 8.1 7.75 10.3611111111 6.3111111111 7.5611111111 8.1611111111 25.8109550211 15.0012482872 17.4277777778 24.8374258846 8.9580151505 17.22568603 10.3380983798 8.1833333333 30.2540925512 30.1611111111 8.2 11.75 9.95 7.75 7.9 10.7273928005 12.9921877893 3.5666666667 30.1122501134 7.5 7.65 8.25 6.8656866083 7.8 6.9 6.5 7.1 8.65 8.4 7.6 8.25 9.2 7.55 11.05 7.6 7.5 7.45 7.8 9.5 8.55 9.15 8.1 9.15 8.15 7.25 8.2 NaN NaN
6.75 6.85 6.85 6.65 6.45 6.55 6.35 6.2 5.7055555556 7.25 9.1 8.2 13.0666666667 2.1833333333 8.9 5.0111111111 7.75 8.2 13.2333333333 7.9 30.05 7.7 9.05 9.4666666667 11.5666666667 8.0666666667 7.1166666667 13.7200953027 15.7208927697 10.6620225406 14.7740453033 23.3840685946 16.6314757273 30.090057876 20.3333333333 6.75 8.9 7.1 7.05 21.5325157082 7.15 9.75 8.8 30.0575575791 30.1833333333 30.328511354 7.55 2.447996552 2.9585207206 5.4982350545 9.15 14.7493623108 7 6.95 7.35 3.4532369137 8.75 8.55 9.25 10.15 28.05 3.95 10.25 8.7 7.55 8.25 12.3 9.9 2.75 7.3 8.6 7.5 1.05 NaN NaN
8.9 7.05 6.9 6.6 28.6166666667 6.35 6.65 6.45 11.4333333333 21.7833333333 8.85 7.35 4.85 9 7.45 9.4666666667 8.2 7.75 9.8 8.35 8.5 9.4 30.1055555556 14.6261904762 8.3261904762 4.6761904762 6.8761904762 23.8019522925 11.7897640738 14.4745602819 18.2547379305 7 13.4612105808 4.9055555556 7.95 7.95 7.15 7.15 14.4523689097 19.2036979496 6.95 7.2 4.1600148419 8.7 5.1245006541 30.5166666667 30.2 9.05 9.4 6.3659705015 13.988708522 6.25 6.9 12.2737619586 7.4 7.45 7.65 7.6 8.7 29 7.4 21.2 7.8 8.3 7.75 8.6 8.05 11.75 8.15 8.2 7.85 5 NaN NaN NaN
4.0611111111 6.8 16.4611111111 6.25 16.9611111111 6.4 26.9111111111 11.9245006541 6.6 24.0333333333 7.2 12.4084518793 7.25 7.8 9.45 11.5261904762 12.3 10.4 8.65 12.1681050248 7.75 13.3094922192 7.7 8.15 6.1777777778 4.9277777778 8.1777777778 6.2777777778 7.8117382165 30.0458969948 14.7351191813 20.271584533 30.117305074 30.153030303 7.15 7.85 7.45 7.8 27.803030303 12.8797798013 19.4214285714 7 30.0137297639 15.0768601941 8.9634491708 12.6770461645 22.0953558739 10 8.95 19.0786892072 30.09071197 22.3627204931 6.85 6.9 8.2 5.65 5 9.2 9.3 10.8 9.2 7.95 7.5 8.2 7.8 8.25 8.1 30.15 7.7 7.8 7.6 7.6 7.45 NaN NaN
6.25 5.95 4.9666666667 5.7 4.3666666667 6.45 6.75 6.5 6.7 6.65 6.6 7.8 7.2 7 7.75 30.3347858837 8 9.75 10.25 8.4 7.2 8.6647188482 22.3583333333 8.6521130107 25.75 12.15 30.15 9.8694840324 8.25 9.35 19.4412609479 11.6055555556 11.353030303 18.7583333333 23.6583333333 28.1583333333 8.95 7.8 30.0277777778 8.3261904762 6.95 7.1 10.75 8.8277777778 5.0635231517 6.2594922192 7.95 18.75 21.6568038428 22.45 8 25.5802373727 6.9 16.7753443262 9 7.8 8.1 7.7 9 7.65 10.1 8.9 7.5 7.65 8.3 7.8 8.2 9.85 10.15 7.85 8 10.45 12.6 NaN NaN
6.4 6.35 6.1 5.6 5.6 5.55 6.15 6.45 6.25 6.75 6.35 6.7 7 7 7.3 20.3521130107 8.15 7.55 7.2 8.05 5.3 6.4 6.35 6.8 4.4 15.85 12.15 12.8777777778 8.6761904762 10.5 7.05 14.9469040394 7.0923526966 4.6047650464 12 7.05 7.8118913743 26.8833333333 13.3134491708 6.75 10.9666666667 23.5611111111 8.05 6.9277777778 28.9 3.5722222222 12.2594922192 13.0889532194 14.9853397564 22.0297003671 7.1 6.8 6.95 7 7.7 8.8 9.45 7.65 7.75 8.1 8.2 8.8 9.2 8.75 8.7 7.95 7.8 10.3 12.4 8.1 7.75 8.95 9.6 NaN NaN
