Outfile_2.asc
NCOLS 201
NROWS 151
XLLCORNER 730592.938286
YLLCORNER 2561222.529137
CELLSIZE 145.176046
NODATA_VALUE NaN
[rows 33 to 65 of 151, columns 0 to 73 of 201]
NaN NaN NaN NaN NaN NaN NaN NaN NaN NaN NaN NaN NaN NaN NaN NaN NaN NaN NaN NaN NaN NaN NaN NaN NaN NaN NaN NaN NaN NaN NaN NaN NaN NaN NaN NaN NaN NaN NaN NaN NaN NaN NaN NaN 7.9 9 7.8 8.75 15.9 10.9 7.55 7.7 7.15 6.85 8 7.4 9.3 7.8 30.3118913743 30.7615508071 26.2705792798 16.828511354 9.05 6.5 7.1 6.7 6.7 7.2 7.7 9.4 9.1661994504 10.3663880718 6.8 8.1660289775
NaN NaN NaN NaN NaN NaN NaN NaN NaN NaN NaN NaN NaN NaN NaN NaN NaN NaN NaN NaN NaN NaN NaN NaN NaN NaN NaN NaN NaN NaN NaN NaN NaN NaN NaN NaN NaN NaN NaN NaN NaN NaN NaN 8.05 12.25 7.7 16.2 8.35 8.55 8.45 7.15 7.2 6.55 7.1 9 9.9 7.4 9.25 9 9.15 7 14.1270461645 23.878511354 7.7 23.2333333333 30.1333333333 30.0517072729 7.25 7.8 7.8 6.9 6.75 6.8 9.3222222222
NaN NaN NaN NaN NaN NaN NaN NaN NaN NaN NaN NaN NaN NaN NaN NaN NaN NaN NaN NaN NaN NaN NaN NaN NaN NaN NaN NaN NaN NaN NaN NaN NaN NaN NaN NaN NaN NaN NaN NaN NaN NaN NaN 8 26.5 10.1 5.6 9.7 9.15 8.6 7.25 7.5 6.4 7.3 7.3 7.7 7.5 30.35 7.15 30.414274771 7.65 6.85 26.6705792798 30.2540925512 9.65 7.2 7.15 7.3 7.15 7.05 15.0827842464 8.547996552 16.1517858479 12.4717300308
NaN NaN NaN NaN NaN NaN NaN NaN NaN NaN NaN NaN NaN NaN NaN NaN NaN NaN NaN NaN NaN NaN NaN NaN NaN NaN NaN NaN NaN NaN NaN NaN NaN NaN NaN NaN NaN NaN NaN NaN NaN NaN NaN 30 22.1 15.15 12.8 6.9 7.9 8.65 8 7.5 7.5 6.9 8.3 9.5 8.35 30.3 30.45 19.95 8.55 7 7.45 13.1134491708 6.75 7.7 11.6384487607 17.3726779369 6.95 9.1833333333 9.6 7.25 16.2160289775 7.95
NaN NaN NaN NaN NaN NaN NaN NaN NaN NaN NaN NaN NaN NaN NaN NaN NaN NaN NaN NaN NaN NaN NaN NaN NaN NaN NaN NaN NaN NaN NaN NaN NaN NaN NaN NaN NaN NaN NaN NaN NaN NaN NaN 17.8 10.05 6.95 8.25 6.3 16.7 6.5 15.3 7.85 8.45 7.45 6.85 30.5 8.95 30.35 8.95 18.45 7.3 14.8 7.7828101159 6.95 8.9556550252 6.9 7.7 7.15 7.75 11.3 17.1 8 9.15 11.05
NaN NaN NaN NaN NaN NaN NaN NaN NaN NaN NaN NaN NaN NaN NaN NaN NaN NaN NaN NaN NaN NaN NaN NaN NaN NaN NaN NaN NaN NaN NaN NaN NaN NaN NaN NaN NaN NaN NaN NaN NaN NaN NaN NaN 12.5 23.75 7.4 9 8.65 9.1 10.7 11.65 11.85 8.05 7.55 8.1 30.1 30.4 10.8 30.2 8.8 7.55 7.9 12.9 7.8 6.85 7.1 15.6453558739 15.35 10.7084518793 19.9134491708 8.4 7.95 7.8
NaN NaN NaN NaN NaN NaN NaN NaN NaN NaN NaN NaN NaN NaN NaN NaN NaN NaN NaN NaN NaN NaN NaN NaN NaN NaN NaN NaN NaN NaN NaN NaN NaN NaN NaN NaN NaN NaN NaN NaN NaN NaN 6.6 6.85 6.7 6.85 7.5 23.05 24.6 8.75 8.5 8 8 30.1 26.9 9.3 13 30.2 15.45 7.1 6.95 2.6 7.2 3 7.85 6.75 9.15 6.55 6.5 6.9 7 7.95 30.3618913743 7.3
NaN NaN NaN NaN NaN NaN NaN NaN NaN NaN NaN NaN NaN NaN NaN NaN NaN NaN NaN NaN NaN NaN NaN NaN NaN NaN NaN NaN NaN NaN NaN NaN NaN NaN NaN NaN NaN NaN NaN NaN 3.75 11 5.1 8.35 5.15 7.65 12.65 9.85 7.75 25.2 8.2 12 8.65 7.5 12.9 20.35 4.55 7.1 7 10.25 5.7 7.65 16.3 30 6.05 6.55 6.85 6.3 6.45 6.15 7.2 8.75 7.8 30.4268182948
NaN NaN NaN NaN NaN NaN NaN NaN NaN NaN NaN NaN NaN NaN NaN NaN NaN NaN NaN NaN NaN NaN NaN NaN NaN NaN NaN NaN NaN NaN NaN NaN NaN NaN NaN NaN NaN NaN NaN 9.5 13.1 6.5 8 6.1 30.05 7 7.4 6.9 30.3 8.5 8.7 12.55 10.85 30.35 8.85 7.75 8.5 9.15 2.55 2.65 10.15 9.6 6.2 6.1 5.95 5.95 6.1 6.35 6.05 30.5356743286 8.5 7.2 23.8705792798 7.95
NaN NaN NaN NaN NaN NaN NaN NaN NaN NaN NaN NaN NaN NaN NaN NaN NaN NaN NaN NaN NaN NaN NaN NaN NaN NaN NaN NaN NaN NaN NaN NaN NaN NaN NaN NaN NaN NaN NaN 6.65 6.8 6.45 6.55 6.45 7.4 30.3 6.8 6.85 7.55 7.1 7 8.95 17.45 8.95 10.6 9.3 8.15 5.55 7.05 6.2 7.1 7.05 6.2 6 17.4 29.85 6.2 6.35 6.5 6.15 7.05 7.1 8.878511354 13.2392557464
NaN NaN NaN NaN NaN NaN NaN NaN NaN NaN NaN NaN NaN NaN NaN NaN NaN NaN NaN NaN NaN NaN NaN NaN NaN NaN NaN NaN NaN NaN NaN NaN NaN NaN NaN NaN NaN NaN NaN 7.2 11 6.95 6.5 6.55 7 19.7 24.8 6.45 7.15 7.4 7.2 11.35 6.95 7.4 9.6 6 30.45 15.1 6.35 24.6 9.2 10.15 6.05 6.25 6.5 7.1 6.45 7.2 5.95 6.3 9.9767895821 12.9356743286 30.0333333333 7
NaN NaN NaN NaN NaN NaN NaN NaN NaN NaN NaN NaN NaN NaN NaN NaN NaN NaN NaN NaN NaN NaN NaN NaN NaN NaN NaN NaN NaN NaN NaN NaN NaN NaN NaN NaN NaN NaN 7.45 8.75 7.75 8.6 7.3 6.75 6.9 7.2 8.9 7.85 7.35 7.3 7.3 7.9 8.85 6.9 7.3 13.7 7.15 6.9 7.1 6.55 13.95 6.9 7.9 7.55 6.1 14.75 6.4 6.3 6.25 6.1 23.3946277864 23.6767895821 30.1856743286 6.95
NaN NaN NaN NaN NaN NaN NaN NaN NaN NaN NaN NaN NaN NaN NaN NaN NaN NaN NaN NaN NaN NaN NaN NaN NaN NaN NaN NaN NaN NaN NaN NaN NaN NaN NaN NaN NaN NaN 12.65 10.25 7.9 9.5 9.55 8.25 6.95 9.1 7.3 7.95 14.15 7.8 7.05 7.3 7.1 7 7.15 8.2 7.35 21.8 6.25 13.6 6.7 30.45 5.55 6.25 5.75 6.2 20.2 6 14.8 6.9 6.95 6.7 6.6 9.7166666667
NaN NaN NaN NaN NaN NaN NaN NaN NaN NaN NaN NaN NaN NaN NaN NaN NaN NaN NaN NaN NaN NaN NaN NaN NaN NaN NaN NaN NaN NaN NaN NaN NaN NaN NaN NaN NaN NaN 7.6 8.9 7.8 10.05 9 8.8 8.05 7.75 7 8.8 8 6.8 7.6 9.7 6.75 8.3 7.7 9.8 9.9 8.15 6.4 13.4 30.45 22.7 30.25 12.15 29.55 6.2 5.9 6.35 7.65 6.8 6.85 19.4242242458 30.2946277864 17.5428371643
NaN NaN NaN NaN NaN NaN NaN NaN NaN NaN NaN NaN NaN NaN NaN NaN NaN NaN NaN NaN NaN NaN NaN NaN NaN NaN NaN NaN NaN NaN NaN NaN NaN NaN NaN NaN NaN NaN 9.8 7.9 8.2 9.65 10.2 9.85 11.25 7.1 7.15 9.4 7.2 6.95 7.4 9.25 6.9 19.25 7.2 7.15 6.25 6.75 30.3 30.25 8.3 19.7 6.3 15.45 16.2 30.15 6.8 7.8 6.8 8.55 18.5083333333 20.1583333333 30.285702243 12.3423526966
NaN NaN NaN NaN NaN NaN NaN NaN NaN NaN NaN NaN NaN NaN NaN NaN NaN NaN NaN NaN NaN NaN NaN NaN NaN NaN NaN NaN NaN NaN NaN NaN NaN NaN NaN NaN NaN NaN 8.2 9.75 10.55 10.15 8.35 8.1 30.55 22 7.4 7.35 8.4 10.25 8.25 30.25 7.65 8.15 8.35 8.3 15.8 6.8 11.6 14.2 8.4 7.65 17.0521130107 6.6 6.9 6.75 6.6 8.7777777778 8.7 7.95 15.703030303 30.053030303 13.153030303 6.35
NaN NaN NaN NaN NaN NaN NaN NaN NaN NaN NaN NaN NaN NaN NaN NaN NaN NaN NaN NaN NaN NaN NaN NaN NaN NaN NaN NaN NaN NaN NaN NaN NaN NaN NaN NaN NaN 9.8 8.8 11.1 8.45 9 7.65 13.45 8 10.1 10.75 7.95 30.4 30.3 30.2 7.5 7.1 7 8.6 16.75 23.2 6.65 6.45 26.0188440482 10.735702243 30.0564102564 15.8847858837 6.3 6.65 6.5666666667 7.4 19.1261904762 7.5 7.85 8.75 8.7 7.1 7.8
NaN NaN NaN NaN NaN NaN NaN NaN NaN NaN NaN NaN NaN NaN NaN NaN NaN NaN NaN NaN NaN NaN NaN NaN NaN NaN NaN NaN NaN NaN NaN NaN NaN NaN NaN NaN 10.05 12.35 7.85 8.9 10 14.4 8.1 7.7 12.2 8 18.9 8.25 30.15 7.3 7.55 30.6 7.45 7 7.3147188482 6.8 6.15 5.95 5.5347858837 7.7192754236 6.05 6.35 6 6.35 30.1584518793 8.65 7.8 11.5 11.15 8.2 8.95 23.3333333333 30.2333333333 27.0070224301
NaN NaN NaN NaN NaN NaN NaN NaN NaN NaN NaN NaN NaN NaN NaN NaN NaN NaN NaN NaN NaN NaN NaN NaN NaN NaN NaN NaN NaN NaN NaN NaN NaN NaN NaN 8.1 10.15 7.35 8.05 11.6 9.2 11.75 10 8.4 10.8 9.85 7.65 8.45 8.5 8.8 8 7.15 6.55 5.95 30.1094922192 5.5384487607 6.3726779369 10.2666666667 6.6761904762 12.7716618094 22.9953558739 9.1540925512 19.2166666667 30.1333333333 30.1 14.05 12.85 30.09071197 NaN NaN 7.7 7.4 30.4833333333 7.85
NaN NaN NaN NaN NaN NaN NaN NaN NaN NaN NaN NaN NaN NaN NaN NaN NaN NaN NaN NaN NaN NaN NaN NaN NaN NaN NaN NaN NaN NaN NaN NaN NaN NaN NaN 8.65 9.9 9.1 8.15 13.55 13.9 13.25 11.8 26.9579276146 9.15 9.55 10.9 10.3 13.95 25.3268601941 10 18.7401371761 7.8 9.1261904762 25.2055555556 9.8666666667 14.3333333333 9.0611111111 14.0666666667 12.4333333333 26.8 30.0833333333 28.09071197 6.3 8.2 7.35 7.4 7.5 NaN NaN NaN NaN 10.1 13.7666666667
NaN NaN NaN NaN NaN NaN NaN NaN NaN NaN NaN NaN NaN NaN NaN NaN NaN NaN NaN NaN NaN NaN NaN NaN NaN NaN NaN NaN NaN NaN NaN NaN NaN NaN NaN 10.2 8.65 11.4 17.55 17.25 14.9108185325 30.2399385949 18.65 15.1517858479 30.4816790289 17.7681050248 25.8634491708 8.9078685395 11.2 6.96898463 16.2166666667 30.3833333333 14.15 30.2666666667 28.1833333333 3.7 13.5833333333 5.2166666667 7.54071197 5.5245006541 6.8453558739 20.3055555556 21.9214045971 6.15 7.75 7.05 7.05 7.95 NaN NaN NaN NaN 3.4450715499 12.4564102564
NaN NaN NaN NaN NaN NaN NaN NaN NaN NaN NaN NaN NaN NaN NaN NaN NaN NaN NaN NaN NaN NaN NaN NaN NaN NaN NaN NaN NaN NaN NaN NaN NaN NaN NaN NaN 30.35 30.45 16.2 30.9450715499 24.1758686137 8.45 30.0542261031 8 10.25 8.7 14.3084518793 30.1245006541 30.628511354 10.55 16.5 7.9 10.6 18.8166666667 3.628511354 7.4745006541 4.6953558739 5.86898463 3.347996552 3.0578685395 3.9542261031 8.8384487607 30.0017858479 10.2 7.94984391 7.9 10.85 12.95 NaN NaN NaN NaN NaN NaN
NaN NaN NaN NaN NaN NaN NaN NaN NaN NaN NaN NaN NaN NaN NaN NaN NaN NaN NaN NaN NaN NaN NaN NaN NaN NaN NaN NaN NaN NaN NaN NaN NaN NaN NaN NaN NaN 30.4135231517 31.2094922192 30.5226779369 30.8376880965 30.5716618094 30.1745006541 10.3 8.75 30.5833333333 10.1 10 15.9 10.95 8.15 NaN NaN 9 7.1 21.5542261031 10.9615508071 15.0268601941 15.0517858479 12.373998276 5.853428636 4.9789342698 26.4108185325 18.05 9.25 8.95 9.4 11.6 8 NaN NaN NaN NaN NaN
NaN NaN NaN NaN NaN NaN NaN NaN NaN NaN NaN NaN NaN NaN NaN NaN NaN NaN NaN NaN NaN NaN NaN NaN NaN NaN NaN NaN NaN NaN NaN NaN NaN NaN NaN NaN NaN NaN 13.25 30.3453558739 26.4 9.4 10.05 13.75 30.0111111111 10.65 12.55 30.7555555556 21.55 13 NaN NaN NaN NaN 7.05 30.503428636 6.435702243 6.9702728564 9.2079276146 5 17.1 6.5 11.35 17.05 23.7 13.65 8.35 10.9 NaN NaN NaN NaN NaN NaN
NaN NaN NaN NaN NaN NaN NaN NaN NaN NaN NaN NaN NaN NaN NaN NaN NaN NaN NaN NaN NaN NaN NaN NaN NaN NaN NaN NaN NaN NaN NaN NaN NaN NaN NaN NaN NaN NaN NaN 9.1 14.8 10.1 14.75 9.75 8.1 19.85 11.75 30.8094922192 11.9 11.65 NaN NaN NaN NaN NaN 7.05 7.15 8.85 8.1 8.5 7.05 19.6 11.35 8.95 7.1 8.05 8.2 7.5 NaN NaN NaN NaN NaN NaN
NaN NaN NaN NaN NaN NaN NaN NaN NaN NaN NaN NaN NaN NaN NaN NaN NaN NaN NaN NaN NaN NaN NaN NaN NaN NaN NaN NaN NaN NaN NaN NaN NaN NaN NaN NaN NaN NaN NaN NaN 9.05 11.95 10.55 11.1 20.75 21.65 14.8 10.8 30.05 9.75 NaN NaN NaN NaN NaN 6.8 7.6 10.6 17.15 30.15 15.9 7.2 7.05 7 7.55 9.1 8.3 NaN NaN NaN NaN NaN NaN NaN
NaN NaN NaN NaN NaN NaN NaN NaN NaN NaN NaN NaN NaN NaN NaN NaN NaN NaN NaN NaN NaN NaN NaN NaN NaN NaN NaN NaN NaN NaN NaN NaN NaN NaN NaN NaN NaN NaN NaN NaN NaN 9.4 10.7 NaN NaN 11.6 17.5 9.65 30.3 NaN NaN NaN NaN NaN NaN 6.7 NaN 7.05 11.65 7.25 8.75 7.1 NaN 6.85 6.95 7.1 8.25 NaN NaN NaN NaN NaN NaN NaN
NaN NaN NaN NaN NaN NaN NaN NaN NaN NaN NaN NaN NaN NaN NaN NaN NaN NaN NaN NaN NaN NaN NaN NaN NaN NaN NaN NaN NaN NaN NaN NaN NaN NaN NaN NaN NaN NaN NaN NaN NaN NaN NaN NaN NaN 13.55 9.55 7.9 9.6 NaN NaN NaN NaN NaN NaN NaN NaN 6.75 7.05 7.35 6.95 NaN NaN NaN NaN 6.9 7.65 NaN NaN NaN NaN NaN NaN NaN
NaN NaN NaN NaN NaN NaN NaN NaN NaN NaN NaN NaN NaN NaN NaN NaN NaN NaN NaN NaN NaN NaN NaN NaN NaN NaN NaN NaN NaN NaN NaN NaN NaN NaN NaN NaN NaN NaN NaN NaN NaN NaN NaN NaN NaN NaN 8.5 NaN NaN NaN NaN NaN NaN NaN NaN NaN NaN NaN NaN NaN NaN NaN NaN NaN NaN 6.85 NaN NaN NaN NaN NaN NaN NaN NaN
NaN NaN NaN NaN NaN NaN NaN NaN NaN NaN NaN NaN NaN NaN NaN NaN NaN NaN NaN NaN NaN NaN NaN NaN NaN NaN NaN NaN NaN NaN NaN NaN NaN NaN NaN NaN NaN NaN NaN NaN NaN NaN NaN NaN NaN NaN NaN NaN NaN NaN NaN NaN NaN NaN NaN NaN NaN NaN NaN NaN NaN NaN NaN NaN NaN 6.75 NaN NaN NaN NaN NaN NaN NaN NaN
NaN NaN NaN NaN NaN NaN NaN NaN NaN NaN NaN NaN NaN NaN NaN NaN NaN NaN NaN NaN NaN NaN NaN NaN NaN NaN NaN NaN NaN NaN NaN NaN NaN NaN NaN NaN NaN NaN NaN NaN NaN NaN NaN NaN NaN NaN NaN NaN NaN NaN NaN NaN NaN NaN NaN NaN NaN NaN NaN NaN NaN NaN NaN NaN NaN NaN NaN NaN NaN NaN NaN NaN NaN NaN
NaN NaN NaN NaN NaN NaN NaN NaN NaN NaN NaN NaN NaN NaN NaN NaN NaN NaN NaN NaN NaN NaN NaN NaN NaN NaN NaN NaN NaN NaN NaN NaN NaN NaN NaN NaN NaN NaN NaN NaN NaN NaN NaN NaN NaN NaN NaN NaN NaN NaN NaN NaN NaN NaN NaN NaN NaN NaN NaN NaN NaN NaN NaN NaN NaN NaN NaN NaN NaN NaN NaN NaN NaN NaN
NaN NaN NaN NaN NaN NaN NaN NaN NaN NaN NaN NaN NaN NaN NaN NaN NaN NaN NaN NaN NaN NaN NaN NaN NaN NaN NaN NaN NaN NaN NaN NaN NaN NaN NaN NaN NaN NaN NaN NaN NaN NaN NaN NaN NaN NaN NaN NaN NaN NaN NaN NaN NaN NaN NaN NaN NaN NaN NaN NaN NaN NaN NaN NaN NaN NaN NaN NaN NaN NaN NaN NaN NaN NaN
