Outfile_3.asc
NCOLS 201
NROWS 151
XLLCORNER 730592.938286
YLLCORNER 2561222.529137
CELLSIZE 145.176046
NODATA_VALUE NaN
[rows 33 to 65 of 151, columns 0 to 73 of 201]
NaN NaN NaN NaN NaN NaN NaN NaN NaN NaN NaN NaN NaN NaN NaN NaN NaN NaN NaN NaN NaN NaN NaN NaN NaN NaN NaN NaN NaN NaN NaN NaN NaN NaN NaN NaN NaN NaN NaN NaN NaN NaN NaN NaN 7.7 9.2 12.9 17.65 14.55 8.25 12.85 13.8 7.3 7.85 8.15 7.9 8.6 10 17.6118913743 19.9825508071 6.6205792798 8.228511354 6.2 8.05 8.75 8.1 8.4 10.85 10 8.7 6.9161994504 5.8663880718 9.75 6.5160289775
NaN NaN NaN NaN NaN NaN NaN NaN NaN NaN NaN NaN NaN NaN NaN NaN NaN NaN NaN NaN NaN NaN NaN NaN NaN NaN NaN NaN NaN NaN NaN NaN NaN NaN NaN NaN NaN NaN NaN NaN NaN NaN NaN 8.6 9.1 10 10.9 8.6 7.4 10.9 11.55 8.45 7.2 7.1 8.6 14.15 11.55 19 9.1 13.65 7.5 6.3270461645 8.978511354 2.3 20.2513333333 20.2303333333 19.9877072729 10.25 13.45 9.35 7.95 9.9 7.1 6.1222222222
NaN NaN NaN NaN NaN NaN NaN NaN NaN NaN NaN NaN NaN NaN NaN NaN NaN NaN NaN NaN NaN NaN NaN NaN NaN NaN NaN NaN NaN NaN NaN NaN NaN NaN NaN NaN NaN NaN NaN NaN NaN NaN NaN 9.65 5.1 11.05 5.4 1.95 1.8 2.4 16.75 7.15 7.05 7.1 12.85 7.65 11.15 19.928 9.4 6.364274771 8.1 8.3 15.1205792798 19.9420925512 11.75 9.7 9 16.2 9.3 9.1 19.9327842464 5.697996552 14.9517858479 19.9307300308
NaN NaN NaN NaN NaN NaN NaN NaN NaN NaN NaN NaN NaN NaN NaN NaN NaN NaN NaN NaN NaN NaN NaN NaN NaN NaN NaN NaN NaN NaN NaN NaN NaN NaN NaN NaN NaN NaN NaN NaN NaN NaN NaN 5.6 6 4.9 5.45 2.25 1.65 16.55 8.25 9.7 10.1 8 10 9.85 9 19.944 13.25 6.15 7.75 7.25 8.25 6.5134491708 7.35 8.85 5.8884487607 5.8726779369 8.6 5.6333333333 18.4 8.9 6.6160289775 17.45
NaN NaN NaN NaN NaN NaN NaN NaN NaN NaN NaN NaN NaN NaN NaN NaN NaN NaN NaN NaN NaN NaN NaN NaN NaN NaN NaN NaN NaN NaN NaN NaN NaN NaN NaN NaN NaN NaN NaN NaN NaN NaN NaN 4.7 8.7 2.15 11.55 2.05 2.6 2.6 19.965 10.05 18.65 13.05 7.15 20.044 8.3 5.45 7.5 6.3 8 5.15 5.3328101159 10.75 6.6556550252 7.4 8.25 12.05 10.25 9.45 11 9.8 10.6 17.1
NaN NaN NaN NaN NaN NaN NaN NaN NaN NaN NaN NaN NaN NaN NaN NaN NaN NaN NaN NaN NaN NaN NaN NaN NaN NaN NaN NaN NaN NaN NaN NaN NaN NaN NaN NaN NaN NaN NaN NaN NaN NaN NaN NaN 5.45 5 2.1 9.3 7.85 13.55 7.6 19.99 10.9 14.25 8.2 5.35 20.065 20.166 5.6 5.5 5.75 5.45 6.2 2.4 2.15 7.55 11.55 6.0453558739 9.6 3.1084518793 10.2634491708 10.3 9.3 8.45
NaN NaN NaN NaN NaN NaN NaN NaN NaN NaN NaN NaN NaN NaN NaN NaN NaN NaN NaN NaN NaN NaN NaN NaN NaN NaN NaN NaN NaN NaN NaN NaN NaN NaN NaN NaN NaN NaN NaN NaN NaN NaN 7.05 9.05 7.45 7.9 2.25 15.75 2.3 9.7 13.2 8.35 10.45 20.136 17.3 8.75 5.3 20.02 16.55 10.1 9 2.5 2.45 2.2 5.3 8.2 10.55 6.95 7.7 18.45 9.25 9.1 13.6118913743 9.2
NaN NaN NaN NaN NaN NaN NaN NaN NaN NaN NaN NaN NaN NaN NaN NaN NaN NaN NaN NaN NaN NaN NaN NaN NaN NaN NaN NaN NaN NaN NaN NaN NaN NaN NaN NaN NaN NaN NaN NaN 1.5 4.75 5.45 2.5 5.25 7.9 15.45 7.95 9.6 2.4 18.25 9.2 14.65 19.903 5.15 10.1 2.5 7.7 8.2 2 2.3 8.2 5.55 19.935 7.2 7.15 7.05 6.65 6.95 7.8 8.05 9.85 8.15 16.2768182948
NaN NaN NaN NaN NaN NaN NaN NaN NaN NaN NaN NaN NaN NaN NaN NaN NaN NaN NaN NaN NaN NaN NaN NaN NaN NaN NaN NaN NaN NaN NaN NaN NaN NaN NaN NaN NaN NaN NaN 11.95 5.45 6.7 4.9 5.5 6.35 8.5 2.6 7.25 19.977 8.45 17.9 5.65 18.4 6.3 12.45 11.45 13.3 5.5 2.25 2 5.6 5.95 7.15 7.05 6.6 6.45 6.85 6.85 6.85 20.0606743286 7.35 7.95 17.8705792798 9.6
NaN NaN NaN NaN NaN NaN NaN NaN NaN NaN NaN NaN NaN NaN NaN NaN NaN NaN NaN NaN NaN NaN NaN NaN NaN NaN NaN NaN NaN NaN NaN NaN NaN NaN NaN NaN NaN NaN NaN 8.9 7.85 5.25 7.65 7.5 5.3 5.55 6.95 7.2 9.35 8.2 9.35 10.7 5.25 11.2 18.85 19.903 19.975 2.55 5.15 6.7 5.1 5.4 7.1 6.8 13.55 19.958 6.7 6.8 6.85 6.9 10.55 9.7 6.578511354 5.8892557464
NaN NaN NaN NaN NaN NaN NaN NaN NaN NaN NaN NaN NaN NaN NaN NaN NaN NaN NaN NaN NaN NaN NaN NaN NaN NaN NaN NaN NaN NaN NaN NaN NaN NaN NaN NaN NaN NaN NaN 18.8 19.965 7.8 7.4 8.75 6.95 5.95 4.85 8.3 7.9 9.4 17.35 6.75 7.15 10.5 15.25 5.2 20.015 5.5 6.55 4.55 5.9 5.95 6.9 6.7 6.95 5.45 6.75 5.2 6.45 6.75 20.0037895821 20.0196743286 20.0363333333 7.3
NaN NaN NaN NaN NaN NaN NaN NaN NaN NaN NaN NaN NaN NaN NaN NaN NaN NaN NaN NaN NaN NaN NaN NaN NaN NaN NaN NaN NaN NaN NaN NaN NaN NaN NaN NaN NaN NaN 9.35 15.15 10.45 9.8 11 7.45 8.5 10.1 10.6 8.65 9.55 11.6 10.35 9.8 5.35 8.1 8.25 5.3 8 11.3 7.95 6.7 4.75 6.95 5.65 5.1 6.7 6.65 6.85 6.8 6.85 6.35 15.3446277864 20.0457895821 20.0156743286 6.85
NaN NaN NaN NaN NaN NaN NaN NaN NaN NaN NaN NaN NaN NaN NaN NaN NaN NaN NaN NaN NaN NaN NaN NaN NaN NaN NaN NaN NaN NaN NaN NaN NaN NaN NaN NaN NaN NaN 8.95 16.65 10.05 11.45 9.95 8.3 8.55 18.1 7.6 15.65 9.35 7.65 9.35 7.85 9.3 8.1 8.25 9.15 8.3 5.55 5 6.05 7.65 19.974 6.5 6.85 6.6 6.75 19.984 6.4 5.1 7.25 9.1 7.2 6.7 5.4666666667
NaN NaN NaN NaN NaN NaN NaN NaN NaN NaN NaN NaN NaN NaN NaN NaN NaN NaN NaN NaN NaN NaN NaN NaN NaN NaN NaN NaN NaN NaN NaN NaN NaN NaN NaN NaN NaN NaN 18 19.6 14.3 9.05 10.45 19.925 20.028 8 7.9 6.2 7.7 9.85 11 10.2 15.1 5.35 5.05 5.5 5.35 19.981 6.75 20.01 19.959 8.95 15.15 16.15 11.8 6.1 6.15 6.4 8 7.5 9 15.6242242458 14.7446277864 20.0288371643
NaN NaN NaN NaN NaN NaN NaN NaN NaN NaN NaN NaN NaN NaN NaN NaN NaN NaN NaN NaN NaN NaN NaN NaN NaN NaN NaN NaN NaN NaN NaN NaN NaN NaN NaN NaN NaN NaN 19.956 16.8 12.9 15.65 8.6 14.8 19.961 9.7 7.5 10.45 18.45 8.8 8.15 8.1 14.55 5.4 8.4 5.6 6.85 7.05 20.022 19.951 2.4 17.3 6.5 5.35 5.3 19.936 7.05 8.65 7.5 9.9 12.5083333333 19.5083333333 19.968702243 20.0633526966
NaN NaN NaN NaN NaN NaN NaN NaN NaN NaN NaN NaN NaN NaN NaN NaN NaN NaN NaN NaN NaN NaN NaN NaN NaN NaN NaN NaN NaN NaN NaN NaN NaN NaN NaN NaN NaN NaN 14.4 19.988 12.85 20.147 12.8 12.1 19.938 5.15 11.35 8.6 10.05 9.5 10.2 19.989 7.7 8.2 8.65 8.25 5.3 6.65 5.5 6 6.3 5.45 4.9521130107 6.8 8.15 7.7 7.55 5.6777777778 11.7 8.35 19.653030303 12.703030303 10.703030303 8.9
NaN NaN NaN NaN NaN NaN NaN NaN NaN NaN NaN NaN NaN NaN NaN NaN NaN NaN NaN NaN NaN NaN NaN NaN NaN NaN NaN NaN NaN NaN NaN NaN NaN NaN NaN NaN NaN 8.55 19.955 8.25 14.35 15.35 15.85 9.35 8.95 12.15 6 8.3 20.068 20.161 20.084 8.55 8 7.5 8.4 2.4 12 7.15 7.1 6.4688440482 5.735702243 5.1564102564 5.3347858837 6.7 7.05 5.4666666667 8 5.8261904762 12.85 11.55 15 7.8 9 9.1
NaN NaN NaN NaN NaN NaN NaN NaN NaN NaN NaN NaN NaN NaN NaN NaN NaN NaN NaN NaN NaN NaN NaN NaN NaN NaN NaN NaN NaN NaN NaN NaN NaN NaN NaN NaN 8.2 5.25 19.967 13.45 20.054 11.3 19.961 19.952 8.95 10.4 20.026 15 5.5 13.95 8.3 20.106 7.85 7.15 5.3647188482 7.7 6.7 6.3 2.8847858837 2.6692754236 6.6 6.7 6.65 6.35 19.9374518793 8.85 11.15 19.998 11.65 8.65 7.5 8.9833333333 8.8833333333 12.5570224301
NaN NaN NaN NaN NaN NaN NaN NaN NaN NaN NaN NaN NaN NaN NaN NaN NaN NaN NaN NaN NaN NaN NaN NaN NaN NaN NaN NaN NaN NaN NaN NaN NaN NaN NaN 8.15 11.45 11.75 14.9 10.3 11.95 19.926 13.5 15.6 12.15 11.8 9.6 15.95 12.5 8.4 19.975 12.45 7.1 6.1 5.6094922192 2.7384487607 2.9726779369 2.7666666667 3.2761904762 3.0716618094 6.6453558739 7.4040925512 8.8166666667 20.1783333333 11.05 11.15 20.09 7.19071197 NaN NaN 8.3 9.65 16.7333333333 9.75
NaN NaN NaN NaN NaN NaN NaN NaN NaN NaN NaN NaN NaN NaN NaN NaN NaN NaN NaN NaN NaN NaN NaN NaN NaN NaN NaN NaN NaN NaN NaN NaN NaN NaN NaN 14 10.7 5.05 11.4 14.35 11.8 10.7 16.95 5.8579276146 19.8 19.952 9.3 10.2 19.941 5.8268601941 16 3.3401371761 10.55 5.5261904762 7.7555555556 7.7666666667 6.3333333333 6.5611111111 3.7166666667 5.2833333333 11.1 19.9473333333 8.19071197 7.15 7.5 13.9 9.05 7.9 NaN NaN NaN NaN 12.35 6.2666666667
NaN NaN NaN NaN NaN NaN NaN NaN NaN NaN NaN NaN NaN NaN NaN NaN NaN NaN NaN NaN NaN NaN NaN NaN NaN NaN NaN NaN NaN NaN NaN NaN NaN NaN NaN 10.45 11.05 8.8 19.904 11.85 5.7108185325 13.1899385949 16.4 6.0017858479 19.9756790289 6.0181050248 6.0634491708 2.6078685395 16.6 3.06898463 6.0666666667 20.2253333333 10.5 19.9976666667 20.0733333333 2.9 6.0333333333 4.4666666667 3.99071197 3.8745006541 3.1953558739 8.1555555556 14.9214045971 6.9 8 13.2 18.3 8.25 NaN NaN NaN NaN 1.6450715499 5.1064102564
NaN NaN NaN NaN NaN NaN NaN NaN NaN NaN NaN NaN NaN NaN NaN NaN NaN NaN NaN NaN NaN NaN NaN NaN NaN NaN NaN NaN NaN NaN NaN NaN NaN NaN NaN NaN 20.075 19.1 20.044 20.1410715499 5.6258686137 19.958 19.9472261031 18.55 10.8 13.15 2.9584518793 6.2245006541 20.199511354 19.975 20.08 10.7 20.016 9.2666666667 3.878511354 6.1245006541 2.6953558739 2.86898463 2.997996552 3.3078685395 2.6042261031 6.7384487607 9.0517858479 10.6 5.24984391 13.8 19.992 19.966 NaN NaN NaN NaN NaN NaN
NaN NaN NaN NaN NaN NaN NaN NaN NaN NaN NaN NaN NaN NaN NaN NaN NaN NaN NaN NaN NaN NaN NaN NaN NaN NaN NaN NaN NaN NaN NaN NaN NaN NaN NaN NaN NaN 17.8635231517 19.9974922192 10.8226779369 20.0006880965 20.1596618094 8.5245006541 16.8 9.8 20.0383333333 9.05 9.45 15.8 19.3 10.3 NaN NaN 8.6 11.1 19.4542261031 2.6115508071 5.6268601941 2.5017858479 7.323998276 2.503428636 2.7789342698 9.1108185325 14.95 11.6 16.2 20.05 19.927 8.5 NaN NaN NaN NaN NaN
NaN NaN NaN NaN NaN NaN NaN NaN NaN NaN NaN NaN NaN NaN NaN NaN NaN NaN NaN NaN NaN NaN NaN NaN NaN NaN NaN NaN NaN NaN NaN NaN NaN NaN NaN NaN NaN NaN 19.961 13.5953558739 20.026 20.004 18.65 20.279 6.6611111111 8.35 15.85 20.2655555556 20.058 16.45 NaN NaN NaN NaN 9.55 19.803428636 5.685702243 5.7702728564 6.8579276146 2.75 16.35 6.45 12.9 14.95 19.997 20.07 9.6 12.6 NaN NaN NaN NaN NaN NaN
NaN NaN NaN NaN NaN NaN NaN NaN NaN NaN NaN NaN NaN NaN NaN NaN NaN NaN NaN NaN NaN NaN NaN NaN NaN NaN NaN NaN NaN NaN NaN NaN NaN NaN NaN NaN NaN NaN NaN 20.104 20.134 9.25 19.958 17.85 8.9 10.35 15.9 20.2904922192 20.047 17.65 NaN NaN NaN NaN NaN 10.15 12.6 13.95 4.95 5.55 17.65 19.15 6.55 5.25 9.5 14.45 13.2 8.1 NaN NaN NaN NaN NaN NaN
NaN NaN NaN NaN NaN NaN NaN NaN NaN NaN NaN NaN NaN NaN NaN NaN NaN NaN NaN NaN NaN NaN NaN NaN NaN NaN NaN NaN NaN NaN NaN NaN NaN NaN NaN NaN NaN NaN NaN NaN 16.95 20.038 20.124 19.922 13.85 10.45 19.927 19.932 10.75 11.25 NaN NaN NaN NaN NaN 7.65 8.6 12.5 6.35 19.972 5.25 19.992 9.95 11.45 10.15 8.8 13.25 NaN NaN NaN NaN NaN NaN NaN
NaN NaN NaN NaN NaN NaN NaN NaN NaN NaN NaN NaN NaN NaN NaN NaN NaN NaN NaN NaN NaN NaN NaN NaN NaN NaN NaN NaN NaN NaN NaN NaN NaN NaN NaN NaN NaN NaN NaN NaN NaN 15.05 20.031 NaN NaN 18.5 11.9 19.927 20.19 NaN NaN NaN NaN NaN NaN 6.95 NaN 8.6 6 8.75 10.3 10.75 NaN 7.2 8.15 11.25 9.55 NaN NaN NaN NaN NaN NaN NaN
NaN NaN NaN NaN NaN NaN NaN NaN NaN NaN NaN NaN NaN NaN NaN NaN NaN NaN NaN NaN NaN NaN NaN NaN NaN NaN NaN NaN NaN NaN NaN NaN NaN NaN NaN NaN NaN NaN NaN NaN NaN NaN NaN NaN NaN 13.45 10.35 20.158 19.974 NaN NaN NaN NaN NaN NaN NaN NaN 7.25 8.1 9.3 7.8 NaN NaN NaN NaN 7.8 8.65 NaN NaN NaN NaN NaN NaN NaN
NaN NaN NaN NaN NaN NaN NaN NaN NaN NaN NaN NaN NaN NaN NaN NaN NaN NaN NaN NaN NaN NaN NaN NaN NaN NaN NaN NaN NaN NaN NaN NaN NaN NaN NaN NaN NaN NaN NaN NaN NaN NaN NaN NaN NaN NaN 9.5 NaN NaN NaN NaN NaN NaN NaN NaN NaN NaN NaN NaN NaN NaN NaN NaN NaN NaN 6.9 NaN NaN NaN NaN NaN NaN NaN NaN
NaN NaN NaN NaN NaN NaN NaN NaN NaN NaN NaN NaN NaN NaN NaN NaN NaN NaN NaN NaN NaN NaN NaN NaN NaN NaN NaN NaN NaN NaN NaN NaN NaN NaN NaN NaN NaN NaN NaN NaN NaN NaN NaN NaN NaN NaN NaN NaN NaN NaN NaN NaN NaN NaN NaN NaN NaN NaN NaN NaN NaN NaN NaN NaN NaN 6.7 NaN NaN NaN NaN NaN NaN NaN NaN
NaN NaN NaN NaN NaN NaN NaN NaN NaN NaN NaN NaN NaN NaN NaN NaN NaN NaN NaN NaN NaN NaN NaN NaN NaN NaN NaN NaN NaN NaN NaN NaN NaN NaN NaN NaN NaN NaN NaN NaN NaN NaN NaN NaN NaN NaN NaN NaN NaN NaN NaN NaN NaN NaN NaN NaN NaN NaN NaN NaN NaN NaN NaN NaN NaN NaN NaN NaN NaN NaN NaN NaN NaN NaN
NaN NaN NaN NaN NaN NaN NaN NaN NaN NaN NaN NaN NaN NaN NaN NaN NaN NaN NaN NaN NaN NaN NaN NaN NaN NaN NaN NaN NaN NaN NaN NaN NaN NaN NaN NaN NaN NaN NaN NaN NaN NaN NaN NaN NaN NaN NaN NaN NaN NaN NaN NaN NaN NaN NaN NaN NaN NaN NaN NaN NaN NaN NaN NaN NaN NaN NaN NaN NaN NaN NaN NaN NaN NaN
NaN NaN NaN NaN NaN NaN NaN NaN NaN NaN NaN NaN NaN NaN NaN NaN NaN NaN NaN NaN NaN NaN NaN NaN NaN NaN NaN NaN NaN NaN NaN NaN NaN NaN NaN NaN NaN NaN NaN NaN NaN NaN NaN NaN NaN NaN NaN NaN NaN NaN NaN NaN NaN NaN NaN NaN NaN NaN NaN NaN NaN NaN NaN NaN NaN NaN NaN NaN NaN NaN NaN NaN NaN NaN
