Outfile_5.asc
NCOLS 201
NROWS 151
XLLCORNER 733748.947016
YLLCORNER 2561541.418206
CELLSIZE 137.483444
NODATA_VALUE NaN
[rows 0 to 38 of 151, columns 0 to 87 of 201]
NaN NaN NaN NaN NaN NaN NaN NaN NaN NaN NaN NaN NaN NaN NaN NaN NaN NaN NaN NaN NaN NaN NaN NaN NaN NaN NaN NaN NaN NaN NaN NaN NaN NaN NaN NaN NaN NaN NaN NaN 5.6 NaN NaN NaN 9.3 9.3 NaN NaN NaN NaN NaN NaN NaN NaN NaN NaN NaN NaN NaN NaN NaN NaN NaN NaN NaN NaN NaN NaN NaN NaN NaN NaN NaN NaN NaN NaN NaN NaN NaN NaN NaN NaN NaN NaN NaN NaN NaN NaN
NaN NaN NaN NaN NaN NaN NaN NaN NaN NaN NaN NaN NaN NaN NaN NaN NaN NaN NaN NaN NaN NaN NaN NaN NaN NaN NaN NaN NaN NaN NaN NaN NaN NaN NaN NaN NaN NaN NaN 14.4 9.1 23.6 9.4 11.8 30.2 11.9 19.5 NaN NaN NaN NaN NaN NaN NaN NaN NaN NaN NaN NaN NaN NaN NaN NaN NaN NaN NaN NaN NaN NaN NaN NaN NaN NaN NaN NaN NaN NaN NaN NaN NaN NaN NaN NaN NaN NaN NaN NaN NaN
NaN NaN NaN NaN NaN NaN NaN NaN NaN NaN NaN NaN NaN NaN NaN NaN NaN NaN NaN NaN NaN NaN NaN NaN NaN NaN NaN NaN NaN NaN NaN NaN NaN NaN NaN NaN NaN NaN NaN 12.2 30.7 30.8 9.5 30.5 30.2 30.4 30.6 12 30.5 30.3 14.6 30.4 30.4 30.3 30.2 NaN NaN NaN NaN NaN NaN NaN NaN NaN NaN NaN NaN NaN NaN NaN NaN NaN NaN NaN NaN NaN NaN NaN NaN NaN NaN NaN NaN NaN NaN NaN NaN NaN
NaN NaN NaN NaN NaN NaN NaN NaN NaN NaN NaN NaN NaN NaN NaN NaN NaN NaN NaN NaN NaN NaN NaN NaN NaN NaN NaN NaN NaN NaN NaN NaN NaN NaN NaN NaN NaN NaN NaN 31.1 30.5 11.9 12.2 31 30.6 30.4 9.5 25.5 30.8 19.6 27.3 9.8 24.6 27.2 9.9 30.4 NaN NaN NaN NaN NaN NaN NaN NaN NaN NaN NaN NaN NaN NaN NaN NaN NaN 30.5 30.5 16.8 NaN NaN NaN NaN NaN NaN NaN NaN NaN NaN NaN NaN
NaN NaN NaN NaN NaN NaN NaN NaN NaN NaN NaN NaN NaN NaN NaN NaN NaN NaN NaN NaN NaN NaN NaN NaN NaN NaN NaN NaN NaN NaN NaN NaN NaN NaN NaN NaN NaN 30.8 31.5 30.9 30.2 30.2 29.7 11.9 30.5 30.6 30.2 14.1 9.5 12.2 29.7 9.7 30.1 30.3 31.2 31 NaN NaN NaN NaN NaN NaN NaN NaN NaN NaN NaN NaN NaN NaN NaN NaN 14.3 30.3 30.4 30.4 NaN NaN NaN NaN NaN NaN NaN NaN NaN NaN NaN NaN
NaN NaN NaN NaN NaN NaN NaN NaN NaN NaN NaN NaN NaN NaN NaN NaN NaN NaN NaN NaN NaN NaN NaN NaN NaN NaN NaN NaN NaN NaN NaN NaN NaN NaN NaN NaN NaN 30.3 31 30.5 30.8 30.5 31.4 30.7 16.9 12 12 30.5 30.6 16.7 11.9 19.1 14.6 30.6 6 27 NaN NaN NaN NaN NaN NaN NaN NaN NaN NaN NaN NaN NaN 16.6 11.6 30.4 30.1 17 24.6 30.6 19.3 NaN NaN NaN NaN NaN NaN NaN NaN NaN NaN NaN
NaN NaN NaN NaN NaN NaN NaN NaN NaN NaN NaN NaN NaN NaN NaN NaN NaN NaN NaN NaN NaN NaN NaN NaN NaN NaN NaN NaN NaN NaN NaN NaN NaN NaN NaN NaN NaN 30.5 30.2 29.9 30.8 31 30.5 14.5 9.4 26.8 30.4 29.5 16.6 30.3 30.4 30.9 14.4 14.5 30.1 19.4 NaN NaN NaN NaN NaN NaN NaN NaN NaN NaN NaN 29.6 7.7 12 30.5 29.2 9.4 30 9.4 10.1 29.3 NaN NaN NaN NaN NaN NaN NaN NaN NaN NaN NaN
NaN NaN NaN NaN NaN NaN NaN NaN NaN NaN NaN NaN NaN NaN NaN NaN NaN NaN NaN NaN NaN NaN NaN NaN NaN NaN NaN NaN NaN NaN NaN NaN NaN NaN NaN NaN NaN 29.5 30.5 30.4 30.4 30.7 30.4 30.8 15 30.1 11.8 17.3 26.7 30.6 9.2 16.6 7.14 17.64 31 9.2 NaN NaN NaN NaN NaN NaN NaN NaN NaN NaN 9 24.3 30.1 17.2 17 14.2 11.8 11.5 11.7 29.8 30.6 NaN NaN NaN NaN NaN NaN NaN NaN NaN NaN NaN
NaN NaN NaN NaN NaN NaN NaN NaN NaN NaN NaN NaN NaN NaN NaN NaN NaN NaN NaN NaN NaN NaN NaN NaN NaN NaN NaN NaN NaN NaN NaN NaN NaN NaN NaN NaN NaN 30.9 30.7 9.4 24.6 30.9 31.1 19.8 30.7 9 30.3 27 12 24.8 9.6 9.5 4 15.24 30.34 NaN NaN NaN NaN NaN NaN NaN NaN NaN NaN 19.2 9.1 11.9 9.3 16.9 9.2 17 26.7 11.7 9.1 11.8 30.3 7.3 NaN NaN NaN NaN NaN NaN NaN NaN NaN NaN
NaN NaN NaN NaN NaN NaN NaN NaN NaN NaN NaN NaN NaN NaN NaN NaN NaN NaN NaN NaN NaN NaN NaN NaN NaN NaN NaN NaN NaN NaN NaN NaN NaN NaN NaN NaN 30.4 31.2 30.5 24.4 27.7 22.4 30.5 11.7 30.7 11.8 9.2 30.7 30.2 30.4 9.5 9 7.44 20.24 30.34 7.64 NaN NaN NaN NaN NaN NaN NaN NaN NaN 27 9.2 14.3 11.7 14.1 17 14.3 30.3 16.7 9.1 12.1 16.9 9.1 NaN NaN NaN NaN NaN NaN NaN NaN NaN NaN
NaN NaN NaN NaN NaN NaN NaN NaN NaN NaN NaN NaN NaN NaN NaN NaN NaN NaN NaN NaN NaN NaN NaN NaN NaN NaN NaN NaN NaN NaN NaN NaN NaN NaN NaN 8.9 19.6 30.7 31 27.3 30.4 30.1 29.3 30.4 19.3 14.4 22.1 30.4 26.8 11.7 9.1 9.1 16.7 7.54 9.94 7.74 NaN NaN NaN NaN NaN NaN NaN NaN 9.2 30.7 30.8 30.7 24.2 13.9 22.1 8.9 30.5 14.8 9.4 24.5 9.2 30.4 21.8 NaN NaN NaN NaN NaN NaN NaN NaN NaN
NaN NaN NaN NaN NaN NaN NaN NaN NaN NaN NaN NaN NaN NaN NaN NaN NaN NaN NaN NaN NaN NaN NaN NaN NaN NaN NaN NaN NaN NaN NaN NaN NaN NaN NaN 30.3 30.8 30.4 9.3 12.2 19.6 9.1 9 30.7 30.2 21.7 9.4 26.9 30.4 30.9 16.8 30.9 11.5 12.44 7.14 10.14 NaN NaN NaN 7.54 7.64 11.9 14.2 23.9 9.3 30.6 30.4 9.1 30.2 14.1 30.5 11.9 30.3 19.1 30.4 30.3 24.3 9.2 9.4 NaN NaN NaN NaN NaN NaN NaN 22.3 16.9
NaN NaN NaN NaN NaN NaN NaN NaN NaN NaN NaN NaN NaN NaN NaN NaN NaN NaN NaN NaN NaN NaN NaN NaN NaN NaN NaN NaN NaN NaN NaN NaN NaN NaN NaN 31.1 9 21.5 30.5 30.1 9.2 30.3 9.1 11.7 30.1 30.34 30.74 8.14 30.2 14.1 1.3 30.5 30.3 14.1 7.1 7.54 7.24 NaN NaN 7.24 15.24 11.7 26.7 14.3 3.7 26.8 14.3 11.5 14.1 30.6 30.1 19.1 9.2 9.1 29.4 24 14.3 24.3 9.2 9.1 NaN NaN NaN NaN NaN NaN 16.9 12.1
NaN NaN NaN NaN NaN NaN NaN NaN NaN NaN NaN NaN NaN NaN NaN NaN NaN NaN NaN NaN NaN NaN NaN NaN NaN NaN NaN NaN NaN NaN NaN NaN NaN NaN 16.7 29.9 22 30.7 9.2 9.3 26.6 30.5 30.6 30.3 16.3 9.94 30.04 27.94 10.6 17 30.2 11.9 3.8 9.4 7.44 30.24 7.14 6.94 NaN 7.34 7.54 9.4 30.6 11.6 8.8 9.2 16.8 30.7 21.5 11.1 9.2 30.2 9.2 16.8 9.1 30.5 21.8 9.1 11.8 14.4 16.9 NaN NaN NaN NaN 9.3 30.7 30.4
NaN NaN NaN NaN NaN NaN NaN NaN NaN NaN NaN NaN NaN NaN NaN NaN NaN NaN NaN NaN NaN NaN NaN NaN NaN NaN NaN NaN NaN NaN NaN NaN NaN 11.6 11.7 26.8 31 30.7 30.1 11.6 30.7 30.5 31.1 30.6 8.6 11.5 30.1 30.4 30.3 30.8 9.1 24.2 9.4 30.7 20.54 25.34 20.6 6.9 4 7.14 7.84 10.14 22 9.3 9.1 24.4 11.9 26.9 30.1 21.8 8.9 8.9 30.6 9 21.8 9 8.9 30 14.1 9.2 14.3 30.3 21.8 30.2 27.4 9.6 22 17.1
NaN NaN NaN NaN NaN NaN NaN NaN NaN NaN NaN NaN NaN NaN NaN NaN NaN NaN NaN NaN NaN NaN NaN NaN NaN NaN NaN NaN NaN NaN NaN NaN NaN 30.4 30.6 30.8 30.9 30.4 30.7 30.3 9 30.4 30.3 8 8.6 8.6 30.5 30.5 30.9 30.3 30.7 14.3 19.4 11.5 22.5 7.34 24 10.34 7.84 7.74 7.84 24.7 9.2 9.4 11.6 14 11.2 29.1 16.6 30.7 13.9 9 17 9 30.1 9.1 21.6 30.9 16.6 21.6 17 30.8 30.7 24.6 30.5 30.1 12.2 17.1
NaN NaN NaN NaN NaN NaN NaN NaN NaN NaN NaN NaN NaN NaN NaN NaN NaN NaN NaN NaN NaN NaN NaN NaN NaN NaN NaN NaN NaN NaN NaN NaN NaN 30.5 30.2 30.5 8.9 30.5 21.4 30.2 30.5 30.2 30 15.1 8.6 4.1 30.5 7.24 30.6 15.4 26.4 3.7 24.4 16.9 30.3 30.4 30.7 6.1 9.64 7.34 30.4 30.8 11.8 29.3 14 9 14.1 11.6 24.1 11.6 11.4 9 24.4 13.1 11.8 9.3 30.5 30.2 11.8 12.1 30.5 30.6 9.5 14.2 9.4 10.84 30.8 7.8
NaN NaN NaN NaN NaN NaN NaN NaN NaN NaN NaN NaN NaN NaN NaN NaN NaN NaN NaN NaN NaN NaN NaN NaN NaN NaN NaN NaN NaN NaN NaN NaN 21.5 31.5 30.5 30.7 21.6 14.2 16.3 11.4 9 11.4 8.9 30.7 29.4 11.4 26.5 9.1 6.6 30.5 30.7 6.6 30.5 31 7.74 31 30.24 9.64 7.14 7.44 12.44 11.8 7.64 14.1 16.7 30.1 30.6 30.6 9.2 14.2 21.6 30.8 9.4 19.2 16.4 21.8 8.02 30.6 12 20 7.74 13.9 30.4 7.44 4.2 11.3 12.9 30
NaN NaN NaN NaN NaN NaN NaN NaN NaN NaN NaN NaN NaN NaN NaN NaN NaN NaN NaN NaN NaN NaN NaN NaN NaN NaN NaN NaN NaN NaN NaN 30.6 30.1 14.4 19.3 11.6 8.5 30.6 30.6 24.1 8.5 9 23.5 18.9 19.5 30 30.5 29.2 7.5 6.94 9.84 30.6 30.4 12.1 30.34 17.64 22.54 7.14 7.04 6.14 6.34 15.24 9.84 7.24 30.4 19.4 11.8 30.3 18.1 9.1 9 9 9.7 14.4 14.8 6.3 30.7 10.92 19 14 7.34 7.54 19.94 6.94 20 30.2 30.7 30.14
NaN NaN NaN NaN NaN NaN NaN NaN NaN NaN NaN NaN NaN NaN NaN NaN NaN NaN NaN NaN NaN NaN NaN NaN NaN NaN NaN NaN NaN NaN NaN 14.1 30.4 11.6 31.1 30.6 8.7 24.2 30.2 30.72 7.92 30.3 31.02 30.4 25.92 16.4 30.9 16.6 1.8 7.04 30.2 7.14 30.74 28.72 30.4 7.44 30.7 9.84 7.14 6.94 7.04 6.44 9.94 6.94 13.7 3.8 8.8 30.5 21.6 30.3 26.6 19.1 5.5 9 6.4 30.7 20.72 8.52 11.02 23.22 13.22 7.54 7.82 10.52 1.5 30.34 7.34 7.24
NaN NaN NaN NaN NaN NaN NaN NaN NaN NaN NaN NaN NaN NaN NaN NaN NaN NaN NaN NaN NaN NaN NaN NaN NaN NaN NaN NaN NaN NaN 30.3 9.3 8.9 30.6 19.2 30.5 30.2 30.4 8.6 8.7 9 26.3 5.2 30.5 30.8 8.3 20.5 30.5 16.3 30.3 15.1 30.72 30.32 10.62 5.4 6.54 6.94 30.7 7.34 7.14 6.74 6.74 7.24 6 16.7 30.4 6.3 30.5 30.3 11.4 30.6 30.4 11.7 30.6 21.12 13.22 8.52 13.12 30.12 8.02 30.6 28.32 11.8 31.1 6.5 10.44 7.34 9.84
NaN NaN NaN NaN NaN NaN NaN NaN NaN NaN NaN NaN NaN NaN NaN NaN NaN NaN NaN NaN NaN NaN NaN NaN NaN NaN NaN NaN NaN NaN 24.2 14.2 30.2 9.1 11.5 21.3 8.5 30.7 8.5 30.6 11.2 11.6 1.3 5.3 30.6 17.5 30.8 7.7 6.74 17.92 7.04 30.2 8.22 NaN 15.5 6.84 6.34 14.3 6.94 9.84 6.14 NaN 7.14 7.14 14.84 9.1 30.6 19.1 9.6 9.2 30.2 30.4 30.5 8.12 7.92 10.72 10.82 8.42 8.22 8.32 7.14 7.04 3.7 30.5 7.8 30.1 30.2 30.4
NaN NaN NaN NaN NaN NaN NaN NaN NaN NaN NaN NaN NaN NaN NaN NaN NaN NaN NaN NaN NaN NaN NaN NaN NaN NaN NaN NaN NaN 30.1 11.6 30.6 8.7 11.8 31.1 13.8 7.7 16.8 11.7 13.3 7.72 8.8 7.92 30.42 30.6 6.5 20.9 8.22 6.1 7.72 7.04 6.94 10.62 7.5 10.62 8.22 6.54 6.64 6.64 6.54 7.34 NaN 7.14 9.74 30.6 30.7 9.2 30.3 19.3 4 30.3 30.6 13.32 8.32 30.5 11.12 10.92 8.02 10.62 10.92 30.3 30.5 19.9 30.7 8.4 31 30.6 30.4
NaN NaN NaN NaN NaN NaN NaN NaN NaN NaN NaN NaN NaN NaN NaN NaN NaN NaN NaN NaN NaN NaN NaN NaN NaN NaN NaN NaN 16.2 16.6 18.9 30.7 30.7 18.7 30.3 30.4 8.6 8.8 30.42 7.62 30.3 6.94 9.74 7.82 7.14 19.7 10 7.14 7.92 7.92 20.62 10.32 7.92 13.02 7.3 7.82 7.72 6.64 6.64 7.04 7.34 21.7 10.04 7.14 NaN 30.44 6.9 11.6 30.9 19.1 29.6 11.5 19.4 8.02 15.52 23.62 10.72 30.6 30.4 15.62 30.8 30.3 4.1 31 31 30.5 19 14.1
NaN NaN NaN NaN NaN NaN NaN NaN NaN NaN NaN NaN NaN NaN NaN NaN NaN NaN NaN NaN NaN NaN NaN NaN NaN NaN NaN 8.8 8.8 21.5 8.7 30.1 9.84 30.2 23.9 13.1 15.7 30.2 29.94 7.04 7.24 30.3 6.74 30.4 6.94 10.6 10.6 13.62 7.92 3.7 8.02 13.02 8.02 7.72 30.4 30.5 7.82 7.24 30.5 6.94 16.5 20.9 9.54 7.24 20.7 7.04 30.6 30.3 30.6 30.2 30.6 30.7 30.1 9.1 14 14.2 30.6 10.62 30.6 30.4 30.8 30.5 3.3 15.3 30.6 30 7.9 9.9
NaN NaN NaN NaN NaN NaN NaN NaN NaN NaN NaN NaN NaN NaN NaN NaN NaN NaN NaN NaN NaN NaN NaN NaN NaN NaN 22.4 13.8 7.24 7.34 11.8 11.2 30.34 6.94 19 29.1 30.2 8.5 7.24 6.94 30.4 6.94 17.9 12.8 7.8 10.6 9.94 30.62 7.62 7.82 7.3 7.72 30.32 7.72 11.8 10.32 30.5 10.04 7.14 6.74 6.94 3.9 7.04 12.1 30.5 30.2 7.14 30.24 30.7 30.1 13.72 14.3 30.4 9 17.6 30.3 8.8 8.3 10.9 6.94 1.5 29.8 30.3 30.6 8.6 30.5 30.7 19.8
NaN NaN NaN NaN NaN NaN NaN NaN NaN NaN NaN NaN NaN NaN NaN NaN NaN NaN NaN NaN NaN NaN NaN NaN NaN 6.74 7.34 7.14 6.94 10.14 9.1 13.4 7.14 15.04 7.04 11.3 8.6 7.24 7.24 9.74 9.74 7.14 3.1 7.8 22.3 3.7 11.3 30.02 10.32 15.62 7.72 10.42 7.92 7.92 30.4 6.7 6.84 6.64 6.54 6.04 5.94 6.74 6 11.1 7.24 30.04 12.14 6.7 30.6 12.2 14.2 13.32 8.8 14.3 30.1 9 3.8 8.02 8.12 6.94 7.14 12.4 25.8 30.2 30.8 30.2 7.34 30.44
NaN NaN NaN NaN NaN NaN NaN NaN NaN NaN NaN NaN NaN NaN NaN NaN NaN NaN NaN NaN NaN NaN NaN NaN NaN 7.04 7.14 12.14 9.64 15.34 7.34 7.24 6.94 9.64 6.74 30.6 8.9 8.5 9.54 29.4 17.34 13.2 6.64 5.3 7.9 30.2 5.3 13.52 5.8 16 7.82 30.5 30.22 4 30.4 7.42 6.54 6.74 6.84 6.54 6.34 6.44 3.2 6.94 7.14 7.14 6.94 7.14 7.64 1.3 7.14 8.42 23.02 13.12 30.5 20 1.3 8.12 30.1 19.64 17.4 14.9 30.4 8 30.6 30.7 8.04 10.44
NaN NaN NaN NaN NaN NaN NaN NaN NaN NaN NaN NaN NaN NaN NaN NaN NaN NaN NaN NaN NaN NaN NaN NaN 30.64 7.44 6.94 7.04 9.94 7.84 7.44 7.44 7.14 7.14 6.84 30.4 13.3 8.6 30.4 7.14 7.14 7.64 30.5 30.5 30.4 15.5 6.5 7.14 30.9 10.42 5.9 30.2 6.4 7.04 9 30.42 6.84 6.94 6.14 6.64 6.34 6.04 6.04 7.34 16.9 6.94 7.34 9.54 6.84 17.44 9.54 7.64 19.2 14.8 8.12 30.12 30.3 7.82 10 7.44 30.5 30.5 30.2 30.5 30.6 30.5 8 7.34
NaN NaN NaN NaN NaN NaN NaN NaN NaN NaN NaN NaN NaN NaN NaN NaN NaN NaN NaN NaN NaN NaN NaN 7.54 17.54 7.94 10.24 22.44 30.44 12.44 7.24 22.84 6.94 7.04 8.8 30.6 11.3 11.3 30.7 7.74 9.74 31.1 30.3 8.5 14.3 7.24 30.9 30.7 30.7 28.32 7.92 30.4 30.7 7.04 8 30.22 30.4 6.84 7.14 6.54 6.04 6.34 6.24 14.1 6.04 6.34 6.74 7.14 6.94 30.24 7.14 8.8 23.22 10.42 15.52 30.62 9.7 8.02 30.5 29.4 30.2 30.5 30.3 30.5 31.1 30.6 30.7 20.9
NaN NaN NaN NaN NaN NaN NaN NaN NaN NaN NaN NaN NaN NaN NaN NaN NaN NaN NaN NaN NaN NaN NaN 30.52 30.2 30.32 7.92 7.54 7.34 6.84 7.04 9.84 6.74 7.24 11 16.1 11.5 8.9 19.2 9.94 30.9 10.8 30.6 1.3 30.4 30.1 30.14 30.5 7.92 8.12 30.12 7.24 6.84 14.64 7.9 7.22 6.04 6.84 7.24 6.24 30.6 14.9 6.34 6.34 6.94 6.74 6.04 7.24 6.84 7.14 7.44 30.2 8.52 7.92 8.02 25.82 30.22 30.7 31 30.6 30 25.6 30.9 30.9 26.3 30.9 7.5 7.64
NaN NaN NaN NaN NaN NaN NaN NaN NaN NaN NaN NaN NaN NaN NaN NaN NaN NaN NaN NaN NaN NaN 10.14 30.5 31 30.3 30.7 30.9 13.02 31 9.74 7.34 7.04 30.64 18.9 21.4 14.1 30.6 24.3 7.24 7.14 7.34 10.04 7.14 12.8 31.02 18.02 30.2 30.52 10.72 21.9 6.94 7.9 7.34 30.7 30.62 6.64 7.24 7.14 6.34 5.94 6.74 30.5 6.64 6.54 6.64 5.84 7.34 7.04 6.94 7.04 1.5 23.42 7.92 20.56 30.16 8.12 31.02 7.94 30.9 7.4 30.7 30.4 9.9 30.9 30.3 16.5 9
NaN NaN NaN NaN NaN NaN NaN NaN NaN NaN NaN NaN NaN NaN NaN NaN NaN NaN NaN NaN NaN NaN 7.34 30.2 10.82 30.3 10 30.6 31 7.92 30.52 15.34 7.84 7.24 10 24 30.4 30 30.5 7.7 22.5 7.24 9.74 13.64 8 30.42 30.3 30.4 30.2 8.62 30.52 10.52 14.64 9.64 30.7 8.12 6.84 6.64 29.74 6.44 6.34 9.7 30.5 6.84 7.04 5.84 5.74 7.14 7.04 9.54 6.74 15.26 30.46 15.36 23.36 7.7 30.26 30.4 10.24 30.7 7.04 30.8 30.8 31.2 30.8 30 1.2 6.84
NaN NaN NaN NaN NaN NaN NaN NaN NaN NaN NaN NaN NaN NaN NaN NaN NaN NaN NaN NaN NaN NaN NaN 30.44 30.4 14.4 30.4 30.9 30.7 30.3 10.72 8.02 7.34 7.24 30.3 24.2 30.3 30.6 9.64 10.9 7.24 30.44 30.8 7.9 6.94 6.3 6.64 30.62 7.92 7.92 30.02 8.22 8.22 10.72 8.32 30.8 23.32 6.64 6.64 6.54 6.84 6.74 6.4 6.64 6.44 6.04 5.84 6.94 6.74 6.64 30.4 30.26 23.06 10.36 30.26 12.96 20.46 1.6 30.3 30.5 30.8 7.14 30.7 22.7 30.3 30.5 5.3 6
NaN NaN NaN NaN NaN NaN NaN NaN NaN NaN NaN NaN NaN NaN NaN NaN NaN NaN NaN NaN NaN NaN NaN 30.8 7.14 31.1 30.5 30.64 7.34 5.6 7.34 10.52 10.32 30.22 9.54 22.6 30.1 5.2 30.1 15.4 7.1 30.6 10.82 30.3 30.3 7.04 12.14 7.92 12.3 20.62 30.9 30.7 10.62 12.24 12.54 8.22 17.82 30.62 6.74 7.04 6.54 7.04 6.64 6.54 6.54 6.24 6.04 7.04 7.14 7.34 7.14 30.56 15.46 15.46 30.26 23.16 26.96 30.4 30.6 30.2 30.4 30.5 30.7 31 31 7.04 6.84 6.74
NaN NaN NaN NaN NaN NaN NaN NaN NaN NaN NaN NaN NaN NaN NaN NaN NaN NaN NaN NaN NaN 6.14 6.24 6.94 6.74 7.14 9.84 22.74 12.54 12.24 7.34 7.04 6.94 10.82 7.92 30.7 30.3 28.9 30.6 6.84 7.72 8.02 12.5 30.7 15.3 30.22 30.12 12.92 12.72 7.72 30.34 30.14 9.94 30.4 7.14 20.42 3.7 7.82 6.64 7.24 6.84 6.74 6.94 6.44 6.84 6.34 6.14 30.54 14.74 30.86 30.3 25.26 15.56 30.66 30.36 30.26 12.96 28.36 7.3 30.3 30.2 30.3 30.9 30.6 30.74 30.1 30.8 7.04
NaN NaN NaN NaN NaN NaN NaN NaN NaN NaN NaN NaN NaN NaN NaN NaN NaN NaN NaN 13.2 30.2 6.24 6.64 30.6 7 9.3 30.2 12.44 7.84 30.7 7.24 7.34 9.54 7.14 7.34 30.1 9.2 30.6 10.42 7.92 30.5 11.9 19.84 17.7 19.5 7.62 20.22 6.44 6.54 6.74 7.14 7.04 30.64 6.74 11.5 6.74 7.72 15.02 6.54 19.84 9.74 6.64 6.54 6.64 5.74 6.44 6.14 15.6 3.7 30.86 15.56 25.46 30.26 18.16 15.66 30.06 25.26 30.16 30.2 30.2 30.4 30.5 31.2 30.7 17.64 6.84 6.74 10.7
NaN NaN NaN NaN NaN NaN NaN NaN NaN NaN NaN NaN NaN NaN NaN NaN NaN NaN NaN 14.7 14.6 11.8 6.94 6.84 30.3 6.44 31.2 6.94 30.9 7.34 7.24 30.3 26.4 11.5 30.6 7.24 16.2 7.44 11.8 30.5 6.8 1.1 6.54 30.4 30.9 30.8 7.34 30.14 6.74 6.44 6.84 30.7 13.12 7.82 7.52 30.42 7.22 6.62 6.44 30.54 12.44 6.74 6.74 6.74 6.14 5.84 6.94 9.74 7.14 30.46 30.16 10.66 30.56 10.46 30.16 30.66 10.56 30.4 30.36 30.46 30.6 30.8 30.9 5.2 7.14 6.84 7.24 10.6
NaN NaN NaN NaN NaN NaN NaN NaN NaN NaN NaN NaN NaN NaN NaN NaN NaN NaN 6.38 6.18 6.28 6.48 6.48 6.48 30.4 6.38 30.8 6.98 6.38 6.98 12.28 7.38 30.8 11.94 11.74 28.8 8.5 7.24 30.5 30.6 6.44 9.8 8.6 6.64 6.74 6.64 6.54 6.94 6.44 6.94 6.74 6.94 6.94 30.3 27.1 7.02 12.32 5.94 20.2 6.64 7.14 17.14 6.44 6.54 5.84 6.14 6.74 7.44 9.64 18.06 30.02 28.36 31.06 7.04 7.24 17.14 30.06 6.94 15.46 20.46 13.16 30.9 31.2 30.3 30.2 7.04 6.74 6.84
