Outfile.asc
ncols         151
nrows         161
xllcorner     732047.419247
yllcorner     2561541.418206
cellsize      205.544554
NODATA_value  -9999
[rows 0 to 36 of 101, columns 0 to 81 of 151]
-9999 -9999 -9999 -9999 -9999 -9999 -9999 -9999 -9999 -9999 -9999 -9999 -9999 -9999 -9999 -9999 -9999 -9999 -9999 -9999 -9999 -9999 -9999 -9999 -9999 -9999 -9999 -9999 -9999 -9999 -9999 -9999 -9999 -9999 -9999 8 7.9 -9999 15.6 -9999 -9999 -9999 -9999 -9999 -9999 -9999 -9999 -9999 -9999 -9999 -9999 -9999 -9999 -9999 -9999 -9999 -9999 -9999 -9999 -9999 -9999 -9999 -9999 -9999 -9999 -9999 -9999 -9999 -9999 -9999 -9999 -9999 -9999 -9999 -9999 -9999 -9999 -9999 -9999 -9999 -9999 -9999
-9999 -9999 -9999 -9999 -9999 -9999 -9999 -9999 -9999 -9999 -9999 -9999 -9999 -9999 -9999 -9999 -9999 -9999 -9999 -9999 -9999 -9999 -9999 -9999 -9999 -9999 -9999 -9999 -9999 -9999 -9999 -9999 -9999 -9999 23 7.9 7.9 8 10.6 13.2 7.9 7.8 7.8 -9999 -9999 -9999 -9999 -9999 -9999 -9999 -9999 -9999 -9999 -9999 -9999 -9999 -9999 -9999 -9999 -9999 -9999 -9999 -9999 -9999 -9999 -9999 -9999 -9999 -9999 -9999 -9999 -9999 -9999 -9999 -9999 -9999 -9999 -9999 -9999 -9999 -9999 -9999
-9999 -9999 -9999 -9999 -9999 -9999 -9999 -9999 -9999 -9999 -9999 -9999 -9999 -9999 -9999 -9999 -9999 -9999 -9999 -9999 -9999 -9999 -9999 -9999 -9999 -9999 -9999 -9999 -9999 -9999 -9999 -9999 -9999 8 10.6 13 8 8.2 11.2 10.7 8.1 14.1 8 8.1 8.2 8 -9999 -9999 -9999 -9999 -9999 -9999 -9999 -9999 -9999 -9999 -9999 7.9 7.8 -9999 -9999 -9999 -9999 -9999 -9999 -9999 -9999 -9999 -9999 -9999 -9999 -9999 -9999 -9999 -9999 -9999 -9999 -9999 -9999 -9999 -9999 -9999
-9999 -9999 -9999 -9999 -9999 -9999 -9999 -9999 -9999 -9999 -9999 -9999 -9999 -9999 -9999 -9999 -9999 -9999 -9999 -9999 -9999 -9999 -9999 -9999 -9999 -9999 -9999 -9999 -9999 -9999 -9999 -9999 -9999 10.6 7.9 7.9 8 13.2 7.9 8 8 11.5 7 7.9 10.6 10.4 -9999 -9999 -9999 -9999 -9999 -9999 -9999 -9999 -9999 7.8 7.8 10.5 7.8 7.8 -9999 -9999 -9999 -9999 -9999 -9999 -9999 -9999 -9999 -9999 -9999 -9999 -9999 -9999 -9999 -9999 -9999 -9999 -9999 -9999 -9999 -9999
-9999 -9999 -9999 -9999 -9999 -9999 -9999 -9999 -9999 -9999 -9999 -9999 -9999 -9999 -9999 -9999 -9999 -9999 -9999 -9999 -9999 -9999 -9999 -9999 -9999 -9999 -9999 -9999 -9999 -9999 -9999 -9999 -9999 8.2 8.1 7.9 8 8.2 8 8 7.1 7 7 6.3 7.9 7.9 -9999 -9999 -9999 -9999 -9999 -9999 -9999 7.8 7.8 7.8 8 7.8 7.8 7.8 -9999 -9999 -9999 -9999 -9999 -9999 -9999 -9999 -9999 -9999 -9999 -9999 -9999 -9999 -9999 -9999 -9999 -9999 -9999 -9999 -9999 -9999
-9999 -9999 -9999 -9999 -9999 -9999 -9999 -9999 -9999 -9999 -9999 -9999 -9999 -9999 -9999 -9999 -9999 -9999 -9999 -9999 -9999 -9999 -9999 -9999 -9999 -9999 -9999 -9999 -9999 -9999 -9999 -9999 -9999 8.1 10.5 13.2 15.9 7.9 8.3 7.1 7 17.8 14.7 6.3 6.3 -9999 -9999 -9999 -9999 -9999 -9999 -9999 7.9 7.8 7.8 7.8 8 7.8 10.4 7.9 -9999 -9999 -9999 -9999 -9999 -9999 -9999 -9999 -9999 -9999 -9999 -9999 -9999 -9999 -9999 -9999 -9999 -9999 -9999 -9999 -9999 -9999
-9999 -9999 -9999 -9999 -9999 -9999 -9999 -9999 -9999 -9999 -9999 -9999 -9999 -9999 -9999 -9999 -9999 -9999 -9999 -9999 -9999 -9999 -9999 -9999 -9999 -9999 -9999 -9999 -9999 -9999 -9999 -9999 7.9 12.8 8.1 8.2 8.3 7.3 7.1 7.1 7.1 7.3 7.4 6.3 6.2 6.2 -9999 -9999 -9999 -9999 -9999 -9999 8.3 8.1 8.2 13.3 30.8 28.4 8.3 8.2 8 -9999 -9999 -9999 -9999 -9999 -9999 -9999 -9999 -9999 -9999 -9999 -9999 -9999 -9999 -9999 -9999 -9999 -9999 -9999 -9999 7.7
-9999 -9999 -9999 -9999 -9999 -9999 -9999 -9999 -9999 -9999 -9999 -9999 -9999 -9999 -9999 -9999 -9999 -9999 -9999 -9999 -9999 -9999 -9999 -9999 -9999 -9999 -9999 -9999 -9999 -9999 -9999 -9999 10.5 7.7 8.1 10.4 7.3 7.4 12.2 7.3 9.7 9.8 7.2 7 6.4 6.2 -9999 -9999 -9999 -9999 7.7 7.9 8.2 7.8 7.6 7.5 15.2 7.6 7.6 7.8 12.9 -9999 -9999 -9999 -9999 -9999 8.1 -9999 -9999 -9999 -9999 -9999 -9999 -9999 -9999 -9999 -9999 -9999 -9999 -9999 -9999 7.7
-9999 -9999 -9999 -9999 -9999 -9999 -9999 -9999 -9999 -9999 -9999 -9999 -9999 -9999 -9999 -9999 -9999 -9999 -9999 -9999 -9999 -9999 -9999 -9999 -9999 -9999 -9999 -9999 -9999 -9999 -9999 7.6 8 12.8 7.8 6.9 7 7 9 6.3 12.1 7.2 9.9 7 6.2 6.3 -9999 -9999 15.3 7.9 15.6 8.2 20.5 7.7 7.6 15.4 7.7 7.6 7.6 10.1 10.5 7.8 -9999 -9999 -9999 7.8 8.1 10.5 -9999 -9999 -9999 -9999 -9999 -9999 -9999 -9999 -9999 -9999 -9999 -9999 -9999 7.7
-9999 -9999 -9999 -9999 -9999 -9999 -9999 -9999 -9999 -9999 -9999 -9999 -9999 -9999 -9999 -9999 -9999 -9999 -9999 -9999 -9999 -9999 -9999 -9999 -9999 -9999 -9999 -9999 -9999 -9999 -9999 7 7.1 7 6.7 6.5 6.8 6.5 6.8 6.6 8.7 24.6 7.1 11.3 6.4 6.3 28.8 7.2 6.7 7.8 7.9 8.1 7.8 15.4 7.9 10.2 7.7 7.7 15.1 7.7 7.8 8 8 7.9 7.9 25.6 13.1 8 10.4 30.2 7.8 19.2 -9999 -9999 -9999 -9999 -9999 -9999 -9999 -9999 -9999 7.6
-9999 -9999 -9999 -9999 -9999 -9999 -9999 -9999 -9999 -9999 -9999 -9999 -9999 -9999 -9999 -9999 -9999 -9999 -9999 -9999 -9999 -9999 -9999 -9999 -9999 -9999 -9999 -9999 -9999 -9999 6.8 7.1 6.8 30.4 6.6 6.6 6.6 6.7 6.7 12.2 10.8 9.5 7.2 7.2 7.4 6.5 6.4 7.1 7.4 7.8 7.8 16 7.6 7.5 7.7 7.5 7.5 7.7 7.6 7.6 7.6 7.6 7.8 7.8 10.6 13 8.1 10.6 12.9 7.6 7.4 25.2 10.7 13 7.5 -9999 -9999 -9999 8.1 -9999 7.7 10.2
-9999 -9999 -9999 -9999 -9999 -9999 -9999 -9999 -9999 -9999 -9999 -9999 -9999 -9999 -9999 -9999 -9999 -9999 -9999 -9999 -9999 -9999 -9999 -9999 -9999 -9999 -9999 -9999 -9999 -9999 6.9 6.9 7 6.9 6.6 6.6 11.6 6.6 6.7 6.7 5.8 5.9 30.1 7.1 7.2 6.2 5.7 6 7.1 10.5 10.3 7.8 7.5 7.5 7.5 7.6 7.6 7.7 7.6 7.6 7.5 12.2 10.4 8 30.1 7.3 11.8 6.8 30.6 7.4 7.2 30.4 15.3 30.2 7.5 7.4 15 30.6 8 7.8 7.7 7.7
-9999 -9999 -9999 -9999 -9999 -9999 -9999 -9999 -9999 -9999 -9999 -9999 -9999 -9999 -9999 -9999 -9999 -9999 -9999 -9999 -9999 -9999 -9999 -9999 -9999 -9999 -9999 -9999 -9999 6.7 7.1 6.8 7 6.7 6.8 26.6 6.6 6.7 6.7 29.2 6.6 15.7 30.1 6.3 6.6 6.2 5.9 5.6 6.3 7 6.9 7.9 10.1 7.5 7.5 7.6 7.8 10.1 7.5 7.3 12.7 7.5 6.9 6.6 6.5 6.9 30.5 9.7 30.1 12.4 7.1 14.8 30 28.7 7.8 7 7.6 7.7 7.7 7.6 7.6 30.4
-9999 -9999 -9999 -9999 -9999 -9999 -9999 -9999 -9999 -9999 -9999 -9999 -9999 -9999 -9999 -9999 -9999 -9999 -9999 -9999 -9999 -9999 -9999 -9999 -9999 -9999 -9999 -9999 -9999 6.8 6.7 7 6.6 6.7 6.8 11.6 8.8 6.1 6.1 5.7 6.8 8.4 6.2 6.3 6.4 5.9 5.4 5.8 5.7 6.7 6.7 7.7 7.7 7.7 7.5 11.3 7.5 7.5 7.4 7.2 7.4 7.6 7.2 15.2 6.5 7 16.8 6.7 7.1 30.4 7.3 7.1 7.5 10.5 30.9 9.7 7.9 10.5 22.8 6.7 6.7 7.5
-9999 -9999 -9999 -9999 -9999 -9999 -9999 -9999 -9999 -9999 -9999 -9999 -9999 -9999 -9999 -9999 -9999 -9999 -9999 -9999 -9999 -9999 -9999 -9999 -9999 -9999 -9999 -9999 6.9 6.8 6.9 6.6 6.6 6.7 6.4 6.2 6.2 6.1 8.3 5.8 11.3 6.4 30.5 6.3 -9999 8.4 5.6 5.4 4.6 -9999 6.7 6.9 7.5 10.2 8 7.6 15.1 9.8 22.3 22.7 7.5 7.1 6.9 6.7 10.6 6.7 10.8 6.7 6.7 14.4 21.7 12.3 7.6 7.4 7.4 29.4 7 7.7 9.8 11.7 7.5 30.1
-9999 -9999 -9999 -9999 -9999 -9999 -9999 -9999 -9999 -9999 -9999 -9999 -9999 -9999 -9999 -9999 -9999 -9999 -9999 -9999 -9999 -9999 -9999 -9999 -9999 -9999 -9999 6.8 6.7 6.8 7.1 6.7 6.5 6.6 6.4 28.4 5.7 6.3 5.8 10.9 6.2 6.2 6.2 6.2 6.2 6.1 5.5 5.4 5.8 -9999 5.8 6.9 7.5 11.8 10.1 10.2 7.7 7.5 10 7.1 7.1 9.8 6.8 30.5 6.4 6.7 30.4 9.3 9.3 30.3 11.9 30.1 14.9 6.7 7.1 7.7 30.8 15.4 7.1 8 7.9 30.5
-9999 -9999 -9999 -9999 -9999 -9999 -9999 -9999 -9999 -9999 -9999 -9999 -9999 -9999 -9999 -9999 -9999 -9999 -9999 -9999 -9999 -9999 -9999 -9999 -9999 -9999 6.9 6.8 6.9 7.3 5.9 6.5 9.2 6.6 5.8 26.7 5.9 5.9 5.8 5.7 6.1 6.1 6.2 6.3 6.3 6.1 9 6.2 5.8 5.8 6 23.6 16.9 6.7 7.5 11.6 19.5 10.5 7.8 7.7 9.8 30.3 9.3 9.3 6.5 6.7 9.2 11.5 19.2 9.2 9.7 7.1 9.6 6.6 6.6 7.3 30.5 12.4 7.1 7.8 9.9 6.9
-9999 -9999 -9999 -9999 -9999 -9999 -9999 -9999 -9999 -9999 -9999 -9999 -9999 -9999 -9999 -9999 -9999 -9999 -9999 -9999 -9999 -9999 -9999 -9999 -9999 6 6.2 6 6.9 6.8 5.8 6.6 6.8 6 6.1 21.1 16.1 5.8 5.7 6.1 6.1 6.1 6.2 6.2 6.2 11.4 5.9 5.9 5.9 6 16 30.4 8.6 6.8 7 7.4 7.3 12.8 17.9 7.5 9.9 7 6.9 6.9 11.5 30.2 9.6 22.1 6.7 30.2 30.2 7.3 14.7 6.6 6.6 7 7 9.8 10.6 7.9 7.1 6.65
-9999 -9999 -9999 -9999 -9999 -9999 -9999 -9999 -9999 -9999 -9999 -9999 -9999 -9999 -9999 -9999 -9999 -9999 -9999 -9999 -9999 -9999 -9999 -9999 -9999 6 6 5.9 6.2 5.7 5.9 6.6 6.7 6.7 13.6 6 5.7 5.9 10.9 8.4 13.8 6.3 8.8 6.5 8.3 5.8 5.3 5.2 5.1 5 6.1 5.9 6 6 6.9 6.7 7.2 7.2 7.5 9.6 8.3 6.7 6.9 6.9 11.9 17.1 7.3 11.8 30.4 22.9 16.8 30.3 7.1 30.4 6.6 7.2 6.9 30.3 15.5 8.1 6.75 7.05
-9999 -9999 -9999 -9999 -9999 -9999 -9999 -9999 -9999 -9999 -9999 -9999 -9999 -9999 -9999 -9999 -9999 -9999 -9999 -9999 -9999 -9999 -9999 -9999 6 6 6 6.1 6.1 5.8 6 6.7 6.7 7 6.2 6 6.1 30.5 15.8 5.7 6.1 6.1 6.1 10.8 6 5.6 5.8 5.7 4.9 5.1 6.2 5.1 5.6 5.9 5.8 6.8 30.2 9.8 7.2 9.8 30.3 12.3 6.8 14.4 11.9 6.9 11.6 7.3 30.6 9.3 29.2 9.6 7.1 6.7 6.8 6.8 7.1 7.3 9.5 19.8 6.15 7.05
-9999 -9999 -9999 -9999 -9999 -9999 -9999 -9999 -9999 -9999 -9999 -9999 -9999 -9999 -9999 -9999 -9999 -9999 -9999 -9999 -9999 -9999 -9999 11.5 6.5 6.4 6.9 6.7 6 5.7 5.9 6.6 6.8 6.9 8.2 5.9 5.8 5.7 5.8 5.8 6.1 6.1 6.1 5.7 30.2 8.1 5.7 5.8 7.7 5.7 20.1 5.9 5 5.8 5.8 5.8 7.2 7.1 12.2 12.3 6.7 9.3 9.4 6.7 21.8 6.8 6.7 9.5 30.4 9.4 6.6 6.8 7.4 30 14.3 6.6 6.7 7.1 14.4 8.85 7.25 7.05
-9999 -9999 -9999 -9999 -9999 -9999 -9999 -9999 -9999 -9999 -9999 -9999 -9999 -9999 -9999 -9999 -9999 -9999 -9999 -9999 -9999 -9999 -9999 6.1 14.1 27.8 21.9 11.1 6 5.6 5.9 6.7 6.5 30.4 5.7 9.3 10.8 5.7 5.8 6.2 6.2 6.1 6.3 5.9 11.8 6.5 5.3 5.8 5.5 5 5.7 5.6 4.7 5.5 5.5 5.5 6 8.4 18.5 7.1 6.7 6.8 6.8 6.9 14.3 6.7 6.7 6.9 6.7 6.8 11.7 9 6.5 30.6 25.5 7 16.5 6.6 6.15 9.95 7.15 17.25
-9999 -9999 -9999 -9999 -9999 -9999 -9999 -9999 -9999 -9999 -9999 -9999 -9999 -9999 -9999 -9999 -9999 -9999 -9999 -9999 -9999 -9999 -9999 -9999 23.2 6 6.2 21 6.4 6.4 6.2 5.9 5.8 18.6 5.7 5.7 5.7 6.2 5.7 5.8 6.3 6.3 6.3 6.3 6.4 6.4 6.4 5.6 5.7 5.8 5.3 5.3 4.6 5.7 5.5 5.7 7.2 7.1 7.2 8.1 9 6.4 30.1 6.5 6.4 6.5 14.4 6.8 6.5 6.5 6.6 24.2 6.5 6.6 6.1 8.6 6.2 6.2 7.35 9.95 14.65 7.25
-9999 -9999 -9999 -9999 -9999 -9999 -9999 -9999 -9999 -9999 -9999 -9999 -9999 -9999 -9999 -9999 -9999 -9999 -9999 -9999 -9999 -9999 -9999 5.3 5.6 8.9 6.1 6 6.1 6 6.4 6.4 8.7 5.7 5.8 6.1 5.7 8.3 5.7 6.1 6.2 6.4 5.9 5.9 6.1 6.4 6.7 5.7 6.2 5.5 5.7 5.5 4.9 5.8 6 15.1 7.5 7.5 10.2 7.4 6.7 6.7 6.7 6.7 9.3 14.5 6.5 6.7 6.9 6.9 6.9 11.3 8.7 16.3 30.1 6 5.9 6.45 7.35 7.25 7.25 6.95
-9999 -9999 -9999 -9999 -9999 -9999 -9999 -9999 -9999 -9999 -9999 -9999 -9999 -9999 -9999 -9999 -9999 -9999 -9999 -9999 -9999 5.3 5.4 13 5.4 30.2 6.1 6 6 6 6.4 6 30.3 6.2 6.3 5.8 5.9 12.4 8.1 5.9 5.3 5.5 5.7 5.8 5.6 6.1 11.6 5.3 5.9 5.7 5.5 4.8 4.8 5.8 5.9 12.5 7.3 7.5 7.4 7.4 7.4 30.3 6.7 6.6 16.7 6.5 6.3 6.6 6.2 6.2 6.2 6.3 6.3 6.3 30.6 6.3 8.8 6.65 7.45 7.35 7.05 7.05
-9999 -9999 -9999 -9999 -9999 -9999 -9999 -9999 -9999 -9999 -9999 -9999 -9999 -9999 -9999 -9999 -9999 -9999 -9999 -9999 -9999 5.2 5.4 5.5 12.9 7.8 5.4 5.3 5.8 6.9 6.8 7.1 8.7 5.9 30.4 5.2 5.1 5.1 5.1 5.4 5.2 5.3 5.3 6.1 21.2 5.8 5.2 4.8 5.9 5.8 5.7 4.9 4.9 5.8 7.3 7.4 7.5 7.4 5.7 7.3 7.3 7.1 -9999 6.7 16.8 6.5 6.5 9.6 6.3 6.2 6.2 -9999 6.3 26.6 6.2 6.4 14.8 6.55 7.25 6.55 7.05 7.05
-9999 -9999 -9999 -9999 -9999 -9999 -9999 -9999 -9999 -9999 -9999 -9999 -9999 -9999 -9999 -9999 -9999 -9999 -9999 -9999 6.2 7.1 5.4 5.3 5.2 5.4 5.2 5.3 6.2 5.2 6.9 6.8 6.8 6 5 20.2 5.1 5.1 5.1 4.9 5.2 5.2 5.8 30.5 5.4 5.7 5.2 9.8 4.7 5.7 5 5 5.6 13.3 5.8 6.1 5.6 18.3 5.9 5.9 5.9 9.9 9.9 13.1 6.2 6.2 6.3 6.8 8.8 6.2 6.2 16.4 6.3 6.3 6.3 6.2 6.45 6.35 6.65 6.3 7.3 7.3
-9999 -9999 -9999 -9999 -9999 -9999 -9999 -9999 -9999 -9999 -9999 -9999 -9999 -9999 -9999 -9999 -9999 -9999 -9999 -9999 6.9 7 7 5.3 6.1 8.6 6 6.2 6 6 6.5 6.1 9.2 6.3 5.8 5.9 5.8 5.1 4.9 4.9 5.2 5.3 5.7 30.2 11.9 5.8 4.7 4.7 4.9 4.9 5.1 5.6 8.4 5.9 5.9 5.6 5.6 5.7 10.8 5.9 6.3 7.5 7.4 7.3 5.7 5.7 6.2 6.6 8.9 6.3 6.3 11.3 6.2 23.8 8.8 6.2 6.6 9.1 6.5 6.4 6.2 15.9
-9999 -9999 -9999 -9999 -9999 -9999 -9999 -9999 -9999 -9999 -9999 -9999 -9999 -9999 -9999 -9999 -9999 -9999 -9999 6.9 7 7 7 7 6 6.1 6.2 6.1 6 6.1 6.5 30.1 6 6 5.2 5.1 5 5 4.9 4.9 12 7 5.8 5.2 5.1 5.2 5.3 4.7 12.5 10.7 5.4 30.4 5.8 5.4 5.7 5.7 5.7 5.6 6 6 6 7.7 9.9 12.4 5.8 28.3 8.3 30.4 30.3 6.5 6.5 6.3 8.9 6.3 6.4 6.6 30.2 6.7 6.3 6.3 8.9 21.5
-9999 -9999 -9999 -9999 -9999 -9999 -9999 -9999 -9999 -9999 -9999 -9999 -9999 -9999 -9999 -9999 -9999 -9999 -9999 7 7 7.1 7 6.9 6.9 6.2 6 6.1 6.3 6.3 6.2 6 5 5 7.8 5.1 5 5.1 4.9 9.1 6.9 7.7 29.1 7.8 5.2 5.3 15.3 5.6 5.4 5.6 5.7 5.7 5.9 5.7 5.7 5.8 5.9 6 6 5.9 6.1 7.05 5.45 5.25 5.7 5.7 5.7 5.9 30.4 11.2 6.1 6 30.4 8.8 6.5 6.5 6.5 9.1 6.2 6.2 30.5 30.5
-9999 -9999 -9999 -9999 -9999 -9999 -9999 -9999 -9999 -9999 -9999 -9999 -9999 -9999 -9999 -9999 -9999 -9999 -9999 7.1 7.3 7 7 7 7.2 6.3 6.2 8.7 6.3 6.3 6 6 5 5 5.1 20.5 5.3 5 6.6 9.1 30.1 7.8 6.2 6.3 6.6 5.6 5.6 5.3 5.3 5.3 5.5 5.4 7 4.4 5.7 5.8 6 5.2 4.9 5.45 5.15 7.95 5.65 5.45 5.25 5.35 10.8 5.7 6.1 6 5.9 8.5 5.9 18.9 30.5 15.1 7.3 9.8 7.2 12.4 10 7.2
-9999 -9999 -9999 -9999 -9999 -9999 -9999 -9999 -9999 -9999 -9999 -9999 -9999 -9999 -9999 -9999 -9999 -9999 7.2 22.2 7.1 6.9 7.1 7.2 6.9 7 16 11 6.2 16.4 6.1 6.1 5.2 5.3 4.9 5.1 5.4 5 12.5 7.4 7.6 12.8 9.9 30.2 6.4 6.3 5.6 15.5 5.4 7.9 8 10.5 9.6 13.1 5.3 4.9 7.4 4.9 5 7.75 5.15 5.35 5.75 17.85 8.85 5.55 5.55 5.45 5.45 5.65 13.7 18.7 8.6 6.5 7 7 12.2 7.1 7.2 7.1 7.1 30.4
-9999 -9999 -9999 -9999 -9999 -9999 -9999 -9999 -9999 -9999 -9999 -9999 -9999 -9999 -9999 -9999 -9999 7 9.8 7.2 7 7.1 7 6.9 7 7.3 22.2 12.1 6.5 6.5 5 5 4.8 4.8 4.9 7.7 8.1 23.4 7.3 7.7 7.8 -9999 7.6 7.7 6.5 8.1 5.7 7.3 7.3 9.5 6.9 9.8 30.1 4.8 30.4 8.5 4.9 4.7 4.5 5.25 5.35 7.95 30.55 5.85 5.75 13.35 13.25 5.65 8.15 10.85 5.8 8.2 5.9 30.1 7.1 7.1 6.7 5.8 30.3 5.9 6.2 6.1
-9999 -9999 -9999 -9999 -9999 -9999 -9999 -9999 -9999 -9999 -9999 -9999 -9999 -9999 -9999 -9999 -9999 -9999 7.2 7.1 7.1 7.2 7.1 30.1 7.1 14.7 7 7.1 28.5 7 6.6 6 6.1 30.1 6.3 6.3 6 6.1 7.6 7.5 7.4 -9999 -9999 -9999 30.2 8.2 8.2 7.5 15.5 7.1 30.5 12.1 6.9 5.6 5.6 6 5.2 5.1 4.6 5.55 8.75 30.25 13.35 5.55 5.55 5.75 5.35 5.65 5.65 5.75 8.5 13.8 6 8.5 6 6.6 8.3 5.7 10.8 23.4 5.8 24.5
-9999 -9999 -9999 -9999 -9999 -9999 -9999 -9999 -9999 -9999 -9999 -9999 -9999 -9999 -9999 -9999 -9999 -9999 8.3 7 14.6 9.5 7 9.8 11.9 30.1 7 7.1 7.9 30.1 30.4 11.3 8.8 6.3 11.5 21.3 6.3 6.3 7.8 7.9 7.7 -9999 -9999 -9999 7.5 -9999 8.1 8.3 7.2 7 5.5 5.4 8.3 5.9 8.2 5 6 5 5.1 5.45 10.45 5.65 18.25 5.45 10.55 5.65 5.65 5.65 5.2 7.8 5.2 6.4 6.5 6.2 6.3 6.1 6.1 6.2 6 21.2 5.7 10.8
-9999 -9999 -9999 -9999 -9999 -9999 -9999 -9999 -9999 -9999 -9999 -9999 -9999 -9999 -9999 -9999 -9999 -9999 -9999 8 17.8 30.2 7.1 6.9 7.1 7.2 7 7.1 -9999 -9999 -9999 6.2 6.1 6.2 28.9 6.3 16.5 6.4 11.5 10.4 7.7 -9999 -9999 -9999 -9999 8.2 8.1 8.3 8 8.1 6.7 6.5 6.3 15.7 5.7 5.1 5.2 5.7 5.6 5.35 5.75 5.45 5.55 14.25 5 4.7 5.3 5.2 5.2 12.8 8.9 9 13.8 6.2 6.2 28.5 30.2 13.7 8.6 6.1 6 5.55
-9999 -9999 -9999 -9999 -9999 -9999 -9999 -9999 -9999 -9999 -9999 -9999 -9999 -9999 -9999 -9999 -9999 -9999 -9999 -9999 8.1 15.6 7 7 7.1 12.1 12.4 7.1 -9999 -9999 -9999 -9999 6.1 6.2 6.2 6.3 6.3 6.4 6.3 15.6 7.9 -9999 -9999 -9999 -9999 8.1 8.8 8.2 8.3 8.1 8.2 18.2 5.9 5.8 23.4 13.4 5.7 5.6 5.6 6.15 5.65 -9999 5.45 -9999 5.1 4.9 5.2 14 7.8 10.9 6.5 9 6 6.1 6.1 6.2 11.2 30.3 6 23.5 6.1 5.75
