Outfile_1.asc
NCOLS 201
NROWS 151
XLLCORNER 733748.947016
YLLCORNER 2561541.418206
CELLSIZE 137.483444
NODATA_VALUE NaN
[rows 39 to 77 of 151, columns 89 to 177 of 201]
7.6 5.1 9.2 30.3 7 7.1 5.2 3.7 6.18 6.18 7 9.6 9.1 9.2 6.53 7.9 30.4 6.48 6.28 7.36 7.46 7.22 7.42 12.32 7.37 7.17 7.27 7.27 7.27 7.37 9.67 9.67 7.21 7.01 7.11 7.41 7.41 7.1 1.2 9.6 3 6.87 5.93 3 6.23 30.1 7.7 8.2 NaN NaN NaN NaN NaN NaN NaN NaN NaN NaN NaN NaN NaN NaN NaN NaN NaN NaN NaN NaN NaN NaN NaN NaN NaN NaN NaN NaN NaN NaN NaN NaN NaN NaN NaN NaN NaN NaN NaN NaN NaN
6.38 6.18 6.28 17.2 10.7 7 9.1 5.1 1 6.18 30.2 9 30.6 6.53 5.3 5.1 6.58 6.18 7.8 7.06 6.58 6.74 14.72 9.82 9.92 18 7.27 6.97 6.87 12.3 12.17 14.1 3.2 7.17 7.21 7.21 1.1 6.47 6.47 6.57 7 6.67 6.03 3 21.6 30.1 3 5.8 3.1 NaN NaN NaN NaN NaN NaN NaN NaN NaN NaN NaN NaN NaN NaN NaN NaN NaN NaN NaN NaN NaN NaN NaN NaN NaN NaN NaN NaN NaN NaN NaN NaN NaN NaN NaN NaN NaN NaN NaN NaN
6.58 6.38 6.08 6.08 6.28 6.08 7.1 30.1 6.08 1.1 3.6 26.9 5.2 30.3 7.7 5.3 11.7 6.08 5.6 15.5 6.38 6.54 7.22 7.12 7.22 7.12 7.07 7.27 6.3 30.2 30.5 7.27 30.3 9.57 5.99 6.13 3.7 1 6.37 1.1 6.13 5.7 1.1 3 9 5.1 14.1 20.8 26.7 5.1 NaN NaN NaN NaN NaN NaN NaN NaN NaN NaN NaN NaN NaN NaN NaN NaN NaN NaN NaN NaN NaN NaN NaN NaN NaN NaN NaN NaN NaN NaN NaN NaN NaN NaN NaN NaN NaN NaN NaN
6.48 6.38 6.08 6.08 6.18 6.38 3 5.7 6.2 5.2 6.08 30.3 11.8 10.2 6.58 7.6 6.18 10.2 6.38 3.3 12.8 17.8 5 7.12 7.12 7.32 7.02 6.19 6.49 3.8 8.9 7.17 6.97 5.99 3.6 3.9 6.23 6.03 6.03 6.13 5.1 6.33 20.6 5.1 5 26.7 30.2 3.1 5.2 7.7 10.1 NaN NaN NaN NaN NaN NaN NaN NaN NaN NaN NaN NaN NaN NaN NaN NaN NaN NaN NaN NaN NaN NaN NaN NaN NaN NaN NaN NaN NaN NaN NaN NaN NaN NaN NaN NaN NaN NaN
5 3.8 3 5.78 5 5.9 5.6 10.4 5.7 9 9.6 9.7 9.2 30.4 6.48 6.08 6.08 6.08 5.3 5.8 6.28 12.8 14.82 7.02 7.02 7.22 7.42 6.29 6.09 6.09 8.9 1.4 1.1 1 1.1 1.2 1.1 1 1 3.1 13.6 1.1 10.6 30.5 20.7 9.1 6.03 5 5 7 7.7 3.1 NaN NaN NaN NaN NaN NaN NaN NaN NaN NaN NaN NaN NaN NaN NaN NaN NaN NaN NaN NaN NaN NaN NaN NaN NaN NaN NaN NaN NaN NaN NaN NaN NaN NaN NaN NaN NaN
3 3.2 5.88 5 7.3 30.3 14.9 9.1 9.1 9 7.9 20.1 6.58 7.26 5.7 6.96 3.6 18.8 3.8 6.08 5 7.32 9.92 9.82 9.82 7.32 7.02 7.02 6.19 6.39 6.3 9 7 1.1 8.3 6.2 1 16.6 1 1.1 1.1 1.2 9.6 5 11.6 7.6 11.6 5 5 5.93 6.03 13.4 5.93 NaN NaN NaN NaN NaN NaN NaN NaN NaN NaN NaN NaN NaN NaN NaN NaN NaN NaN NaN NaN NaN NaN NaN NaN NaN NaN NaN NaN NaN NaN NaN NaN NaN NaN NaN NaN
5.78 1 1.2 5.88 5.98 7.7 22.2 9.1 11.6 15.4 30 3.2 7.26 6.96 6.96 17.16 5.7 6.2 7.16 6.96 7.06 7.12 7.52 9.92 7.32 14.72 6.14 5 1.2 6.19 1.1 8.9 8.9 6.97 6.97 6.97 1.1 1.1 1.1 6.13 1.2 6.1 1 8.6 5.6 7.6 3.2 3 3 3 1.2 3.1 6.81 NaN NaN NaN NaN NaN NaN NaN NaN NaN NaN NaN NaN NaN NaN NaN NaN NaN NaN NaN NaN NaN NaN NaN 7.12 12.7 5.1 NaN NaN NaN NaN NaN NaN NaN NaN NaN NaN
5.3 3.6 3 5.98 6.08 9.1 11.6 17.2 30.4 5.8 7.16 17.26 7.1 9.56 6.4 7.16 7.36 12.16 7.26 9.86 5.3 7.22 7.32 7.42 15.3 30.3 30.2 30.4 8.2 6.09 7.17 7.27 12.17 7.27 3.8 6.97 6.97 6.97 6.2 1.1 3.1 1.1 1 6.03 1 25.8 1.2 1 7 9.8 3.1 7.01 3.1 6.91 NaN NaN NaN NaN NaN NaN NaN NaN NaN NaN NaN NaN NaN NaN NaN NaN NaN 7.4 6.92 12.6 7.02 13.7 7.02 11 5.1 9.62 6.92 5.22 5.2 10.2 5.12 5.12 5.1 5.02 5.02
5.2 3 9 30.3 5.98 5 1.1 26.8 30.5 5.2 6.96 7.06 30.16 14.66 1 1 9.66 7.26 16.3 5.1 5 3.7 7.12 15.2 10.4 3.4 3.5 6.54 30.3 9.6 9.87 7.07 7.07 7.17 17.37 9.97 5.7 9.57 12.2 10.9 3.2 3.2 3.1 6.13 6.03 5.7 13.4 6.1 6.33 5.93 7 3.1 6.81 6.91 6.81 NaN NaN NaN NaN NaN NaN NaN NaN NaN NaN NaN NaN NaN NaN NaN NaN 1 7.4 5.1 7.4 9.52 6.82 7.32 7.12 1 16.1 3 6.82 7.8 10.1 5.12 5.02 5 5.02
30.3 5 7.6 3.3 3.1 3.1 23.7 30.4 9.5 5.1 12.36 7.16 21.6 5.98 5.78 30.5 23 5.98 3.2 8.2 28.4 1.1 3.1 5.84 9.6 8.3 5.74 5.74 5.3 3.7 3.7 6.97 7.07 7.27 6.87 6.97 3.2 3.1 3 3.2 1 6.13 11.6 5.93 7 1.1 3.8 6.13 6.03 1 5.93 1.1 1.1 1 6.81 NaN NaN NaN NaN NaN NaN NaN NaN NaN NaN NaN NaN NaN NaN NaN NaN NaN 7 7.7 7.6 22.8 7.7 7.8 1.2 15.4 10.4 7.5 7.5 5.32 5 5.22 5.02 6.82 6.82
7.2 5 5.83 5.7 3.2 9.6 30.3 14.3 30.2 29.3 6.66 7.1 30.3 17.8 5.98 6.08 6.76 8.2 3.3 30.4 3.1 20.6 5.1 5.1 27.2 3.2 1.1 5.1 3.6 8.7 5.99 6.67 1 6.57 16.1 8.1 6.87 6.97 5.7 8.4 5.99 7.1 7.6 5.93 7 1.1 5.8 6.3 5.93 1 6.81 1.1 3.6 3 6.81 6.81 NaN NaN NaN NaN NaN NaN NaN NaN NaN NaN NaN NaN NaN NaN NaN 9.1 7.2 7.7 7.8 7.6 7.6 7.8 7.7 7.2 15.5 7.8 7.8 5.22 5.02 5.12 5.02 6.82 6.82
16.6 5.73 5.83 19.2 9 26.7 30.2 9.2 6.28 3.8 7.36 7.5 30.3 5.1 18.9 3.9 5.68 5.68 3 3 22.6 5.74 7.1 7.1 17.2 7.1 6.4 7.2 5.3 18.9 1.1 1.1 30.4 5.69 1.1 1.1 3 6.37 3.2 5.7 6.19 5.1 9.6 5.43 7 1.2 1.2 1.2 3 5.43 6.31 7.2 6.31 6.31 6.31 6.46 6.46 NaN NaN NaN NaN NaN 6.5 NaN NaN NaN NaN NaN NaN NaN NaN 7.2 7.6 7.7 7.5 7.4 7.4 1.2 7.4 7.6 7.9 8 7.8 12.22 5.32 5.02 5.02 5.02 NaN
9.2 29.3 24.3 29.2 14.3 14.2 30.6 30.2 30.4 19.3 12.3 7 10.1 3.8 1 1 16.3 9.1 9 3 5.6 30.3 7 7 1 5.4 17.8 15.7 5 20.2 10.8 20.1 5.7 5.99 5.69 10.3 1.1 6.37 22.1 1.1 7.1 14.7 19.7 5.53 5.53 10.7 7.1 5.53 3.1 1 1 6.51 6.31 1 5.58 6.46 3 6.46 6.5 6.5 6.5 6.9 6.9 6.5 NaN NaN NaN NaN NaN NaN 7 12.5 7.7 7.8 7.4 7.4 7.6 7.4 7.4 10.1 7.7 7.7 7.8 7.52 5.32 5.22 5.22 NaN NaN
30.5 30.3 14.6 11.5 30.2 30.4 30.4 24.2 9.3 9.1 5.88 9 10.3 1.2 1.1 8.8 5.98 30.7 14.2 5.98 7.7 5.49 5.6 3 1.3 3.1 1.2 5.59 5.49 1.1 7.6 5.59 3.1 18.3 3.6 16.5 7.1 6.47 30.2 9.7 7.1 14.8 7.3 22.3 6.3 10.8 1.1 1.1 3 5.7 5.53 5.53 1 6.46 5.58 1 6.46 6.56 6.4 6.6 6.6 6.7 7 6.6 NaN NaN NaN NaN NaN 7.1 5.1 7.4 7.6 7.5 7.6 7.4 7.6 7.4 7.5 7.4 7.5 7.7 7.7 7.22 12.42 NaN NaN NaN NaN
30.5 30.6 21.8 14.1 19.3 11.8 30.2 30.4 30.4 6.08 7.1 7.7 30.4 5.98 3.2 5.6 1 1.1 3.8 5.98 3 5.49 5.6 3.2 8.2 8.8 1.1 1.1 3 1.2 5 5 5.8 5 1.2 6.57 17.3 6.57 11.1 1 1 7.1 30.4 9.6 1.1 14.7 30.3 8.3 3.1 1.2 5.83 5.53 6.46 6.46 3 1 6.56 1.1 1.2 6.4 6.7 6.7 6.4 10.3 NaN NaN NaN NaN NaN 6.7 6.8 6.8 15.2 14.2 10.1 10.4 7.7 7.6 7.5 15.1 7.6 1.1 7.7 7.22 22.12 NaN NaN NaN NaN
30.2 12 30.8 19.3 14.4 11.6 11.6 30.4 5.1 7.6 5.2 5.1 30.3 3.7 5.98 1.2 1.1 3.8 3.1 6.18 5.2 16.7 3 1.1 5.7 1 1.2 5 5.69 18.2 7 3 3.6 8.1 5.79 6.2 6.47 5.69 7.2 5.59 5 30.6 7 7.1 7.1 7.1 6.1 8.1 5.7 3.1 17.2 1 6.41 6.56 5.68 5.78 6.56 6.56 6.6 6.5 6.7 6.5 6.6 6.5 NaN NaN NaN NaN 6.9 6.8 6.8 7.1 6.9 7.4 7.5 10 12.8 12.5 7.5 7.6 7.5 7.4 17.7 9 7.9 NaN NaN NaN NaN
30.5 24.3 12.3 30.5 30.7 14.2 16.6 3.1 3.9 1.1 5 8.2 3.7 5.88 3.1 5.88 5.6 3.3 15.2 30.3 22.7 30.2 1.1 5.8 5.59 5.69 5.79 5 7 30.3 5 5.59 3.1 1 5.79 5.3 5.49 5.79 5.49 14 5.3 30.4 7.1 7 7 27.7 9.7 21.1 5.53 3.1 17.2 3.1 3 1 5.78 3 5.58 5.68 6.8 1.4 7.1 6.7 11.5 NaN NaN NaN 6.7 6.02 5.92 1.2 1 6.9 7 6.8 9.9 7.7 7.5 7.5 7.4 7.5 7.5 7.6 7.5 7.4 NaN NaN NaN NaN NaN
30.5 30.5 11.6 30.2 29.3 9.2 30.4 8.3 12.9 7.7 5 8.3 5.98 3 1.2 8.2 3.1 24.2 5 1.1 1.2 18.2 3.1 7.8 5 5.49 5.89 5.59 30.3 5.79 5.1 5.7 5.59 5.69 1 20.4 5.49 5.1 7.7 3.8 5 17.4 5.7 7 7 7 7.2 3.7 3.6 2.1 13.1 5.7 5.7 17.7 3.1 3.1 1.1 6.56 6.6 1.2 6.7 6.4 NaN NaN NaN NaN 22.7 6.02 7.1 1.1 6.9 30.3 9 6.4 6.7 5 30.1 7.5 15.2 7.6 7.4 7.5 7.5 7.4 NaN NaN NaN NaN NaN
16.9 30.3 30.5 30.1 9.2 11.6 30.6 1.1 7.8 30.3 5.3 3.1 6.08 15.7 10.9 6.1 7 5.6 5.6 5 5 13.3 3.3 5.1 5.59 5.49 5.59 5.69 30.3 7.7 5 3.6 7.1 3 3.1 22 30.3 1.3 30.4 5.49 7 9.8 5 9.6 5.1 7 12.2 10.8 8.2 3.2 3.2 5.63 5.63 7.6 1.1 5.58 5.78 5.68 6.8 6.8 6.5 6.4 6.4 NaN NaN 12.2 9.7 22.8 6.7 6.7 6.7 7.1 6.8 6.9 9 6.7 7.2 7.3 7.4 7.6 7.4 3.6 7.9 7.8 NaN NaN NaN NaN NaN
19.2 30.6 14.3 30.5 26.5 3.5 6.48 9.5 23.2 30.4 5.1 5.1 5.3 7.7 7.8 5.6 1.1 7.6 5.1 5 5 5.3 3.8 7.6 3.1 5.49 5.59 5.59 5.89 7.7 5.69 25.3 5.7 7.1 1.1 30.2 6.3 10.2 5.2 3 5.2 5.2 1.1 28.6 9.6 30.3 17.8 12.8 5.1 7.6 6.2 5.53 5.53 5.53 5.43 15.8 3.2 5 6.8 6.7 7.1 7.1 6.5 6.6 6.6 NaN 5.82 6.8 7 5.92 7 30.4 7 7.1 9.8 9.1 7.3 7.6 7.7 7.8 8 7.8 8.1 7.9 8 NaN NaN NaN NaN
30.8 30.8 30.5 30.4 30.4 6.38 6.68 8.3 18.8 16.6 11.4 10.3 7.7 30.6 7.7 7.7 5.7 9.9 12.9 10.4 7.9 5.4 10.5 7.8 5.79 5.89 5.79 5.79 5.89 5.69 18.4 5.6 3 1 9 14.2 30.5 9.1 1.2 5.4 10.3 5.59 7 5.49 5.43 5.53 5.2 5.63 5.2 7.6 17.8 5.1 5.43 5.63 5.53 3.1 10.1 6.08 1.3 7.1 30.4 1.1 6.5 5 6.4 16.7 22.2 6.8 6.12 1.2 7.3 12.4 7.6 30.3 7.4 9.9 7.3 7.6 22.8 7.6 1.1 10.5 8.1 7.9 7.9 13 NaN NaN NaN
30.6 21 30.4 30.8 7.18 30.7 10.2 30.2 30.5 9.2 30.3 14.2 5.2 12.6 5 5.1 5.1 5.2 3.2 12.7 7.7 7.7 7.8 8.4 5.69 5.79 5.59 5.79 5.99 3.6 5.89 13.9 16.7 7.6 17.3 11.7 22.2 3.7 5.59 3.2 5.69 1.1 5 3 5.1 5.53 5.63 5.53 7.3 5.53 5.1 5 1.1 5.1 3.2 5 6.18 30.4 6.02 30.3 5.8 5.8 7.1 6.5 5.1 30.2 9.8 7 6.12 7.2 6.2 7.1 7.4 6.52 7.1 7.2 7.4 10.1 7.7 10.2 7.5 7.8 8 7.8 7.9 8.1 NaN NaN NaN
11.7 30.6 21.8 30.9 5.2 6.2 30.3 30.4 30.6 30.5 30.3 30 30.4 3.3 7.7 3.1 5.1 7.7 8.3 5.1 10.2 15.7 5.1 5.8 5.2 5.69 1.4 8.1 3.9 6.4 3.2 5.59 30.7 30.4 16.6 14.2 5.39 5.29 5.49 5.1 25.3 12.9 5.1 5.1 5.63 5.73 5.43 5.63 3.2 5.63 5.2 7.7 5.83 5.93 8.4 5.83 9.1 7.2 5.82 5 3.1 15.2 3 7 5.72 7.1 7.7 6.22 6.12 3.2 6.12 6.42 6.42 6.42 6.22 6.22 9.8 7.6 7.6 7.7 1.3 30.2 7.6 15.2 8 NaN NaN NaN NaN
26.8 30.6 30 6.28 30.4 30.3 12.4 16.9 30.7 30.4 30.5 30.2 24.8 30.4 3 3 7.6 3.2 9.1 7.6 5 10.2 10.1 5.7 5.69 19.8 5.69 5.3 5.79 30.5 4 10 5.79 11.7 7.6 5.59 5.39 5.69 5.49 5 11.2 7.1 7.6 5.2 5.1 21.4 7.2 5.2 27.9 30.4 5.8 10.2 5.2 7.8 20.4 14.4 9.1 5.98 5.78 5 12.2 5 9.6 5 5.82 6.42 7.3 5 5.1 6.12 3.8 3.1 3.6 1.1 7.3 7.1 7.2 7.3 7.8 1 7.5 10.35 7.65 7.85 8.05 NaN NaN NaN NaN
30.2 30.5 30.8 NaN NaN NaN 10.2 24.3 9.1 30.4 17 12 11.9 30.4 9.2 9 20.3 5.1 6.2 3.7 5.1 1.1 3 3.3 17.2 30.3 5.1 6.29 6.59 6.39 28 7.1 7.1 7.2 6.09 6.09 6.09 5.99 5.59 19.7 5 7.3 5.1 5.2 5.3 30.2 16.5 19.8 7.1 17.2 14.6 3 5.1 7.7 30.3 9 25.4 5.98 5.88 1.1 6.02 7.1 5.7 3.8 1.1 2.9 1 1.1 22.7 6.32 10.2 5 6.32 6.22 9.8 3.3 7.3 7.35 7.75 7.75 7.75 7.95 7.85 7.85 20.65 7.75 NaN NaN NaN
30.8 30.2 NaN NaN NaN NaN NaN 10.3 29.3 30.7 30.2 21.7 11.7 11.9 30.1 30.7 22.2 15.1 7.8 3.1 5.69 5.1 5.1 5 7.7 15.2 30.4 6.59 6.39 6.49 5.2 5 5.89 5.99 7.9 6.29 6.19 5.99 5.99 6.09 7 7.2 24.7 5.2 27.8 7 7.1 11.6 30.2 12.1 3 27.7 9.7 11.6 3 19.1 12.8 11.7 5.88 17.2 6.02 5.1 5 3.7 12.2 1 3.6 3.8 6.12 6.42 5 5 1.1 1.2 7.25 12.55 7.35 12.55 7.95 15.35 7.85 7.85 12.85 7.85 10.3 7.75 7.65 1 7.65
5.58 NaN NaN NaN NaN 6.58 16.8 9.7 30.2 19.2 30.3 14.3 19.2 20.2 13.9 27.8 30.5 5.2 22.8 17.7 1.2 1 1.1 7.6 5.3 10.2 6.19 21.2 7.7 6.09 6.19 5.99 5.99 5.89 6.19 6.09 5.99 5.99 6.09 6.09 6.09 6.29 5.93 6.23 5.83 19.2 5.93 30.7 5.1 7.6 9.6 7.1 7.1 7 5.63 5.1 3.3 5.83 20.3 3.7 3.6 7 9.1 11.6 30.3 9 9.1 27.2 6.9 9.7 6.9 7.15 7.3 6.37 6.57 7.45 7.55 9.95 7.35 7.65 7.75 7.75 7.65 7.95 7.9 7.65 7.65 7.65 7.65
NaN NaN NaN NaN 5.18 5.38 1.4 30.3 24.3 12 30.8 16.8 9.1 24.2 9 30.1 8.9 30.8 7.9 30.4 8 30.4 5.2 12.8 19.7 6.09 6.29 20.5 5.89 6.29 5.99 5.99 5.99 5.99 6.39 6.19 5.89 6.29 5.99 5.99 6.09 30.3 1.3 30.2 7.1 9 7.1 5.93 20.2 9.7 7.2 5.83 5.63 5.63 5.73 5.83 5.93 9 5.63 6.48 6.58 9.6 5.98 5 6.12 7 7 7.1 12.2 13.55 25 7.25 1.2 1 6.17 7.35 7.25 9.95 7.25 7.35 10.35 7.75 7.75 7.85 8.15 7.65 7.65 7 7.65
NaN NaN NaN 10 6.5 8.4 30.6 21.7 27.2 30.3 30.8 12.3 24.2 17.2 12.1 1 6.28 6.6 6.14 6.64 30.5 5.7 5.54 7.7 6.29 6.49 6.09 6.09 5.3 6.19 5.99 5.99 5.89 6.54 5.99 6.09 6.09 5.99 6.19 6.19 30.4 6.39 11.6 24.1 5.93 26.6 9 14.6 24.4 30.4 5.73 5.63 5.73 5.73 5.83 5.93 5.93 5.83 9.1 9 30.4 1.2 6.73 6.73 9.7 6.57 6.67 5.2 10.15 7.35 7.25 7.25 1.1 6.17 6.17 9.85 7.35 7.35 7.25 7.25 7.35 9.85 8.15 7.85 7.85 7.75 7.65 7.65 7.65
NaN NaN NaN 5.48 5.28 7 4.58 15.3 4.48 14.7 27.2 17.8 5.4 15.2 6.58 6.18 4.94 4.84 5.34 5.3 24.7 5.3 7.7 10.7 30.5 30.6 6.19 6.39 7.7 30.3 6.64 6.54 6.44 6.54 6.09 6.09 6.09 5.89 7.7 3.5 5.8 9.8 16.9 9 7 9 5 5.93 5 30.6 5.93 5.73 5.63 5.63 5.1 6.13 9 5.93 6.33 6.43 6.23 1.2 1.3 6.3 6.43 1.1 24.1 1.3 1.1 7.25 7.25 7.05 7.15 6.17 6.17 6.47 7.35 1 7.35 7.25 7.35 9.95 7.55 8.05 7.1 10.45 7.65 NaN NaN
NaN NaN 5.28 5.28 3.7 4.58 4.58 4.58 4.48 4.48 4.68 5.48 4.88 9.1 4.94 4.84 4.84 30.4 4.04 4.54 5 7 30.4 5.64 5.34 5.34 6.09 6.09 7.3 6.64 6.64 6.94 6.54 6.44 6.09 5.79 5.79 5.89 6.29 30.6 9.1 30.4 30.2 16.7 30.1 11.6 5.93 9.7 5.93 NaN 6.33 5.93 5.83 5.1 5.93 17.1 5 6.13 11.8 6.43 6.33 6.23 6.1 6.63 30.6 5.7 3.7 15.3 1.1 6.85 6.85 7.05 12.15 7.25 7.25 7.15 7.15 7.05 7.35 7.25 9.85 7.45 7.35 7.35 7.55 7.25 NaN NaN NaN
NaN 5.18 13.9 5.28 4.88 4.48 4.48 4.68 4.68 3 4.48 4.94 5.24 5.04 5.14 3.8 5.04 5.14 3.6 10.9 23.5 30.5 16.7 7.1 5.1 5.44 6.19 6.44 6.64 6.34 6.54 6.44 6.84 6.54 6.34 6.44 1.4 5.79 6.29 27.2 16.7 24.3 30.1 11.7 16.6 30.2 30.4 30.2 6.03 18.8 21.8 30.7 6.03 6.23 6.13 17.3 6.63 6.43 6.63 5.1 5 5.1 6.53 5.43 8.7 5.7 3.3 6.13 6.13 6.03 5.97 1 7.25 7.35 7.05 7.25 9.75 7.15 7.35 9.85 7.65 7.25 9.85 7.55 7.35 9.85 7.35 NaN NaN
5.18 5.18 4.88 9 4.98 4.98 4.88 4.98 5.08 4.64 3 4.94 5.14 5.14 5.14 30.4 5.14 4.94 4.64 30.5 3.6 3.8 30.2 7.1 4.84 10.1 6.44 6.24 6.64 6.44 6.54 6.24 30.2 6.24 6.14 6.14 6.54 6.39 5.99 30.3 9.3 30.3 9.3 9 30.7 9.1 5.83 7.1 5.93 7.2 9.7 6.33 6.13 3 6.03 6.63 6.43 6.93 5.2 7.03 6.93 5.2 9.1 5.1 17.2 12.9 3.7 3.3 30.4 6.13 1.1 3.6 1.1 7.2 7.15 7.45 7.45 9.85 7.35 7.45 7.85 7.55 7.55 7.45 7.35 7.35 7.35 7.45 1
5.38 5.08 19.2 4.98 4.98 9.2 3.1 5.14 5.14 5.04 5.04 5.14 5.04 6.2 3.9 4.84 17.8 7.8 5.1 8.3 5.2 16.1 5.14 30.6 3 5.1 12.8 6.14 6.14 6.24 6.44 6.14 6.34 6.14 6.24 6.04 6.34 6.44 6.54 30.1 30.5 27.3 30.3 30.7 11.6 20.2 9 11.5 5.1 5.93 6.13 6.23 6.03 6.03 5.93 6.53 16.7 6.83 7.03 6.73 6.63 6.23 6.23 1 1.2 9.1 1.1 6.13 6.33 6.43 9 6.43 6.43 7.21 7.31 7.41 7.41 7.25 7.25 7.45 7.35 7.55 7.45 17.55 17.51 10.11 7.71 7.51 30.4
5.08 4.88 3.6 4.78 4.68 7.2 5 18.2 5.7 5.44 5.34 5.34 5.34 5.1 5.34 7.9 13.3 6.3 30.6 9.1 30.3 31.2 14 17.6 7.8 5.3 17.8 30.4 5.7 6.24 6.24 6.34 6.34 6.54 6.54 6.54 30.5 6.24 6.64 6.54 30.4 30.6 29.2 30.2 9.1 12.1 5.83 5.83 5.83 7 9 29.3 30.6 6.43 6.63 6.53 6.63 14.8 5.2 7.03 6.83 6.33 6.33 10.7 6.23 5.6 14.7 7.7 6.53 6.63 30.2 6.53 7.21 7.31 7.41 7.61 7.41 7.41 7.41 12.71 7.51 7.41 7.41 7.41 7.31 7.31 7.31 1.2 3.7
21.6 9 7 8.2 7 5.34 5.2 9.3 5.34 5.34 5.14 7.6 5.44 5.54 5 5.04 5.9 19.9 19.6 7 10.2 5.1 5.3 6.24 5 5.1 20.5 12.9 10.4 3.1 6.24 6.14 6.14 6.44 6.44 30.5 30.5 6.44 3.2 23 6.84 22.2 30.2 16.7 30.2 24.7 9.8 5.93 7.1 9.6 7.1 24.4 30.7 6.13 6.93 24.2 6.73 6.63 6.63 6.73 6.73 6.83 1.1 6.2 5 3 1 3.1 5 7.6 6.63 11.6 7.11 1.1 7.41 7.41 7 7.31 6.63 6.53 7.41 20.6 7.51 7.41 1 7 9.6 3.6 1.2
11.5 4.84 5 5 5.34 5.54 5.34 9.1 5.1 5.24 5.6 9.1 11.9 5.1 9 5.14 5.5 15.4 7.7 5.04 12.4 5.1 7.2 30.4 7.9 17.7 5.2 5.8 3.1 5.1 6.24 6.14 5.1 6.24 7.34 10 7.04 7.24 7.14 6.24 30.1 30.6 11.6 7 5.89 3.1 7 7.1 5.89 6.09 30.3 7.1 6.23 6.53 6.63 9.6 6.83 6.73 6.63 6.73 6.63 6.63 3.6 7.03 6.53 7.31 1 3.6 1 6.63 1.1 6.43 3.1 11.6 6.53 9.6 3 3 6.63 7.71 7.41 7.41 7.41 9.7 7 9 1.1 9 7.21
4.84 5.14 5.24 5.04 5.04 5.44 5.44 3.1 7.6 5.34 7.1 7 9.7 5.64 5.14 5.04 17.7 4 5.34 6.34 3.1 5 5 7.1 30.4 30 5.8 5.94 7.6 7.6 1.1 6.24 6.24 7.04 17.44 9.74 6.84 30.5 6.94 7.04 12.8 30.4 14.2 5.89 5.89 3 14.7 6.19 6.09 5.89 6.09 6.09 6.09 15.2 6.49 6.79 5.2 6.63 6.73 6.83 6.63 1 6.73 6.53 7.61 17.51 1 6.23 6.63 9.91 7.21 7.11 7.6 12.51 10.2 6.53 6.43 6.63 7.41 17.61 7.31 7.41 7.31 7.51 7.11 7.1 1 1 1.3
4.64 4.44 4.34 4.44 4.84 5.14 4.54 3.8 3.6 3.7 3.7 3.2 1.2 5.44 5.04 5.04 4.94 5.14 8 5.1 6.24 5 5 30.1 7.8 1.4 24.4 15.2 6 5 5.64 24.8 6.34 7.04 6.94 6.94 6.94 9.2 7.64 14.64 7.14 6.39 30.4 24.7 6.03 6.03 5.93 5.99 5.99 7.1 6.09 5.99 6.39 6.79 6.49 9.6 6.99 6.69 6.69 6.73 7.1 6.83 6.73 6.53 6.43 7.31 1.2 6.3 6.23 7.31 7.21 7.31 7.41 7.11 7.61 7.41 7.41 12.61 7.51 7.41 7.31 7.41 7.41 7.51 9.1 7.3 9.91 12.41 1
