Outfile_5.asc
NCOLS 201
NROWS 151
XLLCORNER 730592.938286
YLLCORNER 2561222.529137
CELLSIZE 145.176046
NODATA_VALUE NaN
[rows 0 to 32 of 151, columns 74 to 147 of 201]
NaN NaN NaN NaN NaN NaN NaN NaN NaN NaN NaN NaN NaN NaN NaN NaN NaN NaN NaN NaN NaN NaN NaN NaN NaN NaN NaN NaN NaN NaN NaN NaN NaN NaN NaN NaN NaN NaN NaN NaN NaN NaN NaN NaN NaN NaN NaN NaN NaN NaN NaN NaN NaN NaN NaN NaN NaN NaN NaN NaN NaN NaN NaN NaN NaN NaN NaN NaN NaN NaN NaN NaN NaN NaN
NaN NaN NaN NaN NaN NaN NaN NaN NaN NaN NaN NaN NaN NaN NaN NaN NaN NaN NaN NaN NaN NaN NaN NaN NaN NaN NaN NaN NaN NaN NaN NaN NaN NaN NaN NaN NaN NaN NaN NaN NaN NaN NaN NaN NaN NaN NaN NaN NaN NaN NaN NaN NaN NaN NaN NaN NaN NaN NaN NaN NaN NaN NaN NaN NaN NaN NaN NaN NaN NaN NaN NaN NaN NaN
NaN NaN NaN NaN NaN NaN NaN NaN NaN NaN NaN NaN NaN NaN NaN NaN NaN NaN NaN NaN NaN NaN NaN NaN NaN NaN NaN NaN NaN NaN NaN NaN NaN NaN NaN NaN NaN NaN NaN NaN NaN NaN NaN NaN NaN NaN NaN NaN NaN NaN NaN NaN NaN NaN NaN NaN NaN NaN NaN NaN NaN NaN NaN NaN NaN NaN NaN NaN NaN NaN NaN NaN NaN NaN
NaN NaN NaN NaN NaN NaN NaN NaN NaN NaN NaN NaN NaN NaN NaN NaN NaN NaN NaN NaN NaN NaN NaN NaN NaN NaN NaN NaN NaN NaN NaN NaN NaN NaN NaN NaN NaN NaN NaN NaN NaN NaN NaN NaN NaN NaN NaN NaN NaN NaN NaN NaN NaN NaN NaN NaN NaN NaN NaN NaN NaN NaN NaN NaN NaN NaN NaN NaN NaN NaN NaN NaN NaN NaN
NaN NaN NaN NaN NaN NaN NaN NaN NaN NaN NaN NaN NaN NaN NaN NaN NaN NaN NaN NaN NaN NaN NaN NaN NaN NaN NaN NaN NaN NaN NaN NaN NaN NaN NaN NaN NaN NaN NaN NaN NaN NaN NaN NaN NaN NaN NaN NaN NaN NaN NaN NaN NaN NaN NaN NaN NaN NaN NaN NaN NaN NaN NaN NaN NaN NaN NaN NaN NaN NaN NaN NaN NaN NaN
NaN NaN NaN NaN NaN NaN NaN NaN NaN NaN NaN NaN NaN NaN NaN NaN NaN NaN NaN NaN NaN NaN NaN NaN NaN NaN NaN NaN NaN NaN NaN NaN NaN NaN NaN NaN NaN NaN NaN NaN NaN NaN NaN NaN NaN NaN NaN NaN NaN NaN NaN NaN NaN NaN NaN NaN NaN NaN NaN NaN NaN NaN NaN NaN NaN NaN NaN NaN NaN NaN NaN NaN NaN NaN
NaN NaN NaN NaN NaN NaN NaN NaN NaN NaN NaN NaN NaN NaN NaN NaN NaN NaN NaN NaN NaN NaN NaN NaN NaN NaN NaN NaN NaN NaN NaN NaN NaN NaN NaN NaN NaN NaN NaN NaN NaN NaN NaN NaN NaN NaN NaN NaN NaN NaN NaN NaN NaN NaN NaN NaN NaN NaN NaN NaN NaN NaN NaN NaN NaN NaN NaN NaN NaN NaN NaN NaN NaN NaN
NaN NaN NaN NaN NaN NaN NaN NaN NaN NaN NaN NaN NaN NaN NaN NaN NaN NaN NaN NaN NaN NaN NaN NaN NaN NaN NaN NaN NaN NaN NaN NaN NaN NaN NaN NaN NaN NaN NaN NaN NaN NaN NaN NaN NaN NaN NaN NaN NaN NaN NaN NaN NaN NaN NaN NaN NaN NaN NaN NaN NaN NaN NaN NaN NaN NaN NaN NaN NaN NaN NaN NaN NaN NaN
11 NaN NaN NaN NaN NaN NaN NaN NaN NaN NaN NaN NaN NaN NaN NaN NaN NaN 28.2 7.9 NaN NaN NaN NaN NaN NaN NaN NaN NaN NaN NaN NaN NaN NaN NaN NaN NaN NaN NaN NaN NaN NaN NaN NaN NaN NaN NaN NaN NaN NaN NaN NaN NaN NaN NaN NaN NaN NaN NaN NaN NaN NaN NaN NaN NaN NaN NaN NaN NaN NaN NaN NaN NaN NaN
8.4 NaN NaN NaN NaN NaN NaN NaN NaN NaN NaN NaN NaN NaN NaN NaN NaN 8.1 10.9 18.1 NaN NaN NaN NaN NaN NaN NaN NaN NaN NaN NaN NaN NaN NaN NaN NaN NaN NaN NaN NaN NaN NaN NaN NaN NaN NaN NaN NaN NaN NaN NaN NaN NaN NaN NaN NaN NaN NaN NaN NaN NaN NaN NaN NaN NaN NaN NaN NaN NaN NaN NaN NaN NaN NaN
26.1 NaN NaN NaN NaN NaN NaN NaN NaN NaN NaN NaN NaN NaN NaN 10.5 8 8.2 13.1 15.8 NaN NaN NaN NaN NaN NaN NaN NaN NaN NaN NaN NaN NaN NaN NaN NaN NaN NaN NaN NaN NaN NaN NaN NaN NaN NaN NaN NaN NaN NaN NaN NaN NaN NaN NaN NaN NaN NaN NaN NaN NaN NaN NaN NaN NaN NaN NaN NaN NaN NaN NaN NaN NaN NaN
13.3 NaN NaN NaN NaN NaN NaN NaN NaN NaN NaN NaN NaN 8.3 8.1 8.3 18.2 8 7.9 8.3 8 NaN NaN NaN NaN NaN NaN NaN NaN NaN NaN NaN NaN NaN NaN NaN NaN NaN NaN NaN NaN NaN NaN NaN NaN NaN NaN NaN NaN NaN NaN NaN NaN NaN NaN NaN NaN NaN NaN NaN NaN NaN NaN NaN NaN NaN NaN NaN NaN NaN NaN NaN NaN NaN
8.1 NaN NaN NaN NaN NaN NaN NaN NaN NaN 8.1 10.9 8.2 18.5 8.2 15.7 8.1 23.2 8.1 10.6 30.2 NaN NaN NaN NaN NaN NaN NaN NaN NaN NaN NaN NaN NaN NaN NaN NaN NaN NaN NaN NaN NaN NaN NaN NaN NaN NaN NaN NaN NaN NaN NaN NaN NaN NaN NaN NaN NaN 10.15 NaN 10.35 NaN NaN NaN NaN NaN NaN NaN NaN NaN NaN NaN NaN NaN
NaN NaN NaN NaN NaN NaN NaN NaN NaN NaN 8.1 30.7 30.6 30.5 10.8 8.2 30.5 8.1 8 10.7 10.7 NaN NaN NaN NaN NaN NaN NaN NaN NaN NaN NaN NaN NaN NaN NaN NaN NaN NaN NaN NaN NaN NaN NaN NaN NaN NaN NaN NaN NaN NaN NaN 15.15 30.45 7.95 22.8 7.65 7.95 13.05 30.35 23.35 30.4 7.85 NaN NaN NaN NaN NaN NaN NaN NaN NaN NaN NaN
NaN NaN NaN NaN NaN NaN NaN NaN NaN 8.4 8.3 8.6 8.3 8.2 8.4 13.2 8.1 10.9 18.4 13.4 23.3 8.2 NaN NaN NaN NaN NaN NaN NaN NaN NaN NaN NaN NaN NaN NaN NaN NaN NaN NaN NaN NaN NaN NaN NaN NaN NaN NaN NaN NaN NaN NaN 30.65 30.45 7.65 7.95 10.35 10.35 8.15 30.4 18.25 12.85 10.35 7.95 NaN NaN NaN NaN NaN NaN NaN NaN NaN NaN
7.6 NaN NaN NaN NaN NaN NaN NaN 8.4 30.6 30.5 7.9 11.1 12.9 10.3 30.5 30.6 15.8 15.7 8 10.7 12.7 NaN NaN NaN NaN NaN NaN NaN NaN NaN NaN NaN NaN NaN NaN NaN NaN NaN NaN NaN NaN NaN NaN NaN NaN NaN NaN NaN NaN NaN 13.3 30.4 30.3 30.5 30.5 10.7 10.7 8.6 30.1 20.85 30.2 30.15 7.75 NaN NaN NaN NaN NaN NaN NaN NaN NaN NaN
7.4 NaN NaN NaN NaN NaN 30.5 30.3 13.7 12.4 30.9 31.1 20.5 30.6 7.9 10.4 7.6 7.5 7.7 10.6 7.9 8 7.9 NaN NaN NaN NaN NaN NaN 8.1 NaN NaN NaN NaN NaN NaN NaN NaN NaN NaN NaN NaN NaN NaN NaN NaN NaN NaN NaN NaN NaN 25.9 11 30.6 15 8.4 13.2 30.5 18.5 7.95 8.05 13.25 7.85 10.05 7.75 NaN NaN NaN NaN NaN NaN NaN NaN NaN
10.4 25.3 NaN NaN 30.9 30.9 31 30.8 30.7 30.6 30.7 7.7 8 22.9 7.6 7.5 12.8 7.5 7.4 20.2 19.3 7.9 7.9 NaN NaN NaN NaN NaN NaN 6.6166666667 10.7 8 NaN NaN NaN NaN NaN NaN NaN NaN NaN NaN NaN NaN NaN NaN NaN NaN NaN NaN NaN 28.6 30 30.5 30.5 10.6 10.7 13.3 16 8.1 10.45 30.3618913743 10.35 7.65 7.95 NaN NaN NaN NaN NaN NaN NaN NaN NaN
7.7 30.1 7.9 15.9 8 30.5 30.1 8.2 8.2 10.9 31.2 17.3 7.9 7.8 7.8 7.4 7.7 7.5 7.6 17.5 12.9 12.8 9.3 10.8 8 NaN NaN NaN NaN 24.5703703704 5.1333333333 1.3 8.2 8.2 30.3 18.2 30.1 NaN NaN NaN NaN NaN NaN NaN NaN NaN NaN NaN NaN NaN NaN NaN 10.9 10.7 31.1 31 15.8 28.5 8.3 30.6 30.5 7.85 18.05 30.478511354 7.65 15.15 NaN NaN NaN NaN NaN NaN NaN NaN
10.6 22.1 6.9 27.6 10.1 10.3 8.1 8.1 8 15.8 30.4 7.4 7.8 7.9 30.3 10.2 10.1 7.4 7.4 7.3 7.5 7.5 7.4 8.5 8 30.2 28.4 30.6 20.9 10.7 13.5 18.4 30.3 30 13.3 10.7 21.6 7.6 7.9 NaN NaN NaN NaN NaN NaN NaN NaN NaN NaN NaN NaN 23 10.7 8.1 30.4 30.2 16 11 14.6257618163 30.8 30.4 8.2 7.85 18.15 10.2540925512 NaN NaN NaN NaN NaN NaN NaN NaN NaN
13.3 10 7.6 30.5 15.1 7.9 8.1 30.5 10.9 7.6 7.6 10.3 7.6 12.7 7.7 30.1 20.1 7.6 7.5 7.5 7.3 7.4 10.1 8.3 8.2 21.1 30.7 8.4 11 25.8 11.1 30.5 8.1 8.1 10.6 15.6 8.2 19.3 8.2 8.2 28.7 12.6 NaN NaN NaN NaN NaN 7.6 NaN 30.7 8.1 12.5 10.7 8.2 30.6 30.9 8.3 31 10.8 15.9 30.5 18.35 7.85 8.15 NaN NaN NaN NaN NaN NaN NaN NaN NaN NaN
20.3 6.8 6.7 30.7 7.7 8 23.2 30.3 17.8 15.2 7.9 8.1 30.3 7.4 12.8 7.7 18 8 7.5 10.3 7.5 10.1 15.5 7.8 8.3 8.4 30.4 7.9 7.9 7.9 2.0666666667 7.4 30.2333333333 30.3703703704 7.7 6.8 8 12.1 7.9 8 7.6 20.4 10.3 30.2 7.6 10.2 7.8 7.7 7.9 7.8 25.9 8.2 30.5 11 10.8 30.6 10.8 8.6 30.6 18.8 20.75 15.65 30.15 7.95 7.95 7.25 NaN NaN NaN NaN NaN NaN NaN NaN
4.7 7.3 7.4 7.3 12.8 28 7.4 7.2 26.4 7.4 12.2 7.8 7.9 9.9 12.4 7.8 7.6 12.5 19.7 7.5 19.9 20.1 12.9 7.4 8 10.9 7.9 12.5 7.5 13.2513641714 9.4666666667 9.9 30.2333333333 7.8 22.9 7.6 6.8 20.7 10.9 18.3 10 7.5 7.7 30.7 30.8 30.7 31 30.9 30.4 8.1 8 13 8.3 4.4289342698 17.9 2.0384487607 8.9 8 30.3 12.95 12.95 13.65 8.05 7.65 7.55 7.45 7.35 23.15 8.15 10.85 26.05 30.3 8.05 10.65
30.9 6.8 7.4 6.5 6.9 6.4 7.5 9.7 9.6 12.5 7.3 7.7 17.9 7.5 15.3 7.5 7 10.2 30.1 30.3 10 28.1 17.9 7.6 7.6 7.1 7.2 7 14.6380952381 30.3703703704 7.5 1.4 7.7 30.2513641714 7.7 7.2 7.8 30.4 31.1 7.2 7 30.3 30.7 30.2 30.9 30.8 31.2 12.9 7.7 7.9 7.8 10.3002805931 28.2 7.8 8 13.2 9.8540925512 30.45 7.75 7.95 18.15 10.65 23.05 30.95 15.45 7.65 7.65 12.75 30.95 30.75 30.75 7.85 15.75 30.15
7.5 7.1 7.4 6.9 7.1 6.5 7.3 7.4 7.2 24.4 10.1 8 7.9 30.4 30.7 12.9 30.4 10.6 30.2 30.6 30.6 30.5 7.7 30.8 7.7 7.5 30.4 30.4 7.5 10.2 15.6 7.9 23 30.5333333333 13 8.1 30.4 30.5 30.2 8.4 15.8 30.8579244652 30.1489137706 7.8 30.4129588438 31 30.5 7.6 6.9 4.3 7.1 22.7 7.8 7.6 30.3245006541 7.65 8.4333333333 7.85 1.81898463 20.05 7.75 10.85 12.95 7.65 7.95 13.05 7.85 10.75 7.95 8.05 30.45 8.15 10.65 20.95
6.6 6.9 7.1 6.8 7 5.6 29.3 NaN 7 29.2 30.2 30.1 7.6 30.7 30.6 7.4 23 7.7 7.2 7.3 17.8 17.6 7.8 23.173998276 30.7777777778 7.5 30.5777777778 7.5777777778 7.4 7.2 10 7.4 7.5 8 30.4 10.0564102564 30.1 7.8 10.3 30.8 8.1 13.4 4.9685127644 9.8991289 22.298142394 10.9 8.4 7.3 12.3 30.6 15.2 7.5 20.1 30.5540925512 6.75 10.25 7.55 15.25 7.55 12.75 7.55 30.15 18.25 10.25 8.05 30.65 10.75 30.75 18.05 30.15 8.35 7.95 8.05 15.65
30.1079276146 6.9 6.7 7.1 6.9 6.8 NaN 7.1 NaN 7.2 30.6222222222 19.7289342698 17.9 12.9 8 30.273998276 7.4 30.403030303 9.9 17.6 30.2 10.1 7.6 7.4 12.6761904762 7.8 7.0761904762 30.4761904762 10.3945644158 30.4708182626 8.197178591 25.2 14.8 30.1617382165 7.0166666667 9.5166666667 30.5714045971 8 30.3 8.1 30.7430664066 13.2120225406 5.5047379305 16.0904286252 23.4211282852 30.3901371761 24.8094922192 7.8 7.9289342698 7.5 7.2 7.3 12.5 30.3333333333 6.95 10.35 7.75 7.55 7.75 12.6032369137 30.35 30.25 20.65 30.55 18.45 30.35 31 10.75 30.2 7.75 7.95 7.55 7.85 30.25
30.1 6.8 6.6 7 7 7.3 9.6 6.7 NaN 27.7 30.403030303 7.7 30.5333333333 30.2333333333 7.6 20.2 7.6 7.6 25.6270461645 7.5 7.5 27.9453558739 8 10.2 7.9111111111 5.3111111111 7.8111111111 10.4111111111 30.2609550211 30.5012482872 7.1777777778 10.7874258846 6.9080151505 2.32568603 2.2380983798 5.2333333333 30.7540925512 30.3111111111 8.3 8 7.9 10.6 7.9 6.8273928005 5.6921877893 14.7666666667 30.6622501134 7.8 8.4 7.9 7.2156866083 20.1 7 6.85 14.75 7.85 7.85 7.55 30.35 7.65 7.95 9.9 30.35 30.65 8.35 30.65 8.15 30.45 12.85 12.65 30.45 20.35 7.75 7.85
7.4 7.2 7.2 12.4 6.8 6.8 7.1 7.2 7.4 30.4555555556 7.2 10 7.6 30.3666666667 2.0333333333 7.4 9.9111111111 7.5 17.8 30.6333333333 7.8 30.8 7.8 7.5 11.1666666667 30.7666666667 30.3666666667 30.0666666667 30.2200953027 7.6708927697 30.5120225406 30.3240453033 30.4840685946 7.8314757273 30.440057876 30.6333333333 7.1 7.4 7.3 7.3 30.4825157082 7.2 13.2 8 17.7575575791 30.3333333333 30.678511354 7.8 12.147996552 30.2585207206 6.8982350545 15.7 25.3993623108 7.25 14.65 7.75 30.3032369137 7.65 7.55 7.95 4.5 30.6 1.9 8.15 10.45 8.05 13.05 30.55 10.45 30.2 18.05 7.75 8.05 1.4
30.29071197 30.6 24.8 7.3 6.9 8.8666666667 6.9 7.3 7 30.5333333333 21.4333333333 7.4 7.5 11.9 10 7.6 30.3666666667 7.6 8 15.4 12.8 7.8 20.1 17.4555555556 30.0761904762 30.4761904762 4.9761904762 4.6761904762 30.3019522925 30.4897640738 30.4245602819 30.1047379305 6.8 10.6112105808 7.0555555556 17.8 19.9 7.3 9.9 30.2523689097 13.2536979496 7.4 12.6 30.0100148419 12.7 30.1245006541 19.0666666667 30.3 8.4 8 20.5159705015 21.238708522 6.55 7.25 24.7237619586 7.85 10.55 7.65 7.55 25.45 30.4 30.4 30.6 30.35 15.75 10.75 13.05 30.45 30.45 30.55 30.55 13.05 30.1 NaN
30.7666666667 30.1111111111 7.1 23.5111111111 6.7 8.2111111111 6.6 10.8111111111 30.6245006541 30.4 30.3333333333 30.1 20.3084518793 7.2 7.6 10 4.9761904762 30.1 7.7 7.6 14.5681050248 30.1 30.4094922192 30.5 7.4 4.4777777778 30.5777777778 30.2777777778 30.5777777778 8.6617382165 16.2958969948 30.0351191813 30.621584533 30.517305074 30.403030303 18.4 7.6 7.4 7.4 30.403030303 30.1797798013 24.0714285714 7.5 30.2137297639 9.5268601941 30.4134491708 20.9270461645 11.0453558739 8.1 23.5 30.5786892072 30.59071197 13.1127204931 15.15 12.45 7.95 30.2 29 7.95 30.15 8.05 10.45 9.6 30.6 10.65 7.85 10.65 8.05 30.4 30.35 8.15 8.15 10.25 7.55
7 6.8 6.3 30.6166666667 5.6 9.1166666667 6.5 6.7 7 7 7.1 6.8 7.3 15 7.4 7.7 30.1847858837 30.7 8 8 7.6 30.8 31.0147188482 30.9083333333 30.3021130107 7 5.2 11.7 30.0694840324 25.3 7.9 31.0412609479 12.7555555556 7.803030303 30.5083333333 31.2083333333 30.3083333333 7.4 22.3 22.4777777778 25.5761904762 7.6 7.4 7.8 7.1777777778 30.7635231517 30.4094922192 23.6 8.2 30.0568038428 30.3 12.85 30.2302373727 7.25 6.0253443262 8.25 30.35 13.05 7.95 7.85 28.55 7.65 7.95 8.35 10.65 25.55 8.15 8.05 7.95 10.55 8.25 10.85 30.1 7.75
7 6.2 6.1 6.6 6.1 6 6.1 6.5 7 6.3 7.1 7.2 7.2 7.3 7.2 9.9 17.1021130107 7.5 7.9 7.3 7.5 6.9 22.1 30.7 30.7 30.7 13.3 30.9 30.2777777778 30.2761904762 30.3 30.6 30.5969040394 13.6923526966 12.2047650464 9.8 7.4 17.1618913743 9.5333333333 30.3134491708 7.4 30.7666666667 30.2111111111 10.2 14.7777777778 30.6 6.6222222222 30.5094922192 30.1389532194 6.9853397564 15.7297003671 6.95 7.05 7.55 7.05 7.75 8.15 6.8 30.75 7.75 7.85 30.65 30.45 7.95 13.05 10.75 30.35 7.75 7.75 8.35 10.75 10.25 7.75 10.35
