Outfile_1.asc
NCOLS 201
NROWS 151
XLLCORNER 733748.947016
YLLCORNER 2561541.418206
CELLSIZE 137.483444
NODATA_VALUE NaN
[rows 40 to 79 of 151, columns 91 to 181 of 201]
6.5 30.3 7.1 8.1 3.6 7.8 9 6.5 7.7 3.7 1.1 6.35 5.2 30.1 6.6 6.3 17.7 7.1 6.2 6.3 7.2 7.2 7.3 5 7.05 14.65 7.05 18.2 7.25 1 14.7 7.35 17.45 7.35 9.2 6.85 6.75 6.65 3.2 6.65 6.05 30.2 1.1 1.1 7.1 30.4 27.4 NaN NaN NaN NaN NaN NaN NaN NaN NaN NaN NaN NaN NaN NaN NaN NaN NaN NaN NaN NaN NaN NaN NaN NaN NaN NaN NaN NaN NaN NaN NaN NaN NaN NaN NaN NaN NaN NaN NaN NaN NaN NaN NaN NaN
6.4 6.5 6.5 6.3 3.1 6.1 6.2 14.3 9 1.4 5 5 12.3 12.6 1.2 6.2 7 28 6.2 6.3 7.1 7.1 9.8 7.3 6.95 7.35 26.7 3.1 3 6.95 11.6 7.25 6.25 6.15 30.3 11.7 6.75 30.2 6.05 7 30.3 30.5 1.1 5.2 1.2 7.1 6.3 17.8 NaN NaN NaN NaN NaN NaN NaN NaN NaN NaN NaN NaN NaN NaN NaN NaN NaN NaN NaN NaN NaN NaN NaN NaN NaN NaN NaN NaN NaN NaN NaN NaN NaN NaN NaN NaN NaN NaN NaN NaN NaN NaN NaN
6.6 6.6 6.3 6.3 7 7.1 25.2 5.1 6.3 7.9 1.1 5 6.6 15.2 6.4 5.3 6.5 30.4 5.1 5.1 5.1 7.1 7.2 7.5 20.4 6.35 6.25 9.1 16.6 7.15 6.95 6.15 30.4 11.6 6.45 6.35 6.75 6.55 5.3 6.45 30.4 10.2 10.2 1 1 14.1 7.8 5.1 5.1 NaN NaN NaN NaN NaN NaN NaN NaN NaN NaN NaN NaN NaN NaN NaN NaN NaN NaN NaN NaN NaN NaN NaN NaN NaN NaN NaN NaN NaN NaN NaN NaN NaN NaN NaN NaN NaN NaN NaN NaN NaN NaN
30.5 6.2 10.5 7.1 9.7 5.1 7 1.1 3.1 13.2 1.1 5.2 6.6 6.3 6.3 6.3 5 7.2 6.5 5.1 9.7 7.3 7.4 7.4 7.2 6.25 6.35 6.25 9.2 9 9 9 9 30.4 24.3 30.6 30.3 7 19.1 30.2 30.2 1.1 3.6 8.7 6.45 7.9 22.8 13.1 10.3 24.9 NaN NaN NaN NaN NaN NaN NaN NaN NaN NaN NaN NaN NaN NaN NaN NaN NaN NaN NaN NaN NaN NaN NaN NaN NaN NaN NaN NaN NaN NaN NaN NaN NaN NaN NaN NaN NaN NaN NaN NaN NaN
6.3 5.4 5.7 3.2 6 1.1 1 1.1 5.1 12.6 6.7 7.3 9.7 9.7 9.1 9 9 6.3 10.1 7.3 7.2 7.2 7.1 7.3 7.4 7.2 6.45 6.45 14.2 9.2 5.6 19.1 30.2 14.4 9.1 9.3 26.9 30.4 30.3 11.8 3.2 30.3 1.1 30.1 26.1 10.4 7.7 6.25 6.35 9.7 6.05 NaN NaN NaN NaN NaN NaN NaN NaN NaN NaN NaN NaN NaN NaN NaN NaN NaN NaN NaN NaN NaN NaN NaN NaN NaN NaN NaN NaN NaN NaN NaN NaN NaN NaN NaN NaN NaN NaN NaN NaN
30.3 6.3 6.5 22.8 3.2 6.3 6.3 5.2 7.6 7.1 7.3 19.9 7.1 7.6 7 9 7 7.2 7.2 7.3 7.2 7.2 7.1 7.2 6.5 30.5 30.2 6.45 30.4 30.3 9.2 9.65 7.25 7.35 16.9 30.3 19.3 6.25 21.7 29.3 11.8 5.1 29.6 5.1 17.3 7.1 30.2 30.4 9.1 14.7 6.85 NaN NaN NaN NaN NaN NaN NaN NaN NaN NaN NaN NaN NaN NaN NaN NaN NaN NaN NaN NaN NaN NaN NaN 7.1 7.6 5 NaN NaN NaN NaN NaN NaN NaN NaN NaN NaN NaN NaN NaN NaN
14.6 6 6.1 8.9 3.6 30.2 1.2 30.2 7.3 7.3 3.1 9.6 30.1 12.3 7.1 7 7.2 9.8 30.2 12.4 9.7 7.2 10.2 7.7 5.7 5.1 7 6.25 7.05 14.85 9.65 7.05 30.2 7.15 14.75 14.95 14.3 21.8 30.2 30.5 9.2 6.25 19.2 9.6 14.2 9.1 8.6 5.6 12.2 7.15 30.4 6.95 NaN NaN NaN NaN NaN NaN NaN NaN NaN NaN NaN NaN NaN NaN NaN NaN NaN 10.5 9.9 30.5 7.3 29.2 7.6 7 20.2 9.8 7.4 5.6 16.8 30.7 5.7 5.5 15.4 5.5 5.7 10.3 5.3 NaN NaN
1 5.2 6 15.4 11.6 1 1 15.1 19.9 7.3 7.3 9.8 30.3 30.4 7.5 7.2 9.1 5.1 5 11.6 7.2 5 7.6 30.1 30.3 6.4 5.6 11 9.65 7.05 7.35 7.15 7.25 9.75 9.6 7.35 27 7.1 30.2 30.3 20 6.35 6.25 30.5 30.4 24.4 6.25 6.15 18.3 7.3 9.65 7.05 7.15 NaN NaN NaN NaN NaN NaN NaN NaN NaN NaN NaN NaN NaN NaN NaN NaN 30.5 10.8 30.8 7.9 10 7.4 7.8 7.2 16.6 14.3 30.8 7.3 18 30.1 5.3 5.6 7.9 6 5.1 5.2 NaN NaN
20.1 20.8 7.2 9.7 6.4 1.2 6.2 10.1 7.1 7.2 1 5.7 6 29.2 7.7 6 7.1 14.7 17.2 9 17.2 6 5.8 19.7 6 6.2 30.4 30.2 19.3 7.15 7.15 7.15 14.95 7.25 14.8 9.7 19.6 9.8 30.2 6.15 1 6.25 5.8 30.2 9.1 6.15 6.35 30.5 6.45 11.7 30.2 30.3 7.15 NaN NaN NaN NaN NaN NaN NaN NaN NaN NaN NaN NaN NaN NaN NaN NaN NaN 7.2 8.1 30.6 8.3 8.7 7.8 16.6 7.9 8.1 7.8 7.9 5.6 30.4 5.1 5.4 7.3 7.2 5.4 NaN NaN NaN
5.85 9.8 7.1 3.1 1 1.1 6.2 1 6.8 3.1 1.1 5 5.8 5.8 6.8 30.3 30.2 24.8 14.7 17.4 30.5 10.3 5.7 14.6 9 5.1 9.2 9 5.75 6.45 11.6 6.85 30.4 12.2 7.15 7.35 9.7 7 6.35 3 5 6.15 3.2 19.3 7.1 25.2 6.35 14.4 7.25 30.5 30.3 12.2 7.05 7.15 NaN NaN NaN NaN NaN NaN NaN NaN NaN NaN NaN NaN NaN NaN NaN 11.3 7.4 7.6 7.9 8 7.8 8.5 13.1 8.4 30.6 8.1 10.1 5.5 5.5 5.2 5.3 7.3 7.2 NaN NaN NaN NaN
5.85 1.1 8.8 1 8.7 4.1 6.4 9 9.6 8.1 3.2 7.7 9.2 16.7 5.9 5.8 30.3 19.8 10.1 5.8 3.1 8.2 8.1 5.7 21.7 5.7 5.2 30.2 9.2 9 7 5.95 9.3 19.1 7.1 6.55 14.9 30.2 6.25 5.2 8.2 5.85 3 30.3 30.5 30.3 9.6 5.75 6.85 10.8 6.65 6.85 6.95 7.1 6.7 NaN NaN NaN NaN NaN 6.5 NaN NaN NaN NaN NaN NaN NaN NaN 7.4 7.5 7.7 10.4 7.7 10.2 30.3 10.4 10.8 15.5 7.8 8.1 27.4 5.6 5.6 5.5 5.4 NaN NaN NaN NaN NaN
1.1 1.1 1.1 1.1 1.3 1 1.2 1.4 8.2 3.1 10.1 16.6 9.2 30.2 30.3 1.1 3.7 12.5 7.2 29.2 3.1 8.2 9 5 5 30.3 10.1 5 7 30.2 12.1 6.05 5.85 30.5 14.1 6.55 5.6 30.4 3 3 3.4 5.85 5.95 7.2 8.2 5.85 15.1 30.3 26.8 6.45 6.45 9.1 5.9 6.8 25.1 6.8 6.6 6.6 6.6 6.6 6.7 6.4 NaN NaN NaN NaN NaN NaN 7.4 10.2 7.6 7.6 7.4 7.5 7.5 7.5 12.8 7.7 11 10.6 8 7.3 5.7 5.8 5.5 NaN NaN NaN NaN NaN NaN
5.7 3.7 1 3.7 6.2 6.4 1.1 1.1 6.2 1 5.1 9.1 9 30.2 6.1 8.7 1.1 6.1 5.1 5.65 7 7.2 19.1 7 19 5.75 5.85 9 5 5.75 30.2 13.3 14.2 11.6 5.6 6.65 10.8 13.3 5.9 3.5 5.2 3 9.1 9.6 30.3 30.3 30.4 9.9 6.05 5.65 26.6 6.7 6.1 16.5 6.7 6.6 6.7 6.6 6.5 6.5 6.5 6.6 NaN NaN NaN NaN NaN 5.6 18.1 10.3 7.5 12.7 7.5 7.8 7.5 30.5 17.5 7.7 10.2 25.4 8 7.4 7.6 NaN NaN NaN NaN NaN NaN NaN NaN
28.8 3.9 1.2 1.1 1.1 1.1 3 6.2 10.7 10.1 7.6 6.1 7 7 30.1 11.6 9 6.1 7.1 5.65 7 7 17.4 19.2 30.2 14.1 7 14.2 5.1 5 9.7 5.3 9.1 6.65 10.9 6.65 16.5 30.1 9.1 3.3 10.9 30.4 26.6 5.7 12.3 9.8 30.3 14.2 5.95 5.95 6.8 6.6 27.1 9.2 6.7 30.4 21.6 6.6 6.8 6.8 6.8 5.4 NaN NaN NaN NaN NaN 6.9 7.1 6.9 14.3 6.1 10.1 7.4 30.1 7.7 10.1 7.8 10.6 21.9 8.1 10.5 7.5 NaN NaN NaN NaN NaN NaN NaN NaN
21.3 8.6 1.1 1.3 3.6 7.6 5.1 5 7.7 7.9 18.1 9.1 6 14 9 16.6 7 6.1 5 7.1 7 16.7 9.7 14.1 30.2 30.4 5.85 7.2 3.1 30.5 30.5 22.4 5.85 30.2 6.55 6.15 8.2 6.05 5.2 3 3 3 5.8 3.1 24.3 7.2 30.3 12.3 10.9 30.3 6.45 6.6 5.9 5.9 6.7 6.8 6.6 6.4 6.5 6.6 6.6 6.8 NaN NaN NaN NaN 6.7 6.8 6.9 8.3 7 7.5 7.5 7.5 7.4 7.4 7.4 7.6 10.1 15.3 7.8 4 8.2 NaN NaN NaN NaN NaN NaN NaN NaN
18.3 3.6 8.3 3.7 6.4 30.3 30.3 29.1 5 9.6 21.8 6.1 7 6.1 7 17.1 5 30.1 5 9.1 30.5 30.3 5.75 5.95 5.75 5 3.3 7.9 10.3 5.75 7.1 30.3 5.65 5 5.85 5.85 6.05 1 7.6 3 3 3.1 3.1 5.7 5.7 11.9 5.65 30.1 3.1 7 30.3 19.1 6 12.2 6 6 6.7 30.3 6.7 6.7 21.4 NaN NaN NaN 7 5.9 6.1 14.1 9.1 7.4 6.8 6.8 7.4 7.4 7.4 7.4 7.4 7.7 7.4 7.6 8 12.9 NaN NaN NaN NaN NaN NaN NaN NaN NaN
1.2 1 1 1.1 6.2 7.2 7.7 17.8 5.1 7.1 6.1 7.2 9 7.1 7 5.1 5 9.1 14 7.2 7.1 5.1 5.1 5.95 5.85 5.95 30.4 5.85 5.2 7.3 6.05 5.95 20.2 5.1 5.75 20.2 5.2 19.2 5 5.6 7.1 3 3 3.1 18.2 11.6 9.1 9.1 7.2 7.1 30.2 5.1 7.1 7 14.2 6.9 6.7 21.8 6.4 6.4 NaN NaN NaN NaN 7.8 6.1 3 11.7 6.9 6.4 6.2 11.6 6.9 7.6 7.4 7.4 7.5 7.6 7.4 7.8 30.4 7.6 NaN NaN NaN NaN NaN NaN NaN NaN NaN
11.2 1 1 1 10.1 21.7 5.1 5.1 12.8 30.2 6.1 7.1 9.7 17.6 3 7 7.1 7.7 5.1 9.6 7 21.2 5.85 5.75 5.85 5.65 5 30.3 7.8 30.6 11 22.4 14.8 3.7 5.6 13.6 16.7 5.95 5.6 3 5 30.1 5.1 3 7.6 7 7 7 9.7 5.65 5.65 30.4 11.6 5.7 5.9 5.9 6.8 6.5 6.4 6.4 6.4 NaN NaN 13.3 16 30.2 6.9 7 6.9 7 6.9 6.8 1 6.8 7.1 7.1 10.2 7.5 7.6 30.4 8 7.9 NaN NaN NaN NaN NaN NaN NaN NaN NaN
6.3 5.6 6.1 7.1 6.4 5.2 5.1 5 12.9 7.7 5.1 5 5 17.4 9 5 20.1 7.7 5 10.1 19.1 5.1 19.8 5.65 5.75 5.65 5.85 7.7 6.15 10.5 7 8.2 30.1 30.3 30.5 7.7 15.5 30.4 7.7 22.7 30.2 11.6 3 3 5.1 5 5 5.1 9 5.55 5.65 5.75 5.95 30.2 12.1 5 6.8 6.7 3 3 6.4 6.5 6.7 NaN 6.3 9.8 6.8 6.2 7.2 3.2 3.1 18.9 7.1 1 7.2 7.6 7.6 8.1 10.6 8 7.8 7.8 7.9 NaN NaN NaN NaN NaN NaN NaN NaN
1.1 1 7 6.4 6.4 9.6 8.7 1 9 8 5.1 5 5 15.2 7.1 3.1 17.7 7.7 5.2 5.1 5 10.1 5.75 5.75 5.85 5.85 5.85 5.85 12.3 30.3 24.2 14.1 1.1 1.1 3.1 11.6 14.2 18.8 5.3 5.85 5.6 5.75 5.75 5.65 7.7 5.65 7.6 7.7 5.1 7.6 5.75 5.85 5.85 14.8 5 5.9 24.3 3.4 15.7 16.7 6.6 7.6 6.6 3.6 3.5 6.8 6.5 14.6 7.1 9.6 12.4 5.8 12.3 7.1 7.1 27.9 7.7 10.2 11.8 10.1 7.9 7.9 10.5 8 NaN NaN NaN NaN NaN NaN NaN
1.3 1 6.4 5 5 1.1 1.2 1 1 21.4 5 7.6 5.1 7.6 10.1 5.4 7.1 9.7 5.1 5 5 7.2 5.75 5.75 5.75 5.95 5.95 30.1 5.85 5.5 1.1 5.2 3.1 1.2 3.2 9.1 5.95 17.1 5.85 9 5.1 7 5 5.75 5.85 5.75 3.1 5.65 30.1 7.6 9 7.8 30.3 22.8 6.4 15.9 5.9 7.4 12.3 11.6 10.7 6.5 10.3 3.1 3.2 3.1 6.5 30.6 9.3 7.1 9.8 6.7 17.3 7.4 17.6 10.4 10.6 7.7 7.7 7.5 7.8 7.8 7.8 8 NaN NaN NaN NaN NaN NaN NaN
1.2 1.1 5 9 1 3.6 1.1 1.1 1.1 3.7 1.2 7 5 7.6 5.2 5.2 9.6 7.8 10.3 9.7 5.3 7.1 5.1 5.95 19.5 5.3 9 11.6 22.2 5.75 3.9 1.2 1.1 1.7 5.55 5.45 5.55 5.1 5 5.1 7.6 5 5.55 5.55 5.65 5.55 7.1 6.05 30.3 17.8 6.05 6.05 7 5.75 11.3 8.2 6 20.4 12.4 20.2 7.1 5.8 6.3 5.8 5.1 6.4 6.4 10 6.1 6.6 6.5 6.5 6.4 6.5 7.5 7.7 22.6 12.9 30.8 3 7.5 7.5 7.9 NaN NaN NaN NaN NaN NaN NaN NaN
8.6 6.2 3 3 3.1 1 1 3.3 23.8 3.1 16.4 6.3 14.9 7.1 25.2 25.9 26.5 15.3 5 5.1 5.1 7 6.05 5.6 5.65 5.1 5.85 3.1 30.5 3.2 6.05 3.6 5 5.65 5.65 5.75 5.55 5 9.1 5.6 5 12.6 5 7.1 5.7 7.6 5.1 22.7 7.1 7.8 5.4 8 12.8 30.4 3.7 6 6.1 7.7 8.3 7.8 3.1 5 5.9 6.5 9.6 17.9 10.3 6.2 9.1 7 11.7 30.5 7.2 7.2 7.4 7.2 10.4 9.1 7.7 7.85 7.75 7.75 15.25 NaN NaN NaN NaN NaN NaN NaN NaN
1.1 NaN NaN NaN 5.1 3.6 3.6 1.3 1.2 1.1 18.7 1.2 6.3 1.1 5.1 5 21.8 29.5 5 30.2 14.6 30.2 10.2 5 5 6.25 6.35 6.65 7.6 3 5.6 18.4 6.05 6.15 6.05 6.25 5.75 3.6 5.2 3.2 7.7 15.2 5.1 3 6.1 3 3 13.2 5.7 7 5 10.1 5.1 6.3 5.1 6.4 6.1 28.7 6.2 3.1 24.8 30.2 30.4 30.4 30.3 30.4 15.4 6.4 5 5.2 6.6 6.4 7.4 7.2 12.3 7.45 7.85 17.95 8.05 7.85 7.75 7.65 7.65 7.75 NaN NaN NaN NaN NaN NaN NaN
NaN NaN NaN NaN NaN 5 3.6 3.9 3.6 1 3.8 3.9 5.7 3 3 7.6 5 30.2 6.05 20.4 7.9 7.6 30.1 30.2 8.2 6.15 6.25 6.55 5 5 6.05 6.65 7.7 6.05 6.05 6.15 6.15 6.05 3 3 30.2 5 5.1 3.1 3.1 1.1 5.2 10.7 7 5 3 1.1 7.1 1.3 5.1 1 6 3.3 6.1 30.3 30.5 30.4 11.2 30.6 21.5 30.7 6.5 7 5.2 7.7 30.5 14.1 7.55 7.75 7.55 7.65 7.95 7.95 8.05 7.95 7.65 7.75 7.7 7.65 7.75 30.4 7.75 NaN NaN NaN NaN
NaN NaN NaN 6.7 1.2 5.6 3.6 1.2 6.3 1.2 1.1 5.1 9.1 3 1 5.1 5.2 5.1 30.4 30.4 29.3 15.5 5.2 5 6.05 7 7.7 6.45 6.05 6.05 6.05 6.45 6.25 6.05 6.05 6.15 6.15 6.15 6.05 6.05 6.05 6.05 5.95 1.1 6.25 1 5.1 5.1 3 3 3 8.4 5.95 10.3 27.1 5.95 22.8 16.6 9.4 10.9 3.7 19.2 3.7 13.8 9 30.6 7.4 5.8 7.4 10.05 8.6 6.65 6.75 7.65 7.45 9.95 7.55 7.85 7.95 8.05 15.55 8.05 10.3 20.45 7.95 8.05 17.95 8.05 NaN NaN NaN
NaN NaN 5.6 5.2 9.1 3.6 6.2 1.1 3.8 1.1 1.1 1 16.2 3 16.6 3.6 5.2 7.6 5.2 5.3 5.3 7.8 30.1 6.25 6.15 5.2 6.25 6.15 6.25 6.05 6.05 6.35 6.35 6.05 6.05 6.15 6.05 6.05 6.15 3 9 30.3 8.2 6.1 5.9 6.15 5.1 5.7 3.1 5.85 5.95 6.05 5.75 5.95 5.85 1 5.75 6.7 6.5 3.2 6.4 7.7 6.1 6.9 12.4 7.3 5.8 30.55 13.2 7.35 16.7 26.8 6.55 15.05 7.45 7.35 7.45 9.95 7.85 15.35 20.65 7.95 7.75 7.75 7.85 3 7.95 10.35 NaN NaN NaN
NaN 5.6 30 30.1 3 1 5.6 1.2 6.1 5.6 3.1 3 13.2 9.1 6.2 30.2 6.4 6.7 7.6 22.1 5.5 5.2 6.25 6.15 6.35 6.45 27.8 6.15 6.25 6.05 6.15 6.6 6.25 6.35 6.15 6.15 6.15 6.15 10.7 6.25 6.2 3.7 6.05 1.4 3.7 3 11.1 1 5.75 5.85 5.95 5.85 5.75 6.35 5.95 6.05 1.1 1 1.1 11.7 6.95 6.85 3 6.85 6.95 7.8 7.65 7.65 9.95 12.75 16.8 6.45 6.55 7.45 7.35 10.05 7.25 7.45 7.55 7.55 27.55 7.95 7.85 7.75 10.25 7.85 7.65 NaN NaN NaN NaN
NaN 5.2 5.5 3 4.5 5.2 4.7 3.1 3.1 5.2 5.1 5.1 6.8 6.2 5.1 5.1 5.1 7.6 3 5 5 7.2 5.1 7.7 6.15 6.35 8.9 5.1 6.9 9.6 6.6 6.7 6.35 6.25 6.25 6.35 5.1 9.6 12.1 3.1 1 1 8.3 1.1 5.2 6.05 7.7 3.1 6.05 5.85 5.75 5.95 5.1 6.25 1.1 6.05 6.35 6.35 6.65 14.1 30.2 11.7 6.65 30.3 30.3 14.2 16.8 7.45 7.45 12.35 7.65 6.45 6.65 6.85 7.45 30.2 12.45 30.45 7.45 14.95 7.35 7.75 30.4 7.95 20.45 NaN NaN NaN NaN NaN NaN
5.2 5.4 14.2 4.5 4.6 4.6 4.6 4.5 4.5 5.1 5.3 1.2 5.2 5.4 4.6 15.3 4 4 5 5.6 1.1 5.4 5.6 5.6 6.35 6.15 5.7 6.7 6.7 6.8 6.8 6.8 6.35 5.95 5.95 6.05 6.15 8.2 1.1 3.1 8.7 1.1 1 1.1 6.05 5.6 6.35 NaN 5.95 6.05 6.15 5 6.05 5.8 5 6.05 1 6.45 6.35 6.55 27.1 27.05 10.3 14.8 30.5 5.2 30.3 7.05 7.15 7.55 9.65 7.35 7.15 24.65 14.85 7.45 12.65 7.75 7.35 7.55 9.95 7.45 7.65 7.45 NaN NaN NaN NaN NaN NaN NaN
9.1 5.2 5.1 4.5 4.8 4.5 4.6 7.2 4.6 5.2 5.1 5.3 5.6 9.2 5.1 5.1 9 7 17.6 1 1 3 5 5.6 6.25 6.5 6.6 6.5 6.6 6.7 6.6 6.7 6.3 6.5 30.5 6.15 6.15 15.6 1 16.3 1 1.1 1 1.1 5.6 20.2 6.05 15.1 1.1 3.6 6.15 6.05 6.05 3.1 6.45 6.45 6.95 5 7.6 5.1 6.85 5.65 11.7 7 7 6.45 6.15 6.35 6.45 9.4 7.35 7.55 7.15 7.15 7.45 7.55 7.75 7.55 7.45 7.65 30.85 7.55 7.75 7.75 7.55 NaN NaN NaN NaN NaN NaN
5 1 5.1 5 5 5 5.2 4.8 7.2 5.2 5.3 5.4 5.3 7 5.2 5 4.6 5 7 9 1 3 5.1 7.6 6.5 6.3 6.6 6.6 6.6 6.3 30.2 6.5 6.4 6.6 6.4 5.95 5.95 25.7 16.2 1.2 1.2 1.2 1 1.1 6.25 3 6.15 10.7 3.2 6.05 6.05 7 6.15 6.45 6.45 6.85 10.1 6.95 6.85 5.1 6.2 5.1 13.2 10.1 29 14.9 7.2 6.35 30.5 30.5 9.2 6.8 7.25 7.55 7.65 30.45 7.65 7.65 7.55 7.35 7.35 7.45 7.35 7.55 7.35 7.35 9 NaN NaN NaN NaN
30.2 5.3 5.4 13.9 7.3 5.4 5.2 5.1 5.2 5.3 5.1 30.5 29.2 5.1 10.4 5 5 5 5 5 5 1.2 7 5.1 5 6.5 6.6 6.4 6.2 6.2 6.4 6.4 6.4 6.5 6.4 6.4 6.4 5.6 1.3 1.1 4.7 3.6 4 3.1 1.3 1.1 5.3 6.25 5.95 5.95 6.05 5.95 6.15 6.65 6.2 6.95 6.85 6.85 6.75 6.35 6.65 30.4 30.5 3.7 16.7 6.35 6.95 6.95 1.3 6.95 8.55 7.55 7.55 7.55 9.95 7.45 7.45 7.35 7.45 7.35 7.35 7.45 7.35 7.45 7.45 7.75 6.3 7.95 3.2 NaN NaN
9.2 5.5 4.8 10.6 7.7 14.6 7.1 5.5 5.4 5.5 5.7 5.1 5.3 5.2 9.7 30.3 7.2 1.2 5 1 5.6 5 5.1 5.1 7.6 7.7 29.8 6.3 6.2 6.3 6.4 6.3 6.2 6.4 1.3 6.3 6.6 6.6 3 3.7 1.2 28.7 1.1 30.3 6.15 6.15 6.25 3.1 3.7 1.2 3.8 6.05 6.75 6.65 6.55 3 7.6 6.85 6.95 6.55 6.65 14.8 6.45 7.2 13.2 5.1 6.75 6.85 6.5 6.75 7.35 7.35 7.65 7.65 10.15 7.45 7.55 7.45 7.35 7.45 7.45 7.65 7.55 7.55 7.75 26.8 9.2 7.35 7.45 9.95 NaN
5.9 19.6 5.9 5.6 5.3 3.7 5.3 5.4 5.4 5 5.5 5.3 5.1 5.2 7 5.1 3 3 5.2 11.3 30.5 6.6 15.4 7.6 7.6 22.7 5.4 15 6.3 6.2 6.2 6.5 6.2 3 21 6.4 7.1 7.7 6.6 6.2 1 1.1 3.2 5.7 13.5 6.15 3.2 3.1 5.6 3.6 3.7 6.35 12.15 1.2 7.15 6.95 6.85 6.85 6.75 6.85 16.9 9 5.2 30.2 9 17.1 30.3 5.3 7.05 3.8 30.25 9 10.05 7.35 8.3 7.45 6.65 6.75 7.55 5.7 7.55 7.65 9 16 3.4 30.4 30.3 7.55 13.2 7.35 7.45
5.3 7.8 5.6 5.5 5.3 8.8 5.2 5.5 22.1 1.1 1.1 5 6.1 5.2 5 5 5.1 5.1 3.1 7.7 3 3 15.2 7.7 5.2 14.9 30.3 15.2 6.5 6.3 5.1 6.4 7.1 10.7 7.3 7.1 7 6.5 12.8 5.6 1.1 3.1 6.15 7.1 5.8 8 6.75 6.35 1.1 5.6 6.45 6.65 6.75 5.6 6.75 6.85 6.85 6.85 6.95 6.75 30.5 6.95 6.65 7.75 9 11.5 14.2 6.85 30.4 6.75 14.7 3.6 6.85 8.2 7.1 12.2 6.85 9.95 7.45 9.95 15.25 13.3 3.6 1.4 30.3 24.1 7.55 7.45 7.55 9.95 7.35
5.7 5.4 5.1 5 5.6 12.2 5.1 5.3 5.7 8.2 3.1 5.5 5.1 5 5.1 11.6 5.2 6.3 7 5.1 5 3.2 1 15.1 9.7 5.8 5.2 5.1 30.3 6.4 6.2 7 7.2 6.9 7.1 3.2 7.1 7.1 10.3 30.3 8.8 6.25 6.25 12.2 5.8 6.35 6.55 6.15 6.45 6.35 6.35 30.2 6.85 6.85 5 6.75 6.75 6.95 6.75 9.1 6.95 6.75 10.15 7.55 19.1 6.55 6.75 7.75 9.85 7.55 5.3 7.55 7.8 6.75 7.05 6.85 7.65 7.65 12.75 7.65 7.35 7.55 7.55 10.6 11.8 16.6 30.5 9.6 6.1 7.25 1.1
4.8 4.9 5.1 5.3 4.5 30.3 24.2 26.6 9.2 7.1 11.7 5.8 5.2 5.2 5.3 5.2 5.2 5.1 6.5 10.1 5.2 5.1 7.7 11.8 5.1 5.1 30.2 7.7 6 8.3 6.6 9.8 7.2 7 7.1 3.6 7.1 7 7.5 6.25 5.7 3.1 6.15 6.05 6.35 6.25 6.35 6 6.35 6.45 6.85 6.85 7.05 3.1 6.95 9.55 7.05 6.75 3 6.75 6.75 6.75 6.75 7.35 30.5 11.7 6.75 7.65 12.75 22.65 16.95 7.45 7.75 7.55 7.45 7.35 7.65 7.45 7.65 7.65 7.75 7.45 16.4 5.6 7.35 7.25 11.6 30.6 7.65 7.45 7.25
30.4 5.4 7.7 5.4 5.4 4.7 19.1 16.7 9 5 5.6 25.3 14.8 5.1 5 8.1 3 6.4 5 5 5.2 7.6 3 3.6 5 7.7 5.1 5 5.8 5.9 6.8 7 6.9 14.9 1.2 8.8 7.2 7.4 10 5.8 5.7 6.2 10.7 6.25 6.25 6.45 6.15 6.45 6.15 6.25 6.95 6.85 6.85 15.4 9.65 7.05 6.95 7.05 7.7 27.3 16.8 30.5 24.2 7.45 7.55 7.55 30.5 30.6 7.55 10.05 14.95 19.3 7.65 7.35 9.95 7.55 7.65 3.3 7.75 7.65 7.45 7.65 7.25 7.35 5.1 7.35 9.75 7.25 7.35 7.45 6.25
6.6 5.5 5.6 5.3 3.6 5.3 5.1 4.6 12.3 4.6 5 5.2 4.7 5 5.1 5.1 25.8 5.1 3.6 5.2 3 3 3.2 5.1 5.1 5.1 5.8 5.8 7.1 7.1 7 12.3 30.2 3.8 1.2 7.2 6.4 5.8 7.3 1.3 3.9 1 6.1 6.55 1.1 6.45 6.55 6.65 3.1 6.85 7.05 7.05 7.25 30.2 6.2 5.1 6.95 6.85 6.95 30.2 24.2 16.8 28.1 30.4 30.7 10.25 7.65 17.35 10.35 3 6.65 15.25 7.75 7.85 17.65 7.55 12.45 7.55 7.35 7.55 7.55 7.25 7.45 7.65 5 7.25 7.15 6.85 7.05 6.05 5.75
