Outfile_2.asc
NCOLS 201
NROWS 151
XLLCORNER 730592.938286
YLLCORNER 2561222.529137
CELLSIZE 145.176046
NODATA_VALUE NaN
[rows 0 to 32 of 151, columns 74 to 147 of 201]
NaN NaN NaN NaN NaN NaN NaN NaN NaN NaN NaN NaN NaN NaN NaN NaN NaN NaN NaN NaN NaN NaN NaN NaN NaN NaN NaN NaN NaN NaN NaN NaN NaN NaN NaN NaN NaN NaN NaN NaN NaN NaN NaN NaN NaN NaN NaN NaN NaN NaN NaN NaN NaN NaN NaN NaN NaN NaN NaN NaN NaN NaN NaN NaN NaN NaN NaN NaN NaN NaN NaN NaN NaN NaN
NaN NaN NaN NaN NaN NaN NaN NaN NaN NaN NaN NaN NaN NaN NaN NaN NaN NaN NaN NaN NaN NaN NaN NaN NaN NaN NaN NaN NaN NaN NaN NaN NaN NaN NaN NaN NaN NaN NaN NaN NaN NaN NaN NaN NaN NaN NaN NaN NaN NaN NaN NaN NaN NaN NaN NaN NaN NaN NaN NaN NaN NaN NaN NaN NaN NaN NaN NaN NaN NaN NaN NaN NaN NaN
NaN NaN NaN NaN NaN NaN NaN NaN NaN NaN NaN NaN NaN NaN NaN NaN NaN NaN NaN NaN NaN NaN NaN NaN NaN NaN NaN NaN NaN NaN NaN NaN NaN NaN NaN NaN NaN NaN NaN NaN NaN NaN NaN NaN NaN NaN NaN NaN NaN NaN NaN NaN NaN NaN NaN NaN NaN NaN NaN NaN NaN NaN NaN NaN NaN NaN NaN NaN NaN NaN NaN NaN NaN NaN
NaN NaN NaN NaN NaN NaN NaN NaN NaN NaN NaN NaN NaN NaN NaN NaN NaN NaN NaN NaN NaN NaN NaN NaN NaN NaN NaN NaN NaN NaN NaN NaN NaN NaN NaN NaN NaN NaN NaN NaN NaN NaN NaN NaN NaN NaN NaN NaN NaN NaN NaN NaN NaN NaN NaN NaN NaN NaN NaN NaN NaN NaN NaN NaN NaN NaN NaN NaN NaN NaN NaN NaN NaN NaN
NaN NaN NaN NaN NaN NaN NaN NaN NaN NaN NaN NaN NaN NaN NaN NaN NaN NaN NaN NaN NaN NaN NaN NaN NaN NaN NaN NaN NaN NaN NaN NaN NaN NaN NaN NaN NaN NaN NaN NaN NaN NaN NaN NaN NaN NaN NaN NaN NaN NaN NaN NaN NaN NaN NaN NaN NaN NaN NaN NaN NaN NaN NaN NaN NaN NaN NaN NaN NaN NaN NaN NaN NaN NaN
NaN NaN NaN NaN NaN NaN NaN NaN NaN NaN NaN NaN NaN NaN NaN NaN NaN NaN NaN NaN NaN NaN NaN NaN NaN NaN NaN NaN NaN NaN NaN NaN NaN NaN NaN NaN NaN NaN NaN NaN NaN NaN NaN NaN NaN NaN NaN NaN NaN NaN NaN NaN NaN NaN NaN NaN NaN NaN NaN NaN NaN NaN NaN NaN NaN NaN NaN NaN NaN NaN NaN NaN NaN NaN
NaN NaN NaN NaN NaN NaN NaN NaN NaN NaN NaN NaN NaN NaN NaN NaN NaN NaN NaN NaN NaN NaN NaN NaN NaN NaN NaN NaN NaN NaN NaN NaN NaN NaN NaN NaN NaN NaN NaN NaN NaN NaN NaN NaN NaN NaN NaN NaN NaN NaN NaN NaN NaN NaN NaN NaN NaN NaN NaN NaN NaN NaN NaN NaN NaN NaN NaN NaN NaN NaN NaN NaN NaN NaN
NaN NaN NaN NaN NaN NaN NaN NaN NaN NaN NaN NaN NaN NaN NaN NaN NaN NaN NaN NaN NaN NaN NaN NaN NaN NaN NaN NaN NaN NaN NaN NaN NaN NaN NaN NaN NaN NaN NaN NaN NaN NaN NaN NaN NaN NaN NaN NaN NaN NaN NaN NaN NaN NaN NaN NaN NaN NaN NaN NaN NaN NaN NaN NaN NaN NaN NaN NaN NaN NaN NaN NaN NaN NaN
8.1 NaN NaN NaN NaN NaN NaN NaN NaN NaN NaN NaN NaN NaN NaN NaN NaN NaN 12.4 9.85 NaN NaN NaN NaN NaN NaN NaN NaN NaN NaN NaN NaN NaN NaN NaN NaN NaN NaN NaN NaN NaN NaN NaN NaN NaN NaN NaN NaN NaN NaN NaN NaN NaN NaN NaN NaN NaN NaN NaN NaN NaN NaN NaN NaN NaN NaN NaN NaN NaN NaN NaN NaN NaN NaN
8.6 NaN NaN NaN NaN NaN NaN NaN NaN NaN NaN NaN NaN NaN NaN NaN NaN 10.9 8.85 9.95 NaN NaN NaN NaN NaN NaN NaN NaN NaN NaN NaN NaN NaN NaN NaN NaN NaN NaN NaN NaN NaN NaN NaN NaN NaN NaN NaN NaN NaN NaN NaN NaN NaN NaN NaN NaN NaN NaN NaN NaN NaN NaN NaN NaN NaN NaN NaN NaN NaN NaN NaN NaN NaN NaN
9 NaN NaN NaN NaN NaN NaN NaN NaN NaN NaN NaN NaN NaN NaN 10.75 19.55 13.25 9.3 8.85 NaN NaN NaN NaN NaN NaN NaN NaN NaN NaN NaN NaN NaN NaN NaN NaN NaN NaN NaN NaN NaN NaN NaN NaN NaN NaN NaN NaN NaN NaN NaN NaN NaN NaN NaN NaN NaN NaN NaN NaN NaN NaN NaN NaN NaN NaN NaN NaN NaN NaN NaN NaN NaN NaN
9.35 NaN NaN NaN NaN NaN NaN NaN NaN NaN NaN NaN NaN 9.45 8.85 8.85 8.25 11 11.45 9.45 8.45 NaN NaN NaN NaN NaN NaN NaN NaN NaN NaN NaN NaN NaN NaN NaN NaN NaN NaN NaN NaN NaN NaN NaN NaN NaN NaN NaN NaN NaN NaN NaN NaN NaN NaN NaN NaN NaN NaN NaN NaN NaN NaN NaN NaN NaN NaN NaN NaN NaN NaN NaN NaN NaN
8 NaN NaN NaN NaN NaN NaN NaN NaN NaN 9.2 12.6 9.8 10.7 18.6 9.85 9.75 8.05 9.5 9.1 18.65 NaN NaN NaN NaN NaN NaN NaN NaN NaN NaN NaN NaN NaN NaN NaN NaN NaN NaN NaN NaN NaN NaN NaN NaN NaN NaN NaN NaN NaN NaN NaN NaN NaN NaN NaN NaN NaN 7.4 NaN 8.45 NaN NaN NaN NaN NaN NaN NaN NaN NaN NaN NaN NaN NaN
NaN NaN NaN NaN NaN NaN NaN NaN NaN NaN 9.4 8.4 10.8 11.65 8.4 8.85 11.4 9.15 14.15 10.05 12.15 NaN NaN NaN NaN NaN NaN NaN NaN NaN NaN NaN NaN NaN NaN NaN NaN NaN NaN NaN NaN NaN NaN NaN NaN NaN NaN NaN NaN NaN NaN NaN 10.75 10.6 21.75 7.75 8.9 7.85 8.25 8.3 8.2 5.8 9.6 NaN NaN NaN NaN NaN NaN NaN NaN NaN NaN NaN
NaN NaN NaN NaN NaN NaN NaN NaN NaN 11.05 9.5 9.4 8.95 11.9 15.35 12.3 9.7 8.45 8.7 9.85 8.8 10.1 NaN NaN NaN NaN NaN NaN NaN NaN NaN NaN NaN NaN NaN NaN NaN NaN NaN NaN NaN NaN NaN NaN NaN NaN NaN NaN NaN NaN NaN NaN 10 9.8 11.8 8.45 13.35 8.15 7.7 21.05 10.1 10.85 8.15 9.65 NaN NaN NaN NaN NaN NaN NaN NaN NaN NaN
7.85 NaN NaN NaN NaN NaN NaN NaN 9.3 11.15 7.9 8 8.95 7.35 8.35 10.6 10.4 10.7 8.6 8.2 8.6 7.95 NaN NaN NaN NaN NaN NaN NaN NaN NaN NaN NaN NaN NaN NaN NaN NaN NaN NaN NaN NaN NaN NaN NaN NaN NaN NaN NaN NaN NaN 8.6 15.8 24.65 9.5 30.15 15.2 9.85 11.9 11.6 8.85 27.15 9.25 9.8 NaN NaN NaN NaN NaN NaN NaN NaN NaN NaN
8 NaN NaN NaN NaN NaN 8.75 9.05 15.2 15.85 30.15 9.15 8 8.1 7.75 10.25 8.85 7.7 7.7 10.2 8.55 10.15 7.8 NaN NaN NaN NaN NaN NaN 9.35 NaN NaN NaN NaN NaN NaN NaN NaN NaN NaN NaN NaN NaN NaN NaN NaN NaN NaN NaN NaN NaN 7.95 8.75 12.15 9.2 9.9 13.1 10.7 9.2 8.5 7.75 8.2 9.5 10.6 7.65 NaN NaN NaN NaN NaN NaN NaN NaN NaN
9.7 6.45 NaN NaN 30.15 17.5 30.2 14.6 27.05 22 30.05 10.25 8.05 9.5 9.45 8.7 11.5 7.5 7.55 8.45 30.05 8.75 8.05 NaN NaN NaN NaN NaN NaN 3.3166666667 7.9 8.05 NaN NaN NaN NaN NaN NaN NaN NaN NaN NaN NaN NaN NaN NaN NaN NaN NaN NaN NaN 14.15 3.85 15.4 13.5 12 14.7 11.8 11.8 11.5 11.25 12.6118913743 10.25 8.65 8.3 NaN NaN NaN NaN NaN NaN NaN NaN NaN
7.75 9 7.5 11.05 14.1 10.3 11.55 13.25 14.25 10.7 26.3 10.6 9.35 8.95 8.1 7.45 8 8.35 10.95 9.65 8.9 14.4 22.3 10.25 7.85 NaN NaN NaN NaN 7.1203703704 8.7333333333 14.55 9.85 11.25 18 8.55 23.45 NaN NaN NaN NaN NaN NaN NaN NaN NaN NaN NaN NaN NaN NaN NaN 10.7 9.6 30.15 30.2 11.25 20.75 9.45 13.6 9.95 9.5 9.9 30.028511354 10.85 8.15 NaN NaN NaN NaN NaN NaN NaN NaN
12.8 11.05 30.1 17.05 9.15 25.1 27.8 11.3 10.2 11.65 30.1 9.5 13.7 8.05 10.2 8.1 12.4 9.85 9.55 10.65 8.35 7.7 7.75 8.8 9.25 14.45 10.8 28.9 17.65 13.15 12.5 18.8 26.5 12.75 21.55 10.35 24.95 11 8.9 NaN NaN NaN NaN NaN NaN NaN NaN NaN NaN NaN NaN 9.55 17.05 12.95 12.55 8.9 9.95 9.95 18.4257618163 12.5 13.6 9.05 12.2 9.3 6.9540925512 NaN NaN NaN NaN NaN NaN NaN NaN NaN
8.4 12.5 19.35 30.35 9.05 9.05 9.15 11.45 9.4 8.7 13.2 9.65 8.45 17.5 9.65 13.6 10.75 12.45 12.55 9.5 10.4 9.9 11.7 15.15 9.85 9.45 9.35 8.75 17.9 17.3 12.5 18.7 15 9.65 19.3 30.15 13.05 30.2 21.2 10.85 30.1 7.9 NaN NaN NaN NaN NaN 8.65 NaN 12.65 9.6 30.25 10.7 9.1 30.5 18.2 9.3 9.65 14.35 10.65 11.9 8.5 14.55 7.8 NaN NaN NaN NaN NaN NaN NaN NaN NaN NaN
8.25 7.8 7.15 21.6 9.9 10.65 10.4 13.9 9.35 9.7 10.2 7.8 10 7.65 8.25 7.9 9.2 8.3 12.6 10.35 9.7 8.9 20.35 11.9 17.3 15.5 11.25 8.9 10.65 22.95 30.0666666667 8.45 30.1833333333 14.0703703704 11.95 6.65 8.85 30.05 8.9 9.35 8.95 8.5 8.55 10.55 7.9 7.85 8.45 8.4 12.5 11 8.75 11.05 9.95 7.9 9.25 9.35 10.2 9.25 11.3 8.45 11.25 9.5 9.8 10.6 10.2 8.75 NaN NaN NaN NaN NaN NaN NaN NaN
7.75 7.75 7.3 8.25 9.8 9.65 9.2 7.4 7.95 10.65 30.25 7.95 10.2 7.75 8.05 8.9 8.2 14.95 10 14.65 11.45 8.95 7.7 9.65 12.7 10.05 8.35 9.4 9.85 18.3013641714 3.3666666667 8.7 15.5333333333 8.35 11.05 8.35 11.2 8.7 13.55 13.6 9 11.05 9.75 30.2 23.75 30.3 18.1 10.1 11.8 10.85 17.55 30.3 10.85 30.0289342698 14.35 9.1384487607 10.2 10.25 12.35 10.95 10.5 8.8 7.85 8.95 7.6 8.65 14.8 7.6 8.4 9.55 9.85 5.4 9.9 8.25
8 6.95 7.05 6.95 9 6.85 8.05 7.95 7.25 7.6 8.1 7.65 9.55 8.35 11.1 15.1 22.7 9.4 15.2 10.3 11.25 9.3 7.65 7.4 7.95 7.3 7.25 7.65 14.7380952381 27.5703703704 7.9 6.75 8.7 30.3513641714 10.5 30.3 8.8 18.6 12.2 14.2 6.3 30.4 22.25 9.5 30.05 7.6 28.5 9.55 9.7 9.05 9.8 30.1502805931 15.25 17.35 8.95 11.2 14.7540925512 10.15 7.7 9.75 8.8 9.35 10.35 7.85 7.65 8.55 10.8 8.25 10.65 9.1 8.65 8.9 8.4 7.85
8.55 7 7 7.1 6.8 6.7 7.15 9.1 9.05 30.55 7.8 9.85 8.25 12.7 10.55 13.05 30.9 8 8.3 13.75 19.55 10.15 7.45 9.25 12 9.15 30.15 27.75 7.5 7.25 10.2 7.5 9 14.6333333333 7.7 12.25 11.75 30.15 9 12.35 11.15 23.2079244652 17.8489137706 13.25 18.9629588438 22.25 29.9 10.85 7.15 5.45 7.05 11.7 16.25 8.2 30.1745006541 10.95 16.0833333333 8.55 15.11898463 8.8 8.2 8.35 8.75 10.7 8.65 7.85 7.45 8.3 10.15 9.75 8.2 8.35 7.6 9.7
6.65 6.8 6.8 6.65 6.7 5.4 30.4 NaN 7.25 28.65 30.15 30.95 9.1 13.2 8.6 10.75 8.05 10.2 8.55 7.5 8 9.55 9.2 13.173998276 30.0277777778 7.3 24.3277777778 22.5777777778 7.75 9.6 7.3 8.15 12.5 12.05 8.8 23.9064102564 7.65 7.75 11.9 11.75 9.8 9.6 9.7185127644 7.6491289 16.598142394 8.5 11 7.55 16.55 30 12.95 16.4 9.6 30.1040925512 6.75 9.6 8.25 12.25 9.35 13.95 13.7 8.05 9.35 8.65 8.7 8 7.95 9 8.1 11.75 7.75 8.4 7.65 9.2
30.2079276146 6.6 6.35 6.75 5.85 6.35 NaN 7.1 NaN 7.6 30.3722222222 29.6789342698 12.25 12.65 8.25 30.173998276 7.8 6.903030303 9.1 9.25 7.1 10.05 8.6 7.35 17.4761904762 7.8 8.1261904762 25.4761904762 30.0445644158 24.1708182626 10.747178591 7.5 4.55 12.4617382165 6.5666666667 30.2666666667 14.4214045971 8.6 8.25 8.15 30.0430664066 28.1120225406 10.4047379305 10.4404286252 9.7711282852 22.2401371761 14.6594922192 10.55 12.2289342698 7.9 8.15 7.45 8.5 30.4333333333 7.2 7.8 10.3 9.8 11 14.7532369137 8.9 7.85 10.3 9.5 7.45 8.25 10.6 8.35 6.45 13.15 9.75 9.65 7.45 7.5
7.4 6.7 6.55 6.5 6.45 6.65 6.5 6.5 NaN 6.95 30.203030303 7.85 11.1333333333 30.1333333333 8.65 8.95 8 7.8 16.2770461645 10.2 9.75 7.3953558739 8.3 7.9 10.4611111111 7.9111111111 9.2111111111 9.3611111111 30.0109550211 15.0012482872 20.0277777778 30.1874258846 11.5080151505 30.07568603 12.3880983798 9.7833333333 30.4040925512 30.3111111111 9.5 11.8 10.1 7.95 7.9 12.8773928005 19.5421877893 3.5666666667 30.3122501134 7.55 7.85 8.45 7.9656866083 8 7 6.7 7.25 8.75 9 7.75 8.35 11.35 7.7 30.05 8.8 7.5 7.55 7.85 11.7 9.7 9.25 8.15 10.4 9.9 7.45 8.25
7 6.8 6.95 7.1 6.95 6.6 6.7 6.45 6.3 6.8055555556 7.5 9.75 9.5 13.1166666667 4.9833333333 10.6 6.3611111111 8 8.95 30.0833333333 8.65 30.2 7.9 11.2 10.1166666667 29.8166666667 11.2166666667 8.2166666667 20.3700953027 21.3208927697 17.3620225406 14.7740453033 30.0340685946 29.2814757273 30.340057876 21.1333333333 6.8 11.05 9.9 10.85 21.5825157082 7.3 11.95 8.85 30.1075575791 30.3333333333 30.478511354 7.9 2.997996552 3.5585207206 5.5482350545 9.85 15.3993623108 7.15 7.1 7.5 3.5032369137 9.4 8.9 11.05 10.2 28.05 4.6 14.4 8.75 7.75 8.45 12.9 9.95 2.8 7.4 8.75 7.55 3.1
28.14071197 9 7.1 7 6.8 30.2666666667 6.5 6.9 6.65 17.0833333333 23.9333333333 10.55 9.7 5.5 9.65 10.45 15.7666666667 8.35 8.1 10.55 9.6 12.1 10.2 30.3055555556 16.8761904762 11.6761904762 6.4761904762 10.6261904762 23.8019522925 11.7897640738 18.7745602819 23.3547379305 7.6 13.5612105808 6.1055555556 8.05 8.1 7.8 8.35 21.8023689097 24.4036979496 7.65 7.85 4.7600148419 8.75 5.1745006541 30.7166666667 30.4 9.6 9.4 7.4659705015 16.688708522 6.35 6.95 20.2737619586 7.55 7.65 8.25 7.85 8.85 29 7.45 21.75 8.55 9.05 7.95 8.7 8.05 11.75 8.15 8.25 8 5 NaN
15.0666666667 5.2111111111 6.95 26.1111111111 6.3 18.6111111111 6.6 30.1111111111 15.5745006541 6.85 30.0333333333 7.5 23.7584518793 7.55 8.8 13.85 21.2761904762 17.05 12.55 9.4 12.2181050248 10 18.4594922192 8.05 8.4 6.1777777778 7.0777777778 8.7777777778 8.8777777778 13.5117382165 30.1958969948 21.8851191813 20.321584533 30.217305074 30.303030303 8.3 7.95 7.6 11.2 30.303030303 16.9797798013 23.1214285714 7.15 30.2137297639 18.6768601941 10.2134491708 14.2770461645 28.7453558739 11.65 9 21.7286892072 30.24071197 27.4627204931 7.05 7.05 10 6.85 7.7 9.35 9.4 10.95 9.35 12.1 7.6 11.9 8 8.8 8.1 30.15 7.7 7.85 7.7 7.65 7.45
6.35 6.45 6 6.5166666667 5.8 4.3666666667 6.6 6.95 6.55 6.75 6.75 6.9 8.55 7.9 7.3 8.7 30.9347858837 9.05 10.45 11.45 8.65 7.9 14.0647188482 30.1583333333 10.2021130107 26.85 12.35 30.3 13.0694840324 8.85 9.4 20.0412609479 20.4055555556 24.253030303 23.8583333333 23.7583333333 30.0583333333 10.75 7.85 30.2277777778 9.4761904762 7.1 7.2 10.85 11.9777777778 6.2135231517 7.9094922192 8.05 21.9 30.0568038428 24.55 8.1 30.0802373727 7.65 20.9253443262 9.25 9.15 8.4 7.9 9.2 7.8 11.85 9.6 7.75 7.95 9.65 7.85 8.3 10.9 10.2 8.1 8.15 12.5 12.65
6.55 6.5 6.5 6.15 5.6 5.7 5.75 6.35 6.55 6.4 7 6.7 6.9 9.3 7.1 7.55 30.2021130107 11.55 9 8.65 10.35 6 16.25 9.15 6.85 5.15 15.9 12.2 14.1277777778 11.9761904762 10.6 7.75 28.2469040394 7.2423526966 9.7047650464 12.05 7.65 8.5118913743 30.0333333333 19.4634491708 7 13.5666666667 23.5611111111 8.25 8.5777777778 30.2 5.4222222222 12.2594922192 28.1889532194 15.5353397564 30.1297003671 7.3 6.95 7.15 7.05 8.35 10.05 10.5 7.7 7.75 8.15 8.25 11.55 11.95 8.9 8.9 11.75 8 14 13.65 8.8 7.8 9.1 9.65
