Outfile_1.asc
NCOLS 201
NROWS 151
XLLCORNER 730592.938286
YLLCORNER 2561222.529137
CELLSIZE 145.176046
NODATA_VALUE NaN
[rows 66 to 98 of 151, columns 75 to 149 of 201]
NaN NaN NaN NaN NaN NaN NaN NaN NaN NaN NaN NaN NaN NaN NaN NaN NaN NaN NaN NaN NaN NaN NaN NaN NaN NaN 6.2 5.949076262 5.9506636589 3.7053296488 11.7846975047 3.4900621611 2.4502212362 NaN NaN NaN NaN NaN 6.5374258846 5.0634491708 5.1223216919 3.3111111111 7.5584518793 2.4666666667 4.4555555556 3.8214045971 5.5042261031 13.2615508071 8.5953558739 30.0833333333 6.4 7.6040925512 9.1166666667 24.8166666667 6.5666666667 9.7666666667 6.95 6.8 9.4166666667 6.85 7.6361506991 6.85 6.7 6.85 6.85 6.85 6.75 12.6333333333 12.1166666667 27.8666666667 12.6888888889 7.0149362158 18.7848730697 27.4539126131 7.9203870548
NaN NaN NaN NaN NaN NaN NaN NaN NaN NaN NaN NaN NaN NaN NaN NaN NaN NaN NaN NaN NaN NaN NaN NaN NaN 2.7705792798 6.15 7.7990906338 3.9261588859 9.7789342698 6.35 6.4 NaN NaN NaN 8.65 8.8 15.0840685946 4.5876160094 4.4874258846 4.5494767825 1.2 9.2333333333 8.5833333333 8.0666666667 7.8540925512 4.2453558739 11.4705792798 6.3727786529 6.65 23.8419346658 30.1227786529 7.3401371761 9.9703703704 10.7203703704 6.6203703704 7.6203703704 7.05 6.9 7.05 7 6.75 6.8 6.85 6.8 6.75 6.75 6.8 7 7 6.95 25.1714285714 6.75 5.7833333333 25.7166666667
NaN NaN NaN NaN NaN NaN NaN NaN NaN NaN NaN NaN NaN NaN NaN NaN NaN NaN NaN NaN NaN NaN NaN NaN 4.6269562388 5.6440446391 NaN NaN NaN 6 6.25 NaN NaN NaN NaN 6.1 7.2 7.3 15.4359420902 5.6737387429 2.4802830782 3.4666666667 2.0333333333 3.0040925512 5.1166666667 15.2333333333 1.35 10.8954770164 8.2723216919 6.55460281 9.5648090607 6.6783329622 10.6405960329 11.7380952381 24.1380952381 4.1880952381 6.7 7 7.0880952381 6.95 6.85 6.85 7 6.9 6.75 6.8 6.85 6.75 7.05 6.9 7.3761904762 7 6.4421691488 7 4.6584518793
NaN NaN NaN NaN NaN NaN NaN NaN NaN NaN NaN NaN NaN NaN NaN NaN NaN NaN NaN NaN NaN NaN NaN 6.5578685395 6.8 17.2726526899 2.9730769231 5.85 NaN NaN NaN NaN NaN NaN 6.15 12.125 15.285446344 7.9313839675 2.30559494 4.9358309864 3.098142394 5.2833333333 4.7203703704 8.3134491708 8.5261904762 8.9716618094 6.35 26.4554744498 6.6 7.45 10.5381572756 12.4782174738 30.0252416018 16.0135735976 7.25 7 6.85 6.7 7.05 6.85 6.8 6.7 6.75 6.8 6.85 6.85 6.8 7.55 6.95 7.1194840324 7 2.8033108961 4.5952247076 6.4551154274 2.7681050248
NaN NaN NaN NaN NaN NaN NaN NaN NaN NaN NaN NaN NaN NaN NaN NaN NaN NaN NaN NaN NaN NaN 4.5899385949 22.9758255781 6.4 7.4851191813 18.138878435 5.95 1.923998276 6.05 NaN NaN NaN NaN 6 6 23.9681192171 4.8 6.1115508071 2.9393193566 5.3608185325 8.5242242458 9.6393193566 8.2564102564 7.9 7.3 5.4 5.5 5.55 5.2 25.4740453033 14.8047379305 16.3513189489 8.0205792798 8.8615508071 8.0268182948 7.0345325216 6.95 10.85 6.85 7.85 9.25 7.25 7.95 6.8 6.9 6.75 9.9 7.8 8.35 8.4 2.9222222222 3.8336139264 7.1456009364 5.7374901471
NaN NaN NaN NaN NaN NaN NaN NaN NaN NaN NaN NaN NaN NaN NaN NaN NaN NaN NaN NaN NaN 5.3 6.15 4.0853044011 5.5897412037 12.0646632187 5.7 6.9795713869 6.1 8.75 5.85 NaN NaN 6.15 9.3038357466 5.9 5 4.85 4.8 5 5.05 4.85 5.85 8.04984391 5.9 6.1 5.55 12.096856485 4.4 4.45 12.052378304 6.7041611408 3.7635231517 6.25 6.05 7 6.8 6.95 5.0047650464 8.4 7.3 7.3 8.25 7.4 6.55 6.4 6.8 6.9 4.8 3.35 6.85 3.5647188482 2.0594922192 6.8 7.2570224301
NaN NaN NaN NaN NaN NaN NaN NaN NaN NaN NaN NaN NaN NaN NaN NaN NaN NaN NaN 4.7 6.5 6.7 16.3168015807 6.15 6.2 6.1 5.7 6.3 6.05 9.7 NaN NaN 6.1 20.5087251934 6 21.7333333333 5.05 4.95 5 6.1770461645 15.2666666667 5.1 5.9 5.8 5.95 5.75 13.25 5.9 16.3518449158 22.856919727 15.2282174738 3.3830646666 3.4306741015 14.8070224301 6.5 6.3 7.35 7.4 7.2 10.6 7.65 7.85 7.85 7 6.9 6.5 6.6 6.75 4.8 6.85 3.5 2.7 1.8777777778 9.4261904762 6.0666666667
NaN NaN NaN NaN NaN NaN NaN NaN NaN NaN NaN NaN NaN NaN NaN NaN 6.45 7 4.45 7.2 6.45 6.65 6.5 7.5224739802 11.5955834467 5.9084518793 23.8059224131 6.05 9.3712869664 NaN 6.1 6 11.1363806577 6.25 7.5205792798 5.95 6.2 6.1 5.8 5.7 5.7 6 6 5.85 25.3428371643 5.6 5.95 5.95 8.3514076045 12.7994767825 8.7190355763 6.017051395 5.3622501134 22.7953558739 12.1166666667 16.2833333333 7.2 7.15 7.35 8.45 7.3 7.6703703704 7.05 6.95 6.95 6.85 6.0222222222 6.7 4.6 2.7 4.45 3.45 6.7777777778 6.9261904762 10.6666666667
NaN NaN NaN NaN NaN NaN NaN 6.45 4.4 NaN NaN NaN NaN NaN 2.3 2.8 5.7 6.6 6.25 5.85 11.9242242458 6.65 5.6928371643 6.5617382165 6.35 15.0301158374 29.2560112703 5.4 5.4 6.25 5.9 5.85 5.95 6.1 6.1 6.1 6.020674489 5.85 6.1 6.05 5.9 6 5.95 5.8 8.5666666667 5.95 5.9 7.153428636 7.6542261031 8.2745006541 7.05 19.9453558739 7.75 17.4374920661 6.4716618094 16.4111111111 7.4 22.66898463 7.25 7.2 8.2 7.95 13.6333333333 7.1 7.15 7.05 9.3 7.2 4.8 2.9 5 2.35 3.1777777778 9.4761904762 8.9666666667
NaN NaN NaN 6.7 4.5 4.5 4.55 9.45 4.85 10 4.4 4.2 6.65 6.75 6 5.95 8.8 6 19.65 15.2242242458 7.7446277864 21.4267895821 6.45 14.2070224301 30.0661434492 29.2413293538 5.5 4.0891639897 8.7160740412 5.75 9.0667993852 5.8 6.05 11.3485927876 5.9 23.669983854 7.0045637691 6.5621827039 6.45 6.6 6.6 6.3 12.1166666667 6.25 6 7.5953558739 18.9767895821 11.2446277864 30.1714045971 3.84071197 16.7833333333 3.3716618094 7.3692754236 8.9102895721 30.1226779369 10.9333333333 12.7 18.0584518793 9.6681050248 7.25 7.05 7.25 7.1 7 7 2.8833333333 7.8722222222 7 8.4 9.4 2.45 4.35 4.7277777778 4.3761904762 10.1166666667
NaN 6.65 4.35 4.65 3.7 3.5 3.55 4.25 10.05 4.3 5.3 6.45 5.85 4.3 5.95 8 5.7 6 6.8742242458 5.8 10.5267895821 6.5 11.6333333333 9.79071197 8.9666666667 25.4767895821 2.7223216919 5.9 7.9999159511 5.4661994504 6.3135735976 6.3164737863 4.7892557464 5.2428371643 5.55 6.05 12.6147188482 8.6328101159 5.9194840324 6.9 6.15 17.953030303 6.15 6.25 9.14071197 6.05 17.7356743286 12.8767895821 7.5055555556 9.6333333333 9.34071197 7.3214045971 18.6268182948 7.0242242458 6.2833333333 6.9166666667 8.1833333333 9.0040925512 10.4634491708 7.85 7 7.25 7.05 7.2 7.0953558739 5.1615508071 7.55 11.8 5.1 7.95 5.65 2.45 4.0777777778 7.65 9.0666666667
4.5 5.9 7.25 7.5 3.6 5.75 4.2 4.3 4.3 4.45 6.55 6.35 5.7 5.8 13.25 9 5.85 13.663394791 5.85 5.85 13.0856743286 6.3 8.89071197 7.4392557464 5.9428371643 29.3425555291 10.6249319761 6.4627204931 14.7740453033 5.9578339874 3.7287267571 5.6740079158 30.0615508071 6.3 6.15 6.05 6.05 9.95 3.95 6.6 6.35 7.314274771 6.8268182948 6.25 12.1892557464 3.64071197 9.5833333333 8.1859549217 22.1956009364 5.85 6.8987248999 5.6542261031 7.003428636 4.4108185325 6.203030303 7.8055555556 9.0666666667 7.4666666667 10.9261904762 7.05 19.9789342698 7.7 9.7666666667 10.2 10.2833333333 8.85 7.5 8.25 8 8.9 4.1 3.25 10.2768182948 7 13.44071197
4.55 3.65 3.7 3.55 4.15 4 4.25 4.15 4.3 4.15 6.65 6.55 5.95 5.3 6.5 5.85 5.95 6.3 5.8 30.1953558739 6.15 8.528511354 6.8205792798 3.1615508071 7.5946277864 22.5315546285 11.7090193633 5.6539264695 5.5611149814 3.6967854397 5.85 5.75 6 6.1 5.35 5.4 5.15 16.2289342698 11.3067245426 10.65 30.35 6.3 6.15 6.3 8.7615508071 6.1 15.8287919471 5.85 17.1629494148 7.65 9.1904286252 6.2991289 6.8828101159 9.75 4.1768182948 6.2214045971 8.0869026671 18.3889883586 15.7006271054 18.3638488355 7.15 7.15 9.15 30.1550633642 8.1 7.7 4.9380952381 7.35 8.55 8.5 6.9 6.9 5.1064102564 9 11.2492063492
3.7 3.55 4.15 4.2 4.15 4.2 4 4 4.25 4.15 6.4 6.4 5.8 2.3 10.9 5.9 6.5 30.048142394 6.25 6.5166666667 11.09071197 6.4392557464 2.1884487607 9.5635735976 5.3267895821 2.5356743286 12.8784048832 17.6240453033 5.2801158374 5.3653372142 6.1397640738 4.5573155329 5.2 5.65 6 13.4214045971 5.85 6.15 5.85 14.8961517174 19.8193279424 12.7598388924 6.8392203723 9.6064102564 6.0618913743 5.8 5.95 11.0169601147 6.3892557464 11.4903557635 16.4742996679 5.8128248883 10.2666087768 8.8 11.4556550252 8.1585207206 6.3917852127 7.8634491708 6.3 19.1383691019 6.35 7.2 5.4024976531 7.7 8.15 6.9181350989 4.4203703704 8.7 9.65 9.1 7 6.8401371761 5.8644313952 7 6.9
3.7 4.2 4.05 4.35 4.3 4 6.8 4.05 4.35 4.1 6.4 6.4 5.85 6.35 5.85 6.45 6.3 6.65 6.25 6.25 29.4333333333 5.1928371643 4.6135735976 6.5 6.2 10.1570224301 8.3705455818 6.55 8.7620225406 18.006466985 10.5745602819 6.85 6.2 6.2 6.15 6.25 6.3 6.3 5.9 8.0934849615 30.1415013475 5.4 6.1 5.9 5.7 6.05 6.05 5.8 5.8 6.95 8.0707592179 14.2047379305 7.049404584 5.2587567673 5.7540382048 8.5028909085 11.8659705015 18.8917852127 6.35 6.3 6.3 7.2190047263 8.4095038309 10.5813298853 30.0455834467 9.3248334564 9.55 2.7166666667 10.4166666667 11.75 4.8166666667 4.3274851991 4.6314757273 6.3047379305 7
4.5 4.3 4.1 4.25 4.15 4.1 4.2 4.2 4.2 3.9 6.4 6.55 6.4 5.8 5.75 16.5 6.75 6.5 6.6 11.9 5.5 5.65 6.1 6.5 10.6570224301 8.89071197 6.6 6.7475950733 11.5573786367 17.1073786367 24.7880712638 14.3434849615 12.0666666667 11.0166666667 13.6166666667 6.7 6.5 7.7570224301 22.3235829038 6.1 5.9 6.15 6.05 8.8681192171 6.2229948341 5.65 7.8934562487 5.9 5.9372459465 6.9451780206 3.8205792798 11.0782210422 7.7890396954 5.8182213103 6.843952253 7.0351191813 8.4035521076 18.4403557635 25.0084518793 6.35 6.6073786367 24.0286892072 20.1813298853 19.0403557635 6.9417852127 3.3681050248 2.6874901471 7.85 6.05 4.7 9.9 7.5722222222 23.4666666667 6.95 7.25
4.4 4.3 4.2 4.05 4.1 4.15 4.15 4 4.1 4 6.35 6.35 12.95 5.8 6.65 5.9 6 5.85 6.35 18.585446344 8.1116480027 6.75 6.65 6.3 5.69071197 6.8392557464 6.55 6.3782174738 9.0381572756 21.9437128312 6.9 6.8 6.55 6.55 6.7 6.6 9.9084518793 6.45 17.8223216919 6.75 6.4 14.2740453033 5.45 5.05 5.55 6.3 6.15 27.1666666667 6.15 5.95 6.3 23.0666666667 9.9009114294 5.0958674673 7.1 6.1493623108 6.35 30.0813298853 13.5955834467 12.1802373727 4.6540925512 5.9411673208 10.7955834467 5.1917852127 4.1725890798 6.3 6.6456009364 6.5666666667 4.1666666667 3.3666666667 5.3666666667 7.75 10.55 9.7 8.1
4.1 4.15 4.25 4.15 4.5 4.4 4.05 4 4 4 4 4.05 5.95 6.05 7.35 12 6.55 6.6 21.6178658549 22.7681192171 4.6207704779 7.9905296316 6.75 6.8292657005 6.7 6.8 6.55 4.019104196 21.3522349452 6.55 6.6 6.65 6.75 6.75 6.65 6.6 7.9726779369 6.55 7.2590005921 6.7 7.2254153933 5.8 5.95 6 6 5.95 5.85 30.0166666667 6.85 24.9551154274 9.0242996679 4.2944323581 12.3838120122 7.2975304232 9.7737619586 6.091134965 21.343075142 16.5684525146 15.8958969948 20.95 2.1634491708 6.0393446036 5.0785371601 3.5384753952 7.6588191311 6 7 5.5333333333 6.8333333333 7.75 6.1833333333 7.8333333333 8.9 8.45 9.2
4 4 4.1 4 4.2 4.3 4 4.25 4.05 3.95 3.9 3.95 5.75 6.35 6 6 6.55 6.35 6.6 10.3955834467 9.376507906 2.0928371643 7.926286502 8.1137572938 8.6835203106 6.9 6.9 6.2703703704 9.890057876 6.8 6.7 6.55 3.8268182948 6.65 6.85 6.8064102564 8.3564102564 6.7 6.85 6.9 6.85 6.7 6.7843572659 6.5 6.85 6.75 3.561450055 5.45 8.3807843887 4.7598879263 12.6821701562 15.8983456956 27.6191643198 8.6487248999 5.6634491708 9.803030303 6.8261904762 6.9745942812 5.0632241218 7.0661434492 7.0389883586 4.9640561799 6.0957042423 3.8255853852 5.8170295079 1.5877707402 11.2222222222 4.5722222222 6.0722222222 7.9722222222 9.8 7.8 7.75 7.5547725789 9.6461399758
3.45 3.4 3.75 4.05 4.15 4.05 3.5 4.1 4.25 4.15 4.05 3.35 6 6.4 6 6.05 6.0268182948 6.9 6.95 15.1369632333 7.0070224301 6.826507906 16.7564484313 8.8185658488 30.0802373727 7.25 6.55 6.7 6.7 9.1268601941 6.4 13.3237387429 3.0246415108 6.3761904762 5.6261904762 10.0166666667 6.95 9.8666666667 2.1919755892 5.3916625669 6.8 27.8238672278 6.55 6.5 2.135446344 6.75 10.2327011897 9.8434982679 4.6423526966 5.3723216919 30.0350892186 5.85 16.2893298864 9.50209398 7.3273168347 9.9130813152 5.15 5.9 7.9111111111 4.1333333333 14.3833333333 4.3555555556 12.203030303 2.5222222222 5.3 6 7.9 1.85 6.9 7.65 7 9.7 7.9 7.0070227079 6.4745006541
5.5 5.45 4.55 4.6 3.5 3.45 3.4 3.45 3.55 3.5 3.6 3.6 6.05 6.25 9.1047650464 6 6.75 6.8 6.95 6.65 6.5 17.1103794978 14.7740453033 11.2911673208 6.8653372142 13.9618805153 21.66898463 8.8922194537 6.65 12.2770461645 7.2802373727 6.45 30.0869026671 6.35 5.9611111111 6.65 6.85 6.7 6.75 6.65 13.6444444444 30.15 6.8 17.3863636364 5.9083333333 6.85 6.85 16.7032244134 2.2876880965 6.55 6.85 6.15 6.35 18.6884487607 6.0265569041 15.8138991347 3.1739552048 4.5666666667 2.8611111111 2.9611111111 3.6070224301 2.947996552 6.25 6.4217300308 6 6.65 6.7 9.6567245426 15.3484520197 8.4581667897 3.9134491708 8.8906649427 7.6 5.728511354 6.0078339874
5.25 5.45 9.35 5.5 5.4 17.45 5.6 5.35 5.35 4.3 4.2 4.6 4.5 5.9 6 6.05 6.75 6.75 6.7768182948 13.747178591 9.0848537679 8.363570706 12.9540925512 8.7641856825 10.4471596063 10.19984391 6.5 8.9684525146 14.7813298853 30.2240453033 6.6 7.7634491708 17.4889883586 7.05 15.7570224301 12.2833333333 19.9833333333 12.2333333333 30.1559860233 5.2644437802 6.6 6.05 6.45 6.25 6.65 6.6 6.75 6.8 7.6815230842 9.0032244134 7.5194011491 7.8305354371 7.9338046346 7.8299677164 8.175118546 9.2476254443 7.3356826954 12.7313855149 3.4111111111 4.4111111111 6.4166666667 6.8 7.1277777778 6.05 2.7564102564 6.15 6.0064102564 8.15 7.6 5.2714045971 7.15 8.146961025 14.5937398861 4.4935428681 7.0543547631
NaN 2.85 5.25 5.3 5.4 5.25 5.3 5.3 5.5 5.15 5.2 5.6 8.85 6.8 5.95 6.05 16.34071197 7.2 8.3353191866 14.216476147 17.6098811283 6.5078339874 6.65 6.6091218061 6.85 21.4850406063 7.4266136648 9.2458969948 6.4 15.2120225406 9.7236890968 9.2893446036 5.95 6.5794273899 7.447996552 3.4555555556 5.95 8.1055555556 18.7302830782 6.35 6.3 4.7585392229 5.4839733804 6.55 15.9115508071 6.1329332032 3.2093499059 8.1490013082 6.85 6.95 12.0977344001 7.1603794978 10.4181050248 6.5417852127 6.2570224301 7.2121722674 15.9078695051 9.3883966975 7.3611111111 7.4111111111 5.9166666667 2.2761904762 8.8401371761 7.6 6.75 6.15 6.95 7.65 6.8 8.35 6.9 10.54071197 11.2089232249 6.4874474468 5.3148399063
NaN NaN 5.3 13.8 25.05 5.35 5.25 5.4 4.15 9.3 10.75 6.5 8.75 7 6.5 6.4 6.6 6.55 11.4122501134 6.85 6.95 7 9.8223216919 8.1260343862 6.8 6.6 10.0042261031 10.9011991882 5.7 5.65 6.1 9.5001731634 10.0440446391 9.0434119078 7.5584518793 10.4166666667 4.1969040394 5.5401371761 19.0594922192 10.5694840324 6.25 6.6 9.3766010238 6.85 6.65 12.5971540342 4.0373355562 5.4176752738 6.0617989856 6.95 8.4707592179 5.2802373727 6.8748334564 5.8178056689 10.738708522 6.8934562487 6.1548156164 8.9729948341 5.5611111111 6.6 6.75 6.65 6.75 4.4611111111 3.3611111111 5.4611111111 8.1111111111 7.6 7 7.2 6.85 6.7 4.5115508071 5.6423526966 9.9876880965
NaN NaN 5.15 3.75 5.55 5.3 5.4 5.35 5.45 9.3 8.05 11.35 7.3 6.45 6.55 6.5 6.55 6.35 6.7 6.95 6.85 6.4 10.4040925512 8.4134491708 14.2268182948 11.7258686137 6.6533326691 9.0705834467 6.2 6.1 6.0666666667 8.3277777778 14.4833333333 30.1897435897 6 6.05 6.4 15.7084518793 6.537864697 16.585208726 11.4151472445 6.6 7.9800971077 7.803030303 30.048142394 11.6268182948 6.65 6.7 6.6 23.5560112703 4.1719010501 6.9 7.7835203106 3.5574638207 5.4471417218 5.5258686137 4.478316797 3.6233912093 22.2658761576 7.6084518793 5.9 9.0333333333 5.9 7.0166666667 8.7166666667 6.6166666667 4.8666666667 10.1166666667 23.1166666667 12.3245006541 6.7 6.75 6.55 7.1311250567 7.2
NaN NaN NaN 5.2 5.2 NaN 5.2 6.25 10.85 8.25 8.85 8.75 7.55 6.6578685395 6.85 6.7 10.9770461645 4.6384487607 6.5 6.8 6.9 6.5 6.7 6.0615508071 15.1446277864 13.4267895821 11.61898463 12.928511354 6.35 14.6041587328 6.8 5.9 9.2795231453 6.4948749122 5.85 30.0333333333 6.2666666667 3.0567245426 14.9934849615 6.5811298163 5.6 5.8 7 7.3 7.2 13.6897785367 13.922521847 6.7 6.6 2.6235829038 6.75 7 14.6289342698 6.2616052299 11.9849737791 10.1117382165 10.82568603 3.6148090607 6.05 5.85 6.05 6 2.6555555556 1.6770461645 6 6.35 11.0261904762 9.4261904762 8.8761904762 4.3376880965 5.5135735976 11.1811250567 12.45 10.6147188482 11
7.3 7.5 NaN NaN 5.3 5.3 5.3 8.7 7.55 8.9 8.8 9.7742242458 7.65 6.8 6.75 6.75 NaN 6.0847858837 6.25 6.35 6.35 14.0333333333 10.4537203881 8.2816790289 8.9267895821 9.9856743286 12.6333333333 15.1333333333 7 6.8 6.8 6.65 6.65 4.9062672167 6.75 6.55 5.9 6.95 6.3 5.75 3.9707592179 6.2 10.5526087569 6.8 12.8850406063 13.3853397564 7.05 6.85 20.6205960277 2.5843272963 1.6374920661 2.4064102564 13.6 6.6564102564 2.6885891958 13.3417852127 20.7302373727 6.4937128312 6.7 6.85 2.2358404189 4.703030303 2.653030303 3.198142394 5.0777777778 5.6777777778 7.7277777778 5.2777777778 3.8277777778 5.6194840324 13.8311250567 19.2328101159 14.6660289775 6.5594922192 6.45
7.85 7.3 7.3 NaN NaN NaN 6.85 8.55 7.65 7.55 NaN 22.2558900823 8.1 6.85 7.05 6.85 6.85 6.95 8.5768182948 8.2513641714 10.6166666667 6.8 6.96056489 9.5011704976 7.76898463 11.7570224301 13.2166666667 7.75 6.95 6.75 6.95 5.2227487108 7.5175430751 3.0242242458 7.5893193566 6.6 5.95 6.8 6.7 10.3125444306 10.7070224301 12.0091076631 6.15 6.6328411419 8.7617382165 15.2060112703 10.4736890968 7.6953558739 6.2219010501 6.7115754658 4.3502554047 11.1222222222 6.7 2.0757618163 3.0477602346 6.55 10.3911673208 10.4618446873 6.2356117652 4.7208927697 5.4169517877 5.8722222222 3.2722222222 4.1702728564 6.4583333333 6.5583333333 14.4583333333 7.0583333333 11.9183739396 15.8950715499 5.6758686137 10.6692754236 9.7226779369 6.35 6.45
7.35 7.5 7.25 8.25 8.8 9.85 NaN NaN NaN NaN NaN 7.6 3.3893446036 6.7 12.852378304 6.75 6.65 17.2187796773 6.8 6.8 7.6469040394 9.0252444916 12.1418083139 10.6422860495 9.4665805837 12.3312466759 5.9166666667 6.95 6.8 6.85 6.95 7.1 6.85 7 6.65 6 5.85 6 5.85 6.55 30.188708522 11.4095038309 5.95 6.2 4.6318455014 5.3301158374 3.7826039052 10.4573786367 5.7183086365 6.45 5.2909187831 20.9752543046 7.573998276 5.1347858837 7.3963442264 15.1980057157 7.9101749826 30.0078339874 7.8023409952 8.0370412155 13.7921966066 5.8380952381 8.0380952381 5.9880952381 5.5880952381 8.8950715499 6.35 12.1258686137 6.9 4.7726779369 14.9078685395 7.4716618094 14.6084518793 14.29071197 6.55
7.7 9.95 8.55 7.3 7.25 7.65 9.5 7.8 8.5 10.9 8.4 NaN NaN 7 6.7 NaN NaN 6.65 6.6 17.7634491708 12.7415219852 6.8 9.5122501134 9.5840669095 7.3767895821 10.371505315 11.4697773382 6.65 6.65 7.1 7.05 6.8 6.5 30.1 30.15 6.15 6.55 6 6.5 4.7574638207 6.65 25.0493623108 5.25 6.15 5.55 2.6095238095 11.363570706 8.8055575185 3.0694193466 9.9588191311 7.1723311278 3.5248334564 11.8924010611 6.3261904762 7.5501096867 7.3814757273 12.3325157082 30.05 9.3547379305 5.9171695589 7.57568603 12.1833292142 5.7 5.7 11.3703703704 6.2726779369 5.7166666667 10.5578685395 6.9216618094 8.5453558739 8.478511354 9.0833333333 30.05 6.5 18.7245006541
10.35 9.55 7.75 8.1 9.15 8.1 10.8 8.2 13.1 14.7 10.5 15.2297141553 8.9 26.3302373727 NaN NaN 6.55 4.55 13.0570224301 6.65 6.0541568138 11.1347716914 29.3869632333 23.9666666667 9.4782210422 7.103083626 10.3198724248 6.5222222222 6.6 6.75 6.8 6.65 7 13.3 6.6 5.85 5.9 7 7.55 7 6.95 6.7 17.0611111111 5.4 4.0923526966 7.5419755892 9.7090193633 8.1592535051 2.4060112703 6.7 9.3329525334 6.55 13.3632972377 8.6687796773 6.8214285714 6.8333333333 20.5736890968 5.45 15.3740453033 9.0286892072 9.5282174738 5.8 7.7333333333 4.9833333333 8.7833333333 5.0333333333 6.2611111111 6.678511354 14.9333333333 7.75 9.1070224301 11.9540925512 9.4166666667 26.5770461645 7.65
7.55 15.1 7.75 13.65 9.25 25 8.7 8.2 8.65 6.95 7.2 6.95 6.5450715499 8.8 NaN NaN 6.7 4.6 4.45 4.45 6.8 10.2384487607 11.8225890798 7.6578339874 16.9174833192 7.7730658168 7.8004210912 6.55 6.75 6.55 6.7 7.3 7 6.75 6.65 6.65 6.7 6.8 6.9 7.0594922192 6.5 16.6333333333 30.3540925512 11.8714045971 NaN 2.697996552 9.3117874766 10.9389883586 6.0967825041 15.8917852127 8.8903557635 7.1146632187 6.3684525146 5.2190387257 16.1987248999 2.7648090607 6.75 23.2411673208 6.6 24.5040925512 6.2134491708 7.2889883586 5.7333333333 14.8333333333 9.5833333333 8.6833333333 6.9166666667 5.8166666667 6.6040925512 7.6953558739 9.697996552 8.7134491708 7.65 7.7 7.75
8 8.65 7.9 8.35 8.5 7.35 8 6.65 9.6761904762 14.3761904762 13.547996552 20.0166666667 11.2333333333 7.7 NaN 4.3 4.3 4.35 4.65 4.15 7.0669472598 9.3285580409 15.8574333907 10.6326204837 6.9604794146 10.3928362784 8.5 6.9 NaN 6.8 6.65 6.9 6.8 7.05 7 6.75 6.8 11.3 6.75 18.6513641714 5.8666666667 12.3 5.75 NaN 7.0660289775 11.8428371643 7.497996552 7.7383656714 5.8388888889 4.5955834467 2.997996552 4.0595038309 19.8922194537 7 30.0542261031 25.8241510037 6.2117159916 11.9268983415 16.7494484251 30.1 2.8893446036 6.65 8.2055555556 8.1055555556 1.8555555556 5.2555555556 7.4270461645 5.2261904762 5.7134491708 8.3615508071 8.9594922192 5.7660289775 11.6328101159 18.7108185325 6.85
