Outfile_2.asc
NCOLS 201
NROWS 151
XLLCORNER 733748.947016
YLLCORNER 2561541.418206
CELLSIZE 137.483444
NODATA_VALUE NaN
[rows 0 to 39 of 151, columns 0 to 89 of 201]
NaN NaN NaN NaN NaN NaN NaN NaN NaN NaN NaN NaN NaN NaN NaN NaN NaN NaN NaN NaN NaN NaN NaN NaN NaN NaN NaN NaN NaN NaN NaN NaN NaN NaN NaN NaN NaN NaN NaN NaN 28.4 NaN NaN NaN 7.8 7.9 NaN NaN NaN NaN NaN NaN NaN NaN NaN NaN NaN NaN NaN NaN NaN NaN NaN NaN NaN NaN NaN NaN NaN NaN NaN NaN NaN NaN NaN NaN NaN NaN NaN NaN NaN NaN NaN NaN NaN NaN NaN NaN NaN NaN
NaN NaN NaN NaN NaN NaN NaN NaN NaN NaN NaN NaN NaN NaN NaN NaN NaN NaN NaN NaN NaN NaN NaN NaN NaN NaN NaN NaN NaN NaN NaN NaN NaN NaN NaN NaN NaN NaN NaN 15.9 18.3 8 8.2 8.2 10.7 10.8 10.5 NaN NaN NaN NaN NaN NaN NaN NaN NaN NaN NaN NaN NaN NaN NaN NaN NaN NaN NaN NaN NaN NaN NaN NaN NaN NaN NaN NaN NaN NaN NaN NaN NaN NaN NaN NaN NaN NaN NaN NaN NaN NaN NaN
NaN NaN NaN NaN NaN NaN NaN NaN NaN NaN NaN NaN NaN NaN NaN NaN NaN NaN NaN NaN NaN NaN NaN NaN NaN NaN NaN NaN NaN NaN NaN NaN NaN NaN NaN NaN NaN NaN NaN 30.8 8.2 8.1 30.2 8.2 8.2 10.7 10.9 8.5 13.3 8 8 13 7.9 7.8 7.9 NaN NaN NaN NaN NaN NaN NaN NaN NaN NaN NaN NaN NaN NaN NaN NaN NaN NaN NaN NaN NaN NaN NaN NaN NaN NaN NaN NaN NaN NaN NaN NaN NaN NaN NaN
NaN NaN NaN NaN NaN NaN NaN NaN NaN NaN NaN NaN NaN NaN NaN NaN NaN NaN NaN NaN NaN NaN NaN NaN NaN NaN NaN NaN NaN NaN NaN NaN NaN NaN NaN NaN NaN NaN NaN 10.9 8.2 8.1 10.8 8.2 8.2 18.4 30.3 23.6 30.2 8.1 7.9 7.8 7.8 7.8 10.5 7.8 NaN NaN NaN NaN NaN NaN NaN NaN NaN NaN NaN NaN NaN NaN NaN NaN NaN 7.9 7.8 7.8 NaN NaN NaN NaN NaN NaN NaN NaN NaN NaN NaN NaN NaN NaN
NaN NaN NaN NaN NaN NaN NaN NaN NaN NaN NaN NaN NaN NaN NaN NaN NaN NaN NaN NaN NaN NaN NaN NaN NaN NaN NaN NaN NaN NaN NaN NaN NaN NaN NaN NaN NaN 8.2 10.8 8.1 30.4 8.4 18.5 8.1 8.2 18.3 13.1 10.6 7.8 8 8 8.1 8.1 10.6 15.5 8.3 NaN NaN NaN NaN NaN NaN NaN NaN NaN NaN NaN NaN NaN NaN NaN NaN 7.9 7.9 7.9 7.8 NaN NaN NaN NaN NaN NaN NaN NaN NaN NaN NaN NaN NaN NaN
NaN NaN NaN NaN NaN NaN NaN NaN NaN NaN NaN NaN NaN NaN NaN NaN NaN NaN NaN NaN NaN NaN NaN NaN NaN NaN NaN NaN NaN NaN NaN NaN NaN NaN NaN NaN NaN 18.3 10.9 13.2 30.3 18.5 8.2 10.8 8 8.4 8 8 7.9 7 7 6.9 7.8 8 3.1 8.1 NaN NaN NaN NaN NaN NaN NaN NaN NaN NaN NaN NaN NaN 7.9 7.9 8 7.9 8 7.9 7.8 7.8 NaN NaN NaN NaN NaN NaN NaN NaN NaN NaN NaN NaN NaN
NaN NaN NaN NaN NaN NaN NaN NaN NaN NaN NaN NaN NaN NaN NaN NaN NaN NaN NaN NaN NaN NaN NaN NaN NaN NaN NaN NaN NaN NaN NaN NaN NaN NaN NaN NaN NaN 8.3 15.8 8.1 8.2 8.2 13.4 10.7 18.2 8 10.6 15.4 7 6.9 6.9 7 12.1 7.8 7.9 7.9 NaN NaN NaN NaN NaN NaN NaN NaN NaN NaN NaN 7.8 7.2 15.6 7.9 7.8 8 12.9 7.9 7.8 7.8 NaN NaN NaN NaN NaN NaN NaN NaN NaN NaN NaN NaN NaN
NaN NaN NaN NaN NaN NaN NaN NaN NaN NaN NaN NaN NaN NaN NaN NaN NaN NaN NaN NaN NaN NaN NaN NaN NaN NaN NaN NaN NaN NaN NaN NaN NaN NaN NaN NaN NaN 13.3 13.3 10.5 15.9 30.5 30.4 8 8.2 10.6 7.3 9.7 7.1 7 7 7 6.2 6.2 15.5 7.9 NaN NaN NaN NaN NaN NaN NaN NaN NaN NaN 7.9 10.7 7.9 8 7.9 7.8 8 7.8 8 10.4 7.8 NaN NaN NaN NaN NaN NaN NaN NaN NaN NaN NaN NaN NaN
NaN NaN NaN NaN NaN NaN NaN NaN NaN NaN NaN NaN NaN NaN NaN NaN NaN NaN NaN NaN NaN NaN NaN NaN NaN NaN NaN NaN NaN NaN NaN NaN NaN NaN NaN NaN NaN 8.3 8.5 8.4 10.7 30.2 8.1 8.1 8.3 7.4 7.4 7.4 7.2 7.1 7.1 7.2 3.6 6.5 7.3 NaN NaN NaN NaN NaN NaN NaN NaN NaN NaN 8 8.1 7.9 30.2 7.9 7.8 7.9 7.8 7.9 7.9 7.8 7.9 7.1 NaN NaN NaN NaN NaN NaN NaN NaN NaN NaN NaN NaN
NaN NaN NaN NaN NaN NaN NaN NaN NaN NaN NaN NaN NaN NaN NaN NaN NaN NaN NaN NaN NaN NaN NaN NaN NaN NaN NaN NaN NaN NaN NaN NaN NaN NaN NaN NaN 10.6 8 8 8.3 8.1 28.3 20.6 30.3 9.7 7 7.1 15.1 7.1 7 7 7.1 6.5 6.3 6.3 7.4 NaN NaN NaN NaN NaN NaN NaN NaN NaN 18.1 8 7.8 8 7.9 7.8 7.9 7.8 7.9 7.9 7.8 7.8 7.9 NaN NaN NaN NaN NaN NaN NaN NaN NaN NaN NaN NaN
NaN NaN NaN NaN NaN NaN NaN NaN NaN NaN NaN NaN NaN NaN NaN NaN NaN NaN NaN NaN NaN NaN NaN NaN NaN NaN NaN NaN NaN NaN NaN NaN NaN NaN NaN 28 28.1 8.1 13 7.8 10.5 8.1 7.3 7.2 7.2 7 9.6 7.6 7.1 7.1 7.3 7.2 7 6.2 6.4 6.3 NaN NaN NaN NaN NaN NaN NaN NaN 8 25.1 9.8 19.8 7.7 7.5 10.2 7.6 7.8 9.7 7.9 7.8 7.8 7.8 7.9 NaN NaN NaN NaN NaN NaN NaN NaN NaN NaN NaN
NaN NaN NaN NaN NaN NaN NaN NaN NaN NaN NaN NaN NaN NaN NaN NaN NaN NaN NaN NaN NaN NaN NaN NaN NaN NaN NaN NaN NaN NaN NaN NaN NaN NaN NaN 27.6 10.4 10.6 7.8 7.6 7.8 7 9.8 7.3 7.1 3.7 7 7.3 7.6 30.5 14.6 7.1 7 6.6 6.2 6.2 NaN NaN NaN 7.3 12.4 8.2 7.9 7.9 7.9 1.3 8.1 10.6 7.7 7.7 7.8 7.7 7.6 7.6 17.3 10.1 7.8 7.8 7.8 NaN NaN NaN NaN NaN NaN NaN 7 7.9 NaN NaN
NaN NaN NaN NaN NaN NaN NaN NaN NaN NaN NaN NaN NaN NaN NaN NaN NaN NaN NaN NaN NaN NaN NaN NaN NaN NaN NaN NaN NaN NaN NaN NaN NaN NaN NaN 30.7 8 7.7 7.9 7.6 6.8 7 7.1 6.7 9.6 6.4 6.5 6.4 7.1 7.8 1.2 7 7.2 7 7 6.2 6.2 NaN NaN 12.1 7.5 8 8.1 10.4 1.1 7.9 8 17.6 7.6 7.7 7.6 7.6 7.7 10.2 7.8 7.7 7.6 7.9 7.9 7.9 NaN NaN NaN NaN NaN NaN 10.5 8 NaN NaN
NaN NaN NaN NaN NaN NaN NaN NaN NaN NaN NaN NaN NaN NaN NaN NaN NaN NaN NaN NaN NaN NaN NaN NaN NaN NaN NaN NaN NaN NaN NaN NaN NaN NaN 10.8 8 7.9 6.8 6.8 6.6 6.6 6.8 6.9 6.7 6.8 6.1 6.4 6.6 15.4 10 30.2 25 6.1 7.1 6.3 6.3 6.3 6.9 NaN 6.9 7.1 8 25.7 23.3 7.8 8.1 10.3 1 7.5 3.1 10.1 7.6 7.5 7.6 7.6 7.9 7.6 7.6 7.8 7.9 7.8 NaN NaN NaN NaN 23.2 24.3 24.9 30.4 10.8
NaN NaN NaN NaN NaN NaN NaN NaN NaN NaN NaN NaN NaN NaN NaN NaN NaN NaN NaN NaN NaN NaN NaN NaN NaN NaN NaN NaN NaN NaN NaN NaN NaN 8.2 7.5 6.9 7 6.8 6.8 6.8 7 6.9 6.7 30.6 6.6 6.6 6.5 3.7 1.5 3.7 7 7.4 7.1 7 6.2 6.2 12.1 1.1 1 6.8 7.1 6.9 8 8 10.7 10.5 7.8 7.7 7.7 7.6 7.6 7.7 7.6 7.5 7.6 7.9 7.5 7.6 10.1 10.5 10.4 7.8 7.8 7.8 30.3 31 8.1 8.3 10.5 10.5
NaN NaN NaN NaN NaN NaN NaN NaN NaN NaN NaN NaN NaN NaN NaN NaN NaN NaN NaN NaN NaN NaN NaN NaN NaN NaN NaN NaN NaN NaN NaN NaN NaN 7.4 7.2 14.6 6.7 6.7 9.8 6.8 6.9 9.7 7.1 5 6.6 6.5 6.7 3.7 30.5 30.4 12.2 7.2 7.3 7.1 7 6.2 1.1 6.2 7.3 7.1 7.2 17.8 7.8 8 20.5 7.8 7.7 7.7 7.7 5 7.5 7.5 7.6 7.7 7.7 30.5 7.6 7.5 7.5 7.6 7.8 7.9 7.9 20.8 18.2 10.7 7.9 13.1 8.2 7.7
NaN NaN NaN NaN NaN NaN NaN NaN NaN NaN NaN NaN NaN NaN NaN NaN NaN NaN NaN NaN NaN NaN NaN NaN NaN NaN NaN NaN NaN NaN NaN NaN NaN 7.1 6.8 6.9 6.7 6.8 6.7 7.2 3 30.1 10.3 30.2 6.7 6.3 6.6 6.4 30.4 12.8 1.2 1 7.1 7.3 1.1 7.1 7 3.1 5.8 6.6 5.3 7.9 12.8 10.5 7.6 7.6 7.7 12.7 7.6 7.6 7.6 10.1 7.5 5 7.5 7.6 20.6 7.7 7.6 7.7 7.6 7.8 8 23.3 16.3 9.9 30.4 30.5 6.7 7
NaN NaN NaN NaN NaN NaN NaN NaN NaN NaN NaN NaN NaN NaN NaN NaN NaN NaN NaN NaN NaN NaN NaN NaN NaN NaN NaN NaN NaN NaN NaN NaN 12.1 7.1 6.7 6.8 7.3 6.8 6.7 6.6 6.8 6.7 6.7 6.5 11.5 6.5 7.1 6.9 26.6 7.6 12.8 3.8 9.8 7.1 6.6 7.4 6.2 6.1 5.8 6.7 7.1 8 7.1 7.6 7.6 5.1 7.6 7.8 7.7 7.5 7.5 7.5 7.6 7.6 7.6 7.6 7.2 30.3 7.7 9.7 6.7 10.3 13.2 7.1 30.4 26 30.5 30.3 7.1 13.1
NaN NaN NaN NaN NaN NaN NaN NaN NaN NaN NaN NaN NaN NaN NaN NaN NaN NaN NaN NaN NaN NaN NaN NaN NaN NaN NaN NaN NaN NaN NaN 6.9 9.6 6.6 6.6 6.9 6.7 7.2 11.3 6.8 7 6.7 6.8 6.8 30.2 6.3 9.1 7 30.4 5.9 6.1 14.6 6.5 7.4 6.4 6.3 6.1 5.8 5.7 5 6 9.7 7.1 6.9 5.2 7.6 7.8 7.8 7.5 7.7 7.5 7.5 7 1 7 1.1 8.8 27.4 7.5 7.8 7.1 7.2 6.9 6.8 7.2 7.2 3.5 22.3 24.2 6.7
NaN NaN NaN NaN NaN NaN NaN NaN NaN NaN NaN NaN NaN NaN NaN NaN NaN NaN NaN NaN NaN NaN NaN NaN NaN NaN NaN NaN NaN NaN NaN 7.2 7.2 6.6 6.6 6.6 6.7 6.7 6.7 6.5 6.4 6.3 6.1 30.6 6.4 1.1 9.3 6.6 6.2 5.9 9.1 6.1 6 6.7 30.3 6.2 30.4 6 5.9 5.9 5.9 6.6 7 6.9 7.7 6.1 7.7 10.2 7.7 7.8 10.2 7.6 5.1 7.6 1.1 7 7.4 9.9 7.6 7.5 27.9 7 24 9.6 14.8 7.1 6.9 6.7 6.9 6.9
NaN NaN NaN NaN NaN NaN NaN NaN NaN NaN NaN NaN NaN NaN NaN NaN NaN NaN NaN NaN NaN NaN NaN NaN NaN NaN NaN NaN NaN NaN 7.1 7.1 6.9 6.6 6.6 6.6 6.7 6.7 6.5 6.7 6.3 6.9 30.5 7.3 30.5 3.3 5 9.6 6.7 6.3 7.1 6.4 6.3 6.3 30.3 5.6 5.5 30.4 5.8 5.8 5.6 6 6.7 3 7.6 3.6 1.2 7.7 7.7 10.2 17.3 7.8 7.8 7.7 7.3 7.6 7.4 7.5 30.4 22.7 25 20.4 3.8 30.5 6.4 6.9 6.7 6.8 6.9 7
NaN NaN NaN NaN NaN NaN NaN NaN NaN NaN NaN NaN NaN NaN NaN NaN NaN NaN NaN NaN NaN NaN NaN NaN NaN NaN NaN NaN NaN NaN 12.3 7 14.8 6.6 6.6 6.7 6.6 6.7 6.5 9.6 6.7 6.9 6.3 30.5 30.5 12.2 7.1 7 5.9 6.2 6 20 6.2 NaN 5 6 5.6 9.3 6 6 4.8 NaN 7 6.8 6.9 7.8 1.1 6.2 7.7 7.7 7.6 1.1 7.5 7.3 14.8 9.8 7.4 30.4 7.4 20 7.1 7 3.9 30.5 28.2 3.4 30.6 30.4 7.2 30.4
NaN NaN NaN NaN NaN NaN NaN NaN NaN NaN NaN NaN NaN NaN NaN NaN NaN NaN NaN NaN NaN NaN NaN NaN NaN NaN NaN NaN NaN 6.9 9.7 9 6.9 6.7 9.2 6.6 5.2 6.2 11.6 8.1 6.4 6.6 6.2 6.7 15.3 1.2 10.9 6.4 30.3 6.3 6 5.8 6.5 7 6.2 6.3 5.6 5.6 6 5.7 6 NaN 6.1 6 22.8 14.9 1.3 7.5 7.8 1 7.8 7.8 7.3 7.4 3.3 9.7 12.3 14.8 30.5 7.5 12.4 1.2 7.1 14 5.3 8.5 17.3 29.9 5.8 30.3
NaN NaN NaN NaN NaN NaN NaN NaN NaN NaN NaN NaN NaN NaN NaN NaN NaN NaN NaN NaN NaN NaN NaN NaN NaN NaN NaN NaN 7 7.1 7 6.9 6.8 6.9 6.6 6.7 6.8 6.7 6.4 6.3 1.1 5.8 6.1 6.4 6.1 9.9 7 5.8 6.6 6.4 6.2 6.2 6.4 6.3 7.1 6.3 6.2 5.6 5.7 5.8 6 1.2 6.3 5.9 NaN 6.8 8.9 7.8 30.5 8.9 7.6 7.7 7.7 7.2 7.2 7.3 7.4 16.6 30.5 10.1 9.8 7.3 1.1 3.3 1.1 3.9 30.4 1.1 12.7 12.8
NaN NaN NaN NaN NaN NaN NaN NaN NaN NaN NaN NaN NaN NaN NaN NaN NaN NaN NaN NaN NaN NaN NaN NaN NaN NaN NaN 9.6 7.3 15.1 7.2 7.1 6.2 21.2 6.9 30.4 30.5 7.1 6.5 6.1 6.2 30.2 6 30.5 6 5.2 5.4 6.5 6.6 4.1 6.4 6.4 6.8 6.7 30.5 24.2 6.5 6.4 12.9 6.1 1.3 11 6.3 6.1 30.5 6.3 25.5 7.8 7.6 26.9 24.4 7.8 11.9 7.8 7.6 7.9 8.1 12.6 30.5 14.7 30.3 9.6 3.2 14.9 5.7 30.4 5.3 27.3 28 10.5
NaN NaN NaN NaN NaN NaN NaN NaN NaN NaN NaN NaN NaN NaN NaN NaN NaN NaN NaN NaN NaN NaN NaN NaN NaN NaN 9.6 6.9 6.1 6.4 7.1 6.8 6 6 6.8 6.7 6.9 6.9 5.8 5.8 20.9 6 8.2 7.8 15.1 7.7 5.9 6.4 6.4 6.1 7.2 6.4 6.4 6.7 30.5 6.1 30.6 6.2 6 5.5 5.9 3.6 6.2 6.3 3 5.8 7.1 7.2 5.6 30.2 7.2 7.5 7.9 8.1 7.9 7.8 10.4 18.4 18.4 7.1 1.3 14.7 27.7 9.6 8 30.1 5.3 30.4 28.5 6.9
NaN NaN NaN NaN NaN NaN NaN NaN NaN NaN NaN NaN NaN NaN NaN NaN NaN NaN NaN NaN NaN NaN NaN NaN NaN 6.1 6.1 6.2 6.2 6.3 7.1 6.8 6.3 6.1 6 6.9 6.9 5.9 5.8 5.8 6 5.8 5.6 7.7 7 3.2 1.1 6.1 6.6 6.4 6.5 6.5 6.4 6.6 16.7 3.8 5.3 5.4 5.2 4.9 5.1 5.7 3.4 10.8 6.1 6 5.9 30.2 7.3 9.8 6.3 7.2 11.4 15.6 30.6 10.4 3.7 7.5 7.2 7.2 7 30.6 7.8 19.2 7.1 7.1 6.9 6.9 5.2 13.5
NaN NaN NaN NaN NaN NaN NaN NaN NaN NaN NaN NaN NaN NaN NaN NaN NaN NaN NaN NaN NaN NaN NaN NaN NaN 6 6.5 6.3 6.8 6.4 6.2 6.1 5.8 5.9 6.3 12.9 7 6.5 5.8 24.1 5.9 5 5.9 5.1 10.7 5.1 5.2 6.2 5.2 3.1 6.4 29.8 6.3 3.8 30.5 6 5.4 5.3 5.3 5.1 5.2 5.1 5.7 6 6 5.8 5.9 5.9 6.1 1.4 7 7.6 30.6 7.2 9.6 9.9 1.3 10.3 30.4 7.4 27.6 7.2 30.2 5 7.1 12.1 6.9 7 1.1 3
NaN NaN NaN NaN NaN NaN NaN NaN NaN NaN NaN NaN NaN NaN NaN NaN NaN NaN NaN NaN NaN NaN NaN NaN 6.1 6.4 6.2 6.1 6.6 6.2 6.3 6.1 6.1 6.4 6.2 6.8 7.1 6.6 6.8 6 5.8 5.8 19.3 9.2 12.1 5.1 1.1 5.7 30.2 6.1 10.8 9.2 13.8 6.2 3.7 5.7 5.5 5.9 5.6 5.5 5 5.1 5.2 6.2 30.3 5.6 6 6.1 6 9.8 17.4 7 6.2 9.7 7.6 7.7 9.8 7.5 12.2 6.9 17.3 9.9 7.9 5.1 12.2 10.2 7.6 9.7 5.1 15.7
NaN NaN NaN NaN NaN NaN NaN NaN NaN NaN NaN NaN NaN NaN NaN NaN NaN NaN NaN NaN NaN NaN NaN 6 6.1 6.1 6 6.2 6.4 6.1 6.2 6.1 6 5.9 6.9 6.8 7.2 6.7 6.1 6.2 6.1 30.4 30.3 3.3 3.7 5.7 7.6 1 21.7 6.2 6.3 7.1 30.4 6 5.3 5.7 12.1 5.8 5.9 5.2 5.1 5 5.1 30.4 5.5 5.3 5.7 6.2 6.4 6.4 6.4 6.4 7.4 7.2 10.1 30.5 30.4 7.3 30.2 9 30.5 7.2 5.3 30.5 5.1 27.7 10.3 5.7 7 12.2
NaN NaN NaN NaN NaN NaN NaN NaN NaN NaN NaN NaN NaN NaN NaN NaN NaN NaN NaN NaN NaN NaN NaN 6.7 9 6.6 6.4 6.2 6 5.9 5.9 6 5.6 5.9 6.6 6.8 6.9 6.9 6.7 6.2 7.8 5.1 5.1 1 24.1 6.1 5.9 22.6 6.4 6.3 6.3 6 5.9 6 7.9 6 5.4 5.9 5.7 5.5 16.3 12.3 5.2 5 5.8 5.7 5.7 6.4 6.3 6.2 6 6.6 7.6 7.7 7.2 7.3 9.8 3.6 9.7 7.1 30.4 5.1 7 5.3 25.9 5.2 7.1 6.8 30.2 16.3
NaN NaN NaN NaN NaN NaN NaN NaN NaN NaN NaN NaN NaN NaN NaN NaN NaN NaN NaN NaN NaN NaN 5.9 22.5 9.6 9.8 7.1 30.5 6.3 7.2 6 6 5.6 6 6.8 7 6.9 1.4 1 5.9 6 5.9 5.9 5.8 9.6 6.2 6.2 7.1 6.5 6.2 9 6 15.2 5.9 30.6 6.6 5.7 6.4 6.2 5.4 5.7 6.3 9.2 5.7 5.7 5.8 5.2 5.9 6.3 6.2 6.5 3.9 6.8 10.1 8.5 8.4 7.3 7.5 6.7 7.1 30.3 30.2 7.1 7.2 12.6 9.8 3.8 1.2 3 1.1
NaN NaN NaN NaN NaN NaN NaN NaN NaN NaN NaN NaN NaN NaN NaN NaN NaN NaN NaN NaN NaN NaN 6.1 22.7 6.5 17.3 24.7 30.5 30.5 6.2 6.4 6.3 6.2 5.9 14.9 6.7 6.9 1.1 1.2 7.7 30.3 5.8 5.8 5.7 5 6.2 14 30.4 30.4 6.1 6.4 6.7 6 6.1 22.6 6.5 5.9 5.6 5.9 5.7 5.3 14.7 30.5 6.1 5.9 4.9 4.8 5.9 6 5.8 5.9 22.8 7.8 7.5 21 7 8.3 30.6 6.6 7.7 6.8 5.1 7 14.8 30.1 7.8 6.3 6.9 8.8 1.3
NaN NaN NaN NaN NaN NaN NaN NaN NaN NaN NaN NaN NaN NaN NaN NaN NaN NaN NaN NaN NaN NaN NaN 6 21.7 12.2 24.8 30.4 30.5 30.1 6.6 6.6 6.3 6.5 5.1 1 7.2 3.7 5.9 3.2 6 5.8 7.1 7 5.7 3 5.7 6.3 6.6 6.6 6.6 6.6 6.7 6.7 6.7 15.9 6.4 5.4 5.8 5.6 5.9 6 3.7 5.7 5.6 4.9 4.8 5.6 5.5 5.9 6.4 7.7 10.1 9.9 7.6 10.8 10.8 3.6 19.8 12.1 7.1 6.6 30.3 12.2 30.4 30.2 5.1 3 1.4 1.1
NaN NaN NaN NaN NaN NaN NaN NaN NaN NaN NaN NaN NaN NaN NaN NaN NaN NaN NaN NaN NaN NaN NaN 10.5 6.1 30.3 30.5 6.3 6.2 7.7 6.1 6.6 6.7 6.6 6.3 17.3 4 5.2 7.1 15.6 30.4 7 6.2 7 9 5.8 6 6.4 20 6.4 11.9 3.3 6.3 6 6.5 6.7 6.7 6.5 5.6 6.2 5.7 6.4 5.9 5.7 5.4 5.6 4.9 5.8 5.9 5.8 6 7.6 7.6 7.6 7.6 12.5 8.3 14.6 30.4 19.8 25.3 7.8 30.4 7.1 7.2 6.9 6.5 6.5 3.7 6.9
NaN NaN NaN NaN NaN NaN NaN NaN NaN NaN NaN NaN NaN NaN NaN NaN NaN NaN NaN NaN NaN 5.4 6 5.7 5.5 6 6.3 6.1 6.1 6 6.1 6.2 6.4 6.7 6.4 30.3 30.6 14 3.3 6.2 6.7 6.3 30.3 9.1 7.3 6.3 6.4 6.2 6.1 6.2 6.1 6.2 6.1 1.1 6 6.4 30.4 6.7 5.3 6.2 6.5 6.2 5.6 5.6 5.7 4.9 5.1 6.1 5.8 7.4 17.4 7.8 7.7 7.5 12.5 7.4 7.6 8.4 14.8 20.4 15.8 7.8 30.4 7 6.8 12.7 7.6 6.3 6.8 5
NaN NaN NaN NaN NaN NaN NaN NaN NaN NaN NaN NaN NaN NaN NaN NaN NaN NaN NaN 6 30.4 6.1 5.7 8.3 17.3 30.4 3.4 6 6 12.2 6.1 6 6 6.2 6 7.1 19.2 30.7 6.4 6.4 30.7 30.6 6.2 30.3 3.8 5.7 5.8 5.2 5.5 5.6 5.7 5.6 5.8 6 3.8 6.5 6.5 6.1 5.7 6 6 5.7 6 5.9 5.1 5.2 4.8 5 8.1 7.6 7.3 10 7.7 7.6 7.5 7.8 7.8 15 21.3 3.1 30.5 30.3 30.4 12.6 6.8 6.6 6.3 5.7 5.1 7.2
NaN NaN NaN NaN NaN NaN NaN NaN NaN NaN NaN NaN NaN NaN NaN NaN NaN NaN NaN 9.6 14.9 30.3 5.3 5.6 7.3 5.9 30.5 5.6 21.8 6.5 6.1 6.7 6.8 6.9 12.4 6.3 3.7 6.7 30.2 22.3 30.2 13.8 5.3 5.2 30.6 30.4 5.5 5.5 5.7 5.4 5.3 1 6.4 6.4 6.4 6.1 5.9 5.3 5.8 6 6 5.6 5.9 6 5.2 5 5.6 5.7 5.9 7.6 7.4 7.4 13.1 7.5 10 7.5 7.7 5.7 12.7 10.7 12.7 16.7 5 5.2 6.8 6.6 6.6 5.3 5.1 17.4
NaN NaN NaN NaN NaN NaN NaN NaN NaN NaN NaN NaN NaN NaN NaN NaN NaN NaN 6.1 5.4 5.7 5.4 5.2 5.4 9.6 5.5 30.5 5.5 5.9 6.1 6.4 6.1 30.4 6.8 6.8 6.9 7.1 6.1 30.6 30.3 5.3 30.4 5.6 5.2 5.3 5.3 5.5 5.5 5.7 5.4 5.4 6 6.6 25 7.2 6 5.9 4.8 5.1 5.6 5.3 6.1 5.6 5.6 5.3 5 5.5 5.8 6.1 7.4 6.4 7.5 7.6 6 6.3 5.8 7.5 6.1 7.7 7.1 7.2 13 12.1 5.2 17.7 6.5 6.4 6.7 3.4 5.1
NaN NaN NaN NaN NaN NaN NaN NaN NaN NaN NaN NaN NaN NaN NaN NaN NaN NaN 6.1 7.1 6.2 5.4 5.4 30.2 9.7 30.4 30.4 5.4 5.6 6.5 6.3 5.9 10.8 7.2 9.6 9.7 7.3 12.4 5.6 5.4 30.3 30.2 5.4 5.3 3.1 5 5.1 19.8 9.8 5.5 5.7 6.3 3.8 5.6 6 6 5.9 5.1 30.4 7.2 5 5.6 5.5 4.9 4.9 6 6.3 6.4 5.8 6.4 30.1 5.6 5.9 19.1 5.9 6.3 6.2 6.3 7.5 30.1 7.3 10 8.2 8.4 6.4 5.1 30.4 5.1 30.5 30.3
