Outfile_5.asc
ncols         201
nrows         151
xllcorner     733748.947016
yllcorner     2561541.418206
cellsize      137.483444
NODATA_value  -9999
[rows 74 to 110 of 151, columns 84 to 167 of 201]
14 30.5 8 30.4 3.7 4.3 4.3 9 22.2 6.3 5.7 5.4 6.4 5.6 5.9 5.9 30.9 5.9 5.8 30.6 5.5 30.4 30.2 3.3 3.3 10.8 30.4 30.3 6.6 8 10.4 30.9 15.5 10.7 31 6.7 6.8 6.5 6.8 6.8 18.5 30.5 6.6 12.3 30.9 7.3 6.3 31 9.3 5.9 30.1 30.8 6.75 30.6 13.3 30 30.4 6.5 6.35 7.05 6.4 12.55 7.85 10.45 30.75 7.05 7.05 30.6 30.5 8.6 31.4 30.4 30.5 30.8 30.6 7.35 17.3 20.55 31.1 30.65 27.95 28.2 8.15 7.15
13.9 5.9 18.5 9.1 26.4 6.5 5.3 22.5 30.6 5.9 5.9 5.7 1.2 30.6 6.2 30.9 30.2 30.3 18.1 6.4 5.7 30.7 28 7.8 5.5 30.4 10.8 30.7 30.5 30.2 12.9 30.8 30.1 10 30.6 7 6.8 30.8 6.7 10 30.8 7.7 12.7 10 6.5 30.6 30.7 30.8 3.5 6.45 9.6 5.7 30.4 6.65 6.35 30.5 30.1 6.45 6.75 6.95 30.9 7.65 30.65 9.85 30.05 7.35 7.15 17.2 20.35 7.65 11.25 27.2 30.6 31 27.45 11.9 15.15 31.2 14.2 7.35 30.9 31.3 30.8 9.65
5.6 21.5 30.4 4 30.6 5.5 5.5 5.6 5.6 5.5 5.1 5.9 30.5 5.6 6.2 3.6 8.7 30.6 6.5 5.2 5.5 31.1 30.5 5.3 6.9 12.6 25.5 30.3 30.1 3.9 30.6 25 6.3 31 30.8 31.3 6.9 7 20.2 7.8 7.3 7.6 30.5 9.9 9.9 30.1 30.5 3.9 6.55 6.85 22.4 30.6 6.65 6.75 6.65 6.75 6.55 6.25 10.7 7.35 7.95 30.5 9.65 7.45 7.45 30.15 30.9 7.45 22.45 30.45 30.55 31.6 30.35 30.05 30.45 31.15 30.55 31 15.95 30.3 30.55 10.35 12.45 10.25
6 30.3 30.6 30.9 5.6 4.8 4.5 4.8 5.1 5.4 5.5 5.4 30.8 30.9 30.2 30.5 30.5 30.4 5.9 5.7 5.7 6.3 5.7 7.8 13.2 7.4 18.4 30.7 30.3 30.5 30.7 30.1 30.6 30.6 30.9 6.4 30.5 7 28 7.7 30.2 17.4 30.9 10.1 10.1 30.5 6.75 5.8 8.4 6.25 6.55 6.65 6.65 6.45 30.3 6.75 6.45 6.75 7.05 17.45 30.8 7.75 7.75 10.15 19.75 28.9 30.65 30.35 7.45 7.65 8.15 31.1 30.6 7.35 30.05 8.15 8.35 31.15 30.55 30.35 30.45 15.85 15.85 7.85
30.2 3.1 4.1 30.2 3.6 7.1 5.3 30.5 5.5 5.3 6.3 6 5.1 30.4 30.5 30.7 5.4 3.4 7.8 30.6 28.2 5.5 8.4 30.4 6.9 30.7 31.1 27.9 30.9 3.6 1.2 30.9 5.5 30.4 5.4 7 6.7 9.9 12.5 7.4 7.3 1.2 30.1 30.6 27.2 30.3 30.7 8.4 1.5 30.7 6.75 6.75 6.25 6.35 6.85 7.05 6.85 7.35 7.15 7.15 7.9 7.25 7.65 7.25 7.45 30.5 30.3 30.3 30.8 31.1 12.65 7.95 7.75 30.6 30.6 30.25 23.45 16.15 31 30.65 7.65 7.75 30.45 7.95
7 6.6 18.6 11.3 6.3 3.1 11.5 6.7 6.3 6.2 5.9 11.4 6.2 5.5 4.8 7.2 4.6 5.4 5.6 5.3 5.4 5.7 5.8 13.7 7.8 8.8 30.8 30.7 13.4 16.3 30.3 30.2 30.7 6.4 6.7 30.6 30.1 7.3 30.7 30.4 9 14 9.7 30.4 30.4 8 8.9 30.7 26.6 30.9 6.85 1.3 6.45 6.65 6.95 3.3 12.95 15.05 7.75 7.25 30.7 31.1 30.3 7.55 10.15 30.05 30.6 30.8 30.5 30.2 30.6 30.6 30.15 7.85 30.35 25.45 31 12.35 11.25 30.95 12.65 30.55 8.35 15.75
10.4 30.4 31 30.4 6.4 6.2 6.7 30.8 30.1 6.5 6.3 6.4 5.5 6.3 5.5 5.4 5.5 5.4 5.5 30.5 20.5 5.4 30.3 5.9 5.1 3.7 30.4 31 30.9 7.3 11.4 30.8 10.4 6.4 30.4 6.6 6.1 6.9 6.9 30.8 13.7 1.2 30.4 13.8 30.5 30.5 9.9 5.8 8.6 10.05 6.45 6.65 6.65 6.55 12.85 11 20.35 15.45 7.45 9.75 9.2 7.45 7.25 27.85 30.8 30.3 30.2 30.4 30.6 31 9.65 30.35 8.05 13.25 30.9 30.45 25.95 7.35 10.15 7.95 30.65 20.25 15.45 30.35
5.6 20.5 30.5 30.9 6.6 7 6.7 14.2 9.9 6.4 6.9 6.3 6.2 6.2 6.6 9.1 5.6 30.1 5 4.9 4.7 5.7 5.7 30.5 3.4 16.6 6.2 31.1 30.7 19.2 6.8 12.7 30.4 30.2 10.4 6.3 30.8 11.1 30.3 30.7 30.8 30.6 12.4 6.3 1.4 30.1 6 30.25 6 10.25 30.55 15.05 7.55 7.65 10.05 15.25 9.95 9.65 7.05 7.05 12.9 17.7 7.25 10.05 30.25 30.35 12.4 30.4 30.9 31 6.75 30.5 30.6 30.2 30.3 30.7 28.95 30.9 11.15 30.45 30.7 8.35 12.75 30.95
6.8 7.1 14.6 6.3 30.8 6.8 7.2 6.6 6.4 6.5 6.5 6.5 6.4 6.4 30.5 6.9 30.5 3.8 6.3 6.4 30.5 31 15.5 6.2 5.9 6.4 4.1 6.3 16.4 3.9 5.6 30.8 28.6 16.8 11.9 3.5 30.1 6.8 30.9 30.4 30.4 9 30.1 7.4 6.1 7.05 7.45 7.35 10.25 10.25 25.05 30.2 15.15 7.55 7.15 7.25 7.05 7.25 6.85 14.65 7.25 1.3 3.7 7.35 7.55 31.15 10.1 30.6 30.4 31.1 12.15 25.9 30.1 6.65 9.65 10.05 7.65 22.85 10.55 3.9 30.8 30.8 30.5 10.65
6.8 6.7 30.5 6.7 6.4 6.7 30.2 6.7 6.4 30.4 6.5 6.8 6.7 6.6 6.5 6.7 6.8 7 6.4 6.6 18 6.3 5.4 30.2 5.9 6 22.6 30.3 3.8 30.5 26.1 30.4 5.05 5.95 6.35 18.7 6.95 30.2 30.2 8.3 16.8 5.8 3.6 10 7.45 7.35 9.65 9.95 7.55 7.75 16.1 30.7 6.3 24.75 12.15 8.05 7.05 6.85 7.05 7.15 12.35 6.6 9 9.75 7.45 27.85 30.5 30.4 30.5 30.6 30.3 30.8 7.15 6.15 6.65 7.15 30.25 7.85 9.85 30.35 7.85 30.6 13.15 7.85
6.6 7.8 7.1 30.7 6.3 26.9 6.7 3.2 6.8 21.6 30.9 30.7 1.5 6.3 7.1 31.2 31 6.8 6.5 26.3 6.4 30.6 12.6 6.3 3.8 30.3 6.1 31 31 30.1 17.6 5.65 5.85 30.7 1.3 13.7 19.2 4.1 30.6 30.8 30.8 6.35 30.3 3.9 10.45 29.85 7.3 7.05 30.6 7.25 6.4 12.25 7.55 5.3 7.35 7.35 7.95 6.95 7.05 6.85 30.05 24.95 9.75 7.45 9.85 7.75 30.65 30.2 30.4 30.6 30.1 7.25 30.5 30.9 6.45 7.75 7.15 11.05 30.35 28.65 30.1 7.95 7.95 30.95
6.8 6.5 6.7 27.3 30.6 6.3 30.4 6.5 6.9 7.3 6.4 6.2 6.4 6.5 6.9 28.7 31.1 6.8 3.7 6.7 6.8 6.8 31.1 30.5 6.7 6.9 6.8 20.8 6.8 26.8 15.5 1.7 13.4 6.5 9 6.2 30.3 30.4 30.9 11 6.65 3.4 7.25 21.3 28.5 4.3 4.2 10.8 3.2 18.4 29.1 1.2 7.05 7.15 6.95 9.85 12.45 13.45 10.75 20.95 6.85 30.3 30.6 30.15 7.45 10.05 31 30.8 30.4 9.85 7.15 7.15 7.25 30.8 30.8 25.15 12.75 10.15 13.15 8.35 18.45 8.05 10.05 31.2
30.7 17.7 6.55 30.8 6.75 30.8 30.9 6.65 30.7 30.4 30.7 6.6 30.2 30.5 6.6 6.55 5.95 6.15 6.25 30.7 6.55 6.65 6.55 6.4 15.9 30.5 31.1 7.05 30.2 26.3 4.2 30.3 4 8.8 1.6 6.3 16.4 31.1 6.35 8.2 29 9.4 18.8 6.95 7.35 30.4 30.35 3.5 6.85 1.5 30.1 6.4 26.6 7.25 7.25 19.95 9.95 9.3 30.35 30.25 22.8 30.5 20.8 30.8 30.9 30.8 30.6 7.45 6.9 31.3 30.5 7.25 30.4 7.35 30.7 7.75 30.1 7.45 7.35 15.75 31.15 30.45 30.5 7.55
30.3 28 6.75 30.9 30.5 30.8 6.65 7.9 30.5 4.2 30.4 8 31 6.7 6.35 6.45 6.35 6.05 30.7 30.5 10.6 25.5 15.4 7.05 9.75 30.5 6.9 6.8 3.8 3.9 30.7 5.8 30.3 3.2 13.6 13.7 30.1 6.55 6.95 6.55 30.7 6.75 7.35 7.25 7.05 7.15 10.05 8.8 7.05 30.3 21.4 14 7.25 5.3 6.4 7.6 9.85 26.45 8.25 9.85 7.15 7.85 14.8 30.5 30.3 7.85 24.4 30.7 7.85 30.5 30.7 30.9 30.7 30.7 9.75 7.15 7.55 31 10.05 8.05 15.85 8.25 31.2 28.05
30.8 6.25 18.2 6.15 6.35 30.4 5.6 30.6 18 18.7 16.5 30.3 30.5 15.1 6.85 5.75 6.05 5.8 6.85 6.25 31.1 6.95 16.3 30.5 7.05 11.3 3.9 21 30.3 6 30.2 30.6 6.7 11 4 6.95 6.45 6.45 4 6.95 30.6 11.4 30.7 25.05 6.95 7.35 6.85 7.15 7.25 8.1 30.8 7.45 6.65 6.65 5.2 3.9 30.2 30.3 30.2 10.25 7.45 30.15 30.7 30.3 30.7 30.8 30.35 30.4 7.45 7.55 7.55 6.95 6.95 7.15 7.05 7.05 31.1 30.25 7.75 25.85 8.25 30.85 30.1 18.05
30.8 30.6 6.45 6.65 30.6 20.9 30.6 19.9 6.15 6.25 7.7 13.3 30.7 30.8 30.9 6.25 6.45 30.2 6.25 6.35 6.15 6.85 6.55 6.55 30.9 21.8 6.85 30.8 30.5 30.7 21.7 30.1 19.3 3.7 6.35 6.05 5.8 6.35 6.35 30.6 30.6 6.55 30.1 30.4 30.6 30.6 6.95 6.65 30.5 7.15 6.95 7.35 6.35 1.3 6.95 9.2 30.2 30.9 6.85 30.1 30.5 30.8 11.8 11.5 30.3 31.1 30.4 30.9 30.8 12.25 6.95 7.25 6.65 6.85 7.25 17.55 14.75 30.8 7.35 7.55 15.35 12.95 30.35 10.05
30.8 6.45 9.8 6.75 6.55 5.35 7.9 10.6 14.3 30.3 30.1 25.3 30.2 6.75 6.05 5.95 6.75 6.85 30.5 30.8 22.9 10.3 30.7 6.55 30.9 30.4 5.6 30.3 1.3 7.3 30.6 30.6 30.8 19.3 6.75 6.45 30.7 6.35 30.4 24.3 6.45 30.8 30.3 30.6 30.6 30.5 15.6 1.2 6.55 30.6 6.95 30.7 7.15 26 6.1 30.7 19 30.8 12.15 7.25 6.75 7.15 6.75 6.95 30.25 30.35 7.85 31.7 31 6.85 6.85 7.05 6.75 6.65 30.65 12.65 30.8 7.35 22.55 30.65 7.35 30.5 30.5 31.45
31.1 30.7 7.25 6.95 6.65 6.75 6.35 10.4 3.5 6.55 6.05 6.45 6.75 6.45 30.2 30.5 6.45 6.55 7.9 6.75 5.8 30.3 31 30.4 30.3 6.45 6.05 30.3 16 3.9 3.9 30.4 21.7 4 6.55 6.45 8.9 30.7 30.6 14.4 1.2 30.4 31 4.5 26.7 18.9 30.5 5.2 27.8 30.8 6.95 7.35 30.25 24.75 6.95 6.85 6.75 28.6 7.35 30.5 7.05 7.95 30.05 7.25 17.85 8.35 30.7 10.05 6.55 6.65 6.55 30.85 30.25 6.85 9.85 6.85 6.85 30.7 19.85 19.85 7.95 30.15 30.3 6.35
30.2 6.85 6.85 6.55 6.75 30.5 6.65 6.5 6.65 30.9 6.05 6.75 7.05 23.8 10.6 5.75 30.5 6.55 6.6 30.4 3.6 30.9 30.4 31 30.3 9.1 30.6 30.1 30.1 14.3 8.5 6 21.3 21.9 1.4 6.95 23.9 3.6 6.4 1.3 30.7 6.65 6.85 30.4 30.7 8.7 3.5 20.9 9.1 30.7 6.25 30.9 30.45 31 16.5 30.5 11.5 30.5 6.95 30.2 9.85 10.05 10.25 7.25 30.2 30.45 30.65 30.45 12.75 6.55 9.75 20.15 30.25 30.4 7.05 30.6 30.7 30.7 7.45 17.05 5.25 6.55 5.05 5.65
6.65 6.65 6.35 6.65 6.65 6.55 6.55 6.45 30.6 30.7 5.75 6.85 30.4 9 14.3 28.6 28.6 6.25 6.45 30.4 6.9 30.8 31 31.2 31.2 30.2 30.9 30.4 11.2 6.6 20.4 30.6 30.3 6.4 8.5 10.8 30.5 3 30.4 30.5 11.2 6.2 6.55 30.4 30.4 6.1 20.2 30.7 4.7 5.3 6.85 30.05 30.7 9.2 30.8 6.6 4 1.4 30.7 10.45 6.95 7.45 30.6 7.85 7.55 31.2 14.75 9.65 6.75 8.15 7.35 7.55 17.75 31.2 6.75 30.9 30.6 30.9 31.4 31 5.25 5.7 5.6 30.9
30.7 6.25 6.35 6.55 6.45 6.35 8.3 9.2 9.2 6.05 6.65 6.25 13.9 7.05 6.45 6.25 5.9 6.45 6.45 30.6 7.8 30.5 31 3.9 11 6.45 4 30.8 4.3 30.4 30.2 6.75 30.8 30.6 29.2 30.4 6 6.1 6.05 6.25 5.7 30.7 5.8 30.8 30.3 8 25.4 30.4 25.9 30.4 16.9 30.55 7.25 3.8 3.6 7.65 25.65 31.3 30.6 9.95 7.35 6.95 7.25 12.95 15.45 20.45 12.95 6.65 6.65 8.35 30.15 7.15 30.3 10.55 6.85 6.95 14.95 31.4 30.05 12.25 5.5 5.7 5.9 -9999
30.3 6.05 5.95 6.65 6.15 6.45 6.25 30.1 30.5 6.8 6.25 6.25 6.75 30.4 6.85 6.55 30.8 6.35 5.95 6.55 3.4 3.8 30.8 6.65 30.4 11 8.7 30.6 30.3 30.1 30.2 17.1 9.2 6.4 8.6 30.5 5.65 5.85 6.45 14.2 30.8 30.5 31 30.1 30.6 30.8 30.8 30.9 6.95 30.6 7.15 7.15 30.75 6.5 11.5 30.6 30.7 30.4 30.6 11.8 30.3 6.85 14.75 8.15 8.15 30.35 7.85 15.75 23.25 18.25 13.15 21.05 22.65 30.3 7.55 6.95 30.75 7.45 30.9 5.35 5.6 5.4 5.5 -9999
30.5 30.6 6.35 6.15 30.8 6.45 10.3 6.45 6.45 6.05 6.75 6.55 6.85 6.35 6.45 6.35 5.5 6.25 6.15 16.6 3.7 30.2 30.2 9.1 6.1 30.1 30.3 7.05 6.35 30.8 6.7 6.65 11.9 6.55 5.95 5.65 13.9 30.8 31.1 30.4 30.7 30.4 5.9 5.7 30.7 30.5 30.5 30.7 7.25 6.95 10.45 7.25 7.35 17.5 30.5 15.45 22.65 23.25 10.55 30.5 30.2 7.25 30.9 6.95 7.65 8.15 7.7 10.25 8.15 25.65 7.85 30.35 28.75 30.75 30.75 31.1 8.15 5.95 5.95 5.5 5.4 5.9 -9999 -9999
6.65 6.65 -9999 6.25 30.6 26.6 6.65 6.55 6.35 6.25 6.35 6.7 6.35 9.3 5.35 3.2 8.3 5.85 -9999 30.7 8.5 30.4 3.3 6.8 15.1 29.1 8.9 30.5 6.6 5.1 20.3 30.1 30.6 30.6 30.6 30.8 26.8 8.9 30.5 18.7 30.6 30.4 3.2 30.4 30.5 13.8 14.1 30.1 7.15 6.6 10.65 30.9 15.75 13.6 6.6 7.55 15.65 8.15 31.1 30.5 31.1 6.95 7.05 7.25 8.45 10.75 13.35 10.45 10.55 28.05 8.15 15.65 30.95 30.15 7.75 6.45 6.65 5.75 6.05 6.5 6 5.5 -9999 -9999
30.6 30.6 6.35 15.2 6.95 6.95 6.25 6.95 6.85 30.2 30.5 30.4 6.95 6.35 30.4 30.4 6.25 -9999 5.75 30.7 6.2 31 21 21.1 1.5 30.5 9.1 30.3 14.65 19.4 8.1 8.9 30.2 30.7 6.95 30.1 6.55 6.55 11.9 30.2 5.8 30.2 7.9 30.5 7.8 30.7 30.7 16.25 30.2 7.15 30.6 8.45 7.95 23.8 30.9 23.65 8.45 27.65 31 20.95 11.45 30.5 30.5 26.15 10.85 30.25 30.5 23.25 13.55 30.6 7.95 10.95 8.55 10.65 5.95 31.2 5.55 5.75 6 6 5.7 -9999 -9999 -9999
30.4 30.4 6.35 6.35 30.1 6.85 6.85 6.75 6.55 11.6 30.2 26.4 6.35 29.7 8.3 7.2 1.1 -9999 -9999 -9999 31.1 30.4 30.8 30.6 4 3.5 16.5 30.4 30.1 30.8 7.15 4.3 30.4 6.65 30.6 28.9 6.05 6.25 30.6 30 30.2 30.3 23.4 18.5 30.7 7.35 30.7 30.45 21.45 30.2 30.35 10.85 12.95 7.95 8.55 8.55 8.55 13.75 8.45 28.85 13.25 30.85 30.95 18.85 30.45 18.65 30.9 8.25 30.35 16.05 8.05 8.15 30.15 6.15 5.95 6.15 5.05 5.65 6 5.9 6.1 -9999 -9999 -9999
14.8 28.2 6.75 12.3 6.45 6.45 6.35 6.65 6.45 30.5 6.45 5.35 7.8 5.75 14.1 10.7 -9999 -9999 -9999 -9999 7.15 30.1 30.9 6.95 30.6 30.8 25.7 30.4 30.5 8.3 30.7 8.2 30.5 30.3 7.15 6.4 30.3 6.75 30.4 5.9 11 16 30.5 23.4 15.7 7.65 30.3 31.5 9.15 21.25 8.05 30.35 8.05 28.35 8.05 16.25 30.45 8.35 18.95 11.05 30.75 9.15 30.35 11.85 21.35 8.25 7.8 13.25 30.8 30.55 8.25 30.35 6.65 30.7 5.85 5.15 5.35 5.9 5.5 6.1 5.9 -9999 -9999 -9999
6.15 6.45 6.95 6.65 6.45 6.55 6.25 6.15 6.45 6.35 6.05 6.15 30.4 7.9 7.1 5.85 -9999 -9999 -9999 -9999 -9999 9.75 7.45 6.95 31 31 30.2 31.2 30.5 12.9 30.1 30.2 6.5 30.6 30.8 30.3 30.7 6.75 6.15 6.45 30.6 7.35 12.45 7.15 10.15 7.55 31.1 30.7 31.3 25.75 10.95 30.4 13.65 10.85 7.85 30.5 8.75 10.85 11.05 30.35 30.45 16.15 14.05 8.75 11.15 8.15 30.7 8.35 5.4 13.75 30.15 30.35 30.4 30.1 4.95 4.95 4.85 5.6 6.1 6.2 -9999 -9999 -9999 -9999
6.25 6.25 6.75 6.65 6.45 5.95 5.65 5.95 30.6 6.35 5.95 6.35 9.9 9.8 5.6 -9999 -9999 -9999 -9999 -9999 -9999 16.7 31.3 31 30.7 30.8 30.4 30.4 10.4 30.3 31.1 31.2 9.4 30.9 31.1 6.55 30.2 4.1 6.45 22.4 9.95 30.7 12.85 30.55 9.95 30.25 9.55 30.35 8.35 8.65 10.65 30.35 30.65 10.35 7.55 7.15 31.3 31.2 30.8 8.45 26.45 30.45 8.55 10.75 16.25 30.65 5.9 30.1 30.45 30.55 30.65 6.75 4.45 5.25 5.15 4.75 5.4 5.4 5.5 5.7 -9999 -9999 -9999 -9999
6.25 6.55 6.25 6.75 30.5 6.05 -9999 6.35 5.85 6.75 6.45 5.2 30.5 30.6 6.65 6.25 -9999 -9999 -9999 -9999 -9999 6.35 6.9 19.3 31.1 30.2 3.8 30.1 5.2 7.9 30.5 30.8 30.6 30.8 31 7.35 30.1 6.95 6.65 6.15 6.95 30.2 14.95 7.25 30.5 6.25 6.35 30.7 31.2 7.05 6.65 7.25 7.45 30.45 9.95 30.85 30.25 7.55 25.35 13.95 30.6 30.65 9.15 21.55 30.55 8.35 30.8 30.55 30.5 13.55 5.75 4.35 5.35 5.35 5.25 4.95 5 5.1 5.6 5.9 -9999 -9999 -9999 -9999
6 6.15 5.65 6.15 6.05 5.65 -9999 -9999 5.65 5.55 5.85 6.05 30.5 30.4 31 30.6 6.05 -9999 -9999 -9999 -9999 6.35 6.85 9 6.2 7.3 30.6 31.6 30.8 16.2 30.6 30.7 30.7 30.7 30.8 30.6 27.8 30.5 6.85 6.65 6.55 6.45 31.1 6.55 6.35 6.15 30.4 6.55 31 31.5 6.85 30.3 8.2 7.45 7.45 30.9 7.25 7.25 30.25 7.65 7.75 8.65 31 8.75 30.35 31.1 30.25 15.95 8.55 7.15 4.35 5.45 5.45 5.25 5.65 5.1 5.4 5.5 5.3 5.8 -9999 -9999 -9999 -9999
6.25 -9999 -9999 -9999 5.45 -9999 -9999 -9999 -9999 7.15 6.95 30.2 30.5 5.1 30.5 6.65 6.35 1.2 -9999 11.4 30.8 30.6 27.4 30.6 8.4 30.5 10.7 30.8 30.9 30.8 6.3 16.1 30.9 7.8 6.75 30.3 1.6 31 18.1 6.55 6.35 5.85 6.15 6.45 6.85 6.75 31.3 30.8 30.3 31.1 6.75 31.55 23.35 10.25 7.35 30.7 7.15 31 7.25 7.75 30.8 7.75 30.35 30.65 10.65 8.15 8.25 8.15 11.15 4.95 5.85 5.55 5.25 5.25 5.15 5.3 6 5.6 6.1 5.6 -9999 -9999 -9999 -9999
-9999 -9999 -9999 -9999 -9999 -9999 -9999 -9999 -9999 6.45 19.75 6.85 20.1 29.9 17.5 6.15 5.85 8.8 20.8 8.4 6.55 30.7 7.9 30.6 11.1 30.5 30.4 30.8 23.4 30.6 16.4 30.7 6.95 30.3 6.85 6.95 26.3 30.9 6.25 6.35 6.35 6.25 5.75 6.45 30.9 6.55 31.3 31.3 30.3 6.35 6.85 31.05 30.45 7.95 30.55 12.45 12.55 5.85 7.55 7.85 30.05 27.75 12.85 10.25 9.85 7.35 28.35 30.25 30.35 4.95 6.35 5.55 6.65 6.45 5.05 5.4 5.3 5.5 5.5 -9999 -9999 -9999 -9999 -9999
-9999 -9999 -9999 -9999 -9999 -9999 -9999 -9999 -9999 6.85 7.05 7.05 31 30.4 31.1 27.2 31.1 30.8 30.7 31.1 6.45 30.3 18.4 30.5 30.9 30.7 6.35 6.1 30.8 28.5 5.4 6.95 30.7 6.85 6.85 7.05 6.45 30.4 30.6 30.7 5.75 6.15 6.45 5.95 6.05 6.35 30.3 31 6.05 30.6 30.7 6.75 6.15 30.2 6.25 30.5 30.3 5.55 25.25 7.15 12.75 5.8 6.75 27.05 6.75 7.15 10.45 7.05 7.05 7.25 5.75 -9999 -9999 -9999 -9999 -9999 -9999 -9999 -9999 -9999 -9999 -9999 -9999 -9999
-9999 -9999 -9999 -9999 -9999 -9999 -9999 -9999 -9999 6.35 6.15 30.7 6.45 30.8 6.85 6.65 11.2 6 14.8 30.6 6.25 5.6 8.2 30.6 5.9 30.8 6.15 6.3 3.7 22.9 30.9 7.3 12.45 6.85 6.85 6.95 6.65 6.55 30.4 6.75 6.55 6.25 6.2 5.85 5.65 6.65 5.5 30.9 6.95 30.8 6.35 6.55 30.8 5.85 6.15 6.45 30.9 5.65 6.15 30.4 6.15 12.15 6.75 7.15 7.05 6.85 9.65 5.55 5.65 5.95 -9999 -9999 -9999 -9999 -9999 -9999 -9999 -9999 -9999 -9999 -9999 -9999 -9999 -9999
-9999 -9999 -9999 -9999 -9999 -9999 -9999 -9999 -9999 6.05 6.35 6.45 6.25 30.9 6.85 6.65 6.65 15.05 30.5 31.2 6.15 6.75 9.65 6.75 6.65 30.7 30.1 30.5 31 30.8 13.2 30.7 7.05 17.25 6.15 6.35 6.85 6.35 6.75 7.15 6.05 6.05 30.8 5.55 6.05 10.8 7.9 31.2 30.2 31 30.4 30.8 31.1 6.05 30.6 5.95 31.2 6.55 5.65 5.45 5.55 5.35 9.9 5.75 5.65 5.65 5.55 30.4 5.65 -9999 -9999 -9999 -9999 -9999 -9999 -9999 -9999 -9999 -9999 -9999 -9999 -9999 -9999 -9999
-9999 -9999 -9999 -9999 -9999 -9999 -9999 -9999 -9999 -9999 -9999 -9999 6.55 30.5 6.35 6.65 6.45 6.75 30.4 6.75 6.55 6.85 5.9 6.55 6.75 6.35 30.6 6 16.6 30.4 7.9 21.8 6.95 6.45 6.45 6.35 16.4 7.25 31.1 31.1 6.65 6.55 6.35 6.45 5.65 5.75 30.6 5.55 6.25 30.7 31 30.8 6.85 31.2 6.25 30.5 5.95 6.15 5.95 6.05 6.55 5.95 30.3 30.2 8.4 30.5 5.45 5.55 -9999 -9999 -9999 -9999 -9999 -9999 -9999 -9999 -9999 -9999 -9999 -9999 -9999 -9999 -9999 -9999
