Outfile_3.asc
NCOLS 201
NROWS 151
XLLCORNER 730592.938286
YLLCORNER 2561222.529137
CELLSIZE 145.176046
NODATA_VALUE NaN
[rows 99 to 131 of 151, columns 75 to 149 of 201]
23.15 10.55 7.55 7.75 7.95 27.598142394 10.2714045971 30.3245006541 7.15 30.6666666667 7.35 30.3 30.2666666667 NaN 1.4166666667 4.5 4.5 4.6 4.4 4.8 6.75 12.25 7.45 9.55 30.3843909065 18.2032369137 30.6 16.8 6.65 6.75 6.8 10.15 9.85 6.95 6.95 30.5 30.7 30.2 6.95 30.5042261031 30.0245006541 4.7333333333 NaN NaN NaN 14.8660289775 4.0017858479 7.2062672167 24.9306599425 4.9428255525 7.1316790289 1.9524976531 8.1575575791 5.5635231517 19.553428636 16.6289342698 1.4639351726 7.15 17.4708927697 7.25 6.55 6.95 6.45 4.803030303 9.503030303 12.203030303 7.098142394 30.3777777778 30.1635231517 10.75 23.75 8.85 29.3 30.4 8.05
7.75 10.55 7.45 7.45 7.85 8.05 7.75 7.85 7.85 28.45 30.15 NaN 7.95 NaN 4.0042261031 3.9 4.4 29.8 4.2 4.4 4.4 6.95 9.435702243 6.95 17.9 30.7 6.45 6.85 6.85 26.8 7.15 7.15 14.95 6.95 30.4 30.4 7.05 6.15 5.95 6.35 10.79071197 17.8666666667 1.5969040394 NaN NaN 6.35 4.2217300308 6.95 6.95 2.2480521815 4.0217300308 30.5729948341 12.5333333333 13.0222222222 6.05 29.5 16.6129588438 6.9239042103 30.5804748005 6.85 30.1968852936 7.05 6.9758686137 1.3222222222 7.2222222222 30.3222222222 4.6202728564 30.3083333333 13.3021130107 30.6 30.4 30.45 8.55 11.15 8.15
25.65 7.65 7.85 12.65 7.85 8.05 15.25 18.15 7.95 8.15 8.05 NaN NaN NaN 1.4135735976 3.8 4.5 4.3 4.2 4.2 4.6 20.2 30.5 17.8 6.75 6.65 6.95 6.7 6.95 19.65 30.4 7.05 6.85 6.95 12.45 6.85 6.45 6.25 5.6192754236 5.8716618094 6.65 6.55 NaN NaN NaN NaN 4.0179068435 14.85 14.65 30.0555555556 6.5108185325 30.3666666667 9.2333333333 22.35 30.3 7.8 6.9 11.4635231517 9.5134491708 6.95 9.8333333333 7.05 5.85 7.15 30.7 6.5 10.15 7.95 13.25 30.1 23.35 13.85 30.25 16.35 7.75
12.95 7.75 13.15 7.8333333333 7.75 7.978511354 8.15 8.15 8.05 12.85 NaN NaN NaN NaN NaN 6.05 4.7 4.8 4.3 4.3 4.7 7.05 30.35 6.85 7.35 6.95 6.95 6.65 7.05 7.15 6.75 5.95 6.15 6.25 30.4 6.85 6.15 6.95 30.3681050248 7.4084518793 6.6 NaN NaN NaN NaN NaN NaN 24.3810980619 4.8969842853 5.0666666667 4.498142394 11.2023689097 4.6333333333 8.0222222222 17.8 10.4 6.8 7.0328101159 7.7384487607 25.5537203881 7.2333333333 7.6333333333 30.4901371761 5.75 7.65 13.55 7.95 7.8 14.65 8.05 18.05 13.95 30.5 10.25 24.85
20.5333333333 5 6.8 8.05 23.0333333333 13.05 7.85 7.85 10.25 12.65 10.55 11.9 NaN NaN NaN NaN 6.45 4.9 4.9 4.7 5 4.8 NaN NaN NaN NaN 19.2 6.55 6.85 6.75 6.85 6.25 NaN NaN 6.65 6.65 6.55 6.05 30.1703703704 7.75 6.65 NaN NaN NaN NaN NaN 6.15 17.3904286252 10.1659351537 6.3333333333 30.3284270273 30.617127024 4.7376787265 5.3202728564 7.7 30.5 30.4 7.0063281674 17.0923526966 4.6969040394 2.9666666667 14.85 19.85 27.7192754236 5.95 30.5 30.4 7.85 30.4 7.45 30.4 30.9 30.6 9.45 20.45
7.85 30.25 4.8666666667 4.8716618094 18.15 30.25 7.85 8.05 7.85 7.85 7.75 8.25 30.35 6.95 NaN NaN NaN NaN 6.75 4.8 4.6 6.95 NaN NaN NaN NaN 6.05 6.55 NaN 5.95 6.15 6.15 NaN NaN 5.95 6.25 6.15 6.95 7.4703703704 30.2333333333 30.1333333333 6.15 NaN NaN NaN NaN 6.55 6.35 30.1333333333 11.9 31.2 16.0467825041 9.9952995056 30.2013740557 17 4.1 4.2 9.5 14.7564102564 4.6901371761 5.0333333333 7.7333333333 15.0537203881 7.05 9.75 6.25 29.3 7.35 7.05 7.25 30.6 17 30.9 6.95 7.35
13.15 9.6681050248 10.55 30.65 4.603030303 12.85 9.2635231517 7.75 8.05 7.75 10.75 10.45 7.95 NaN 9.55 NaN NaN NaN NaN NaN NaN NaN NaN NaN NaN NaN 6.85 NaN NaN NaN NaN NaN NaN NaN NaN 7.15 5.2 10.0380952381 6.85 10.7622676031 15.7708234805 7.7743996038 6.25 30.29071197 4.4333333333 5.79071197 30.3534349239 18.6051154274 5.6559224131 5.1333333333 14.0450799339 30.4137183223 5.6681474842 19.3 4.4 7 30.9 30.45 7.15 7.35 17.61898463 30.1333333333 7.15 7.05 7.15 6.55 5.95 7.15 7.35 9.85 30.5 30.6 30.6 31 6.65
13.45 10.35 8.05 13.05 12.95 18.45 10.45 7.95 8.05 30.35 7.85 10.45 10.25 7.65 7.25 12.55 7.15 NaN NaN NaN NaN NaN NaN NaN NaN 6.15 6.75 NaN NaN NaN NaN NaN NaN NaN NaN 7.05 7.35 7.05 30.5322617446 30.4717820941 30.1014383581 6.25 15.6047871587 6.7 7.7245006541 30.347996552 15.1581491326 30.4520285504 30.3101105702 8.2037037037 2.7348730697 8.3644313952 30.0564102564 29.5 30.4 30.5 4.2 9.85 30.2063281674 7.15 9.4969040394 8.59071197 30.4666666667 7.05 7.15 30.4188440482 6.25 6.85 30.5 7.15 8.2202728564 30.7450715499 30.7564102564 7.05 6.85
8.05 28.25 12.85 30.4 8.15 8.05 13.05 8.05 8.25 7.85 10.25 7.65 7.85 25.45 6.95 6.95 7.55 7.85 NaN NaN NaN NaN NaN NaN 5.75 5.85 NaN NaN NaN NaN NaN NaN NaN NaN NaN 7.05 6.95 28.8670295079 7.05 7.25 30.7417852127 6.9192725435 11.2002041892 7.8600747221 9.9714045971 6.65 30.373998276 7.2033108961 7.5844898253 30.0714285714 6.1149362158 6.35 9.4768182948 15.8067245426 29.4 7.9 8.1 6.95 9.55 6.95 9.6901371761 10.6333333333 30.1333333333 30.5084518793 6.75 9.85 7.25 6.65 6.15 6.55 30.7268601941 30.4726779369 6.85 7.05 30.6166666667
30.6 15.45 30.45 13.25 30.5 7.1 7.85 8.15 7.95 7.75 7.95 7.95 8.05 7.95 9.75 9.65 7.95 7.75 NaN NaN NaN NaN NaN NaN NaN NaN NaN NaN NaN NaN NaN NaN NaN NaN 4.2 6.25 16.9 23.4755853852 30.3384753952 30.1417852127 30.2903557635 6.55 12.9983456956 7.5145671951 30.298142394 6.85 6.55 5.3768182948 5.4714045971 20.79071197 30.6333333333 6.85 9.6615508071 15.6484520197 30.7 30.1 7.15 7.25 7.15 6.4242242458 9.55 6.95 30.2333333333 30.6954770164 7.35 6.85 30.7513641714 6.45 6.05 6.75 30.21898463 12.8453558739 6.3111111111 30.3111111111 9.65
8.25 8.05 10.65 30.45 30.85 15.55 4.7 7.65 7.55 10.35 7.75 6.8 7.65 7.65 7.15 7.45 NaN 7.75 7.55 NaN NaN NaN NaN NaN NaN NaN NaN NaN NaN NaN NaN NaN NaN NaN NaN 6.25 30.5 6.55 6.45 10.82891678 9.847996552 6.45 22.5786681507 7.45 30.3183739396 6.95 6.85 7.15 6.95 5.1666666667 30.7570224301 21.09071197 30.1205792798 12.2094922192 15.6222222222 30.4 30.5 9.95 7.25 30.3013740557 7.45 7.05 30.6235829038 31.12568603 7.95 12.95 6.85 6.45 6.65 30.2666666667 30.3333333333 30.8 30.4570224301 21.4666666667 7.15
NaN NaN NaN NaN 22 8.45 18.05 7.85 12.75 7.55 20.35 23.45 8.05 18.05 7.05 6.95 NaN NaN NaN NaN NaN NaN NaN NaN NaN NaN NaN NaN NaN NaN NaN NaN NaN NaN NaN NaN NaN NaN 6.65 6.35 7.05 6.25 6.25 11.9380952381 30.4 7.05 6.75 4.2108185325 14.95 7.05 30.4084518793 4.2 15.2084518793 7.1134491708 7.6635231517 17.7 5.3 7.25 6.85 7.05 7.05 7.35 7.65 24.95 7.35 7.65 7.35 10.05 6.15 30.7111111111 30.8333333333 5.75 7.15 30.5761904762 31.1761904762
NaN NaN NaN NaN NaN NaN 7.45 7.45 7.55 30.1 15.35 7.65 7.55 7.45 NaN NaN NaN NaN NaN NaN 5.8 NaN NaN NaN NaN NaN NaN 7.85 10.15 NaN NaN NaN NaN NaN NaN NaN NaN NaN 6.35 6.55 7.15 6.05 6.15 6.25 6.85 6.9 6.85 6.85 6.75 6.55 7.3969040394 8.39071197 30.5666666667 20.2761904762 5.5777777778 6.85 6.75 12.2 7.25 7.15 30.3188440482 17.386310514 12.55 7.55 30.79071197 31.0380712638 30.5101516281 9.9716618094 19.9761904762 6.75 6.95 30.2384487607 30.3094922192 30.9777777778 7.45
NaN NaN NaN NaN NaN NaN NaN NaN 7.45 7.55 7.45 10.25 7.75 NaN 7.35 NaN NaN 7.35 NaN 5.3 5.9 NaN NaN NaN NaN NaN 7.95 30.95 17.75 NaN NaN NaN NaN NaN NaN NaN NaN NaN 6.45 1.8555555556 6.15 6.15 6.65 6.45 6.45 6.95 6.75 6.65 30.8 9.85 22.4166666667 30.6111111111 30.3570224301 30.547996552 9.5681050248 8.4081667897 29.6477647286 4.6 7.05 15.15 7.15 7.45 7.25 30.4941262079 30.7245006541 10.05 7.25 7.4237619586 9.9777777778 30.4635231517 30.3450715499 9.15 6.95 6.85 9.95
NaN NaN NaN NaN NaN NaN NaN NaN NaN NaN NaN NaN 7.45 10.65 7.75 30.85 5.7 NaN NaN 5.8 6.2 5.9 5.7 10.35 NaN 10.45 30.45 30.45 7.05 9.95 NaN NaN NaN NaN NaN NaN NaN NaN 6.05 4.5555555556 6.15 6.15 6.25 6.55 6.55 6.45 30.3 7.45 31 15.5635231517 30.5726779369 26.0333333333 20.3333333333 10.1666666667 30.5537203881 12.6267895821 30.298142394 30.2108185325 6.85 22.2 30.8 30.2710636516 7.15 30.2091218061 30.2375594364 7.15 7.15 25.3694840324 6.55 6.55 6.85 6.85 9.85 6.75 16.9
NaN NaN NaN NaN NaN NaN NaN NaN NaN NaN NaN NaN NaN 9.95 7.45 8.05 5.8 NaN 5.9 5.9 5.7 5.5 5.6 10.55 10.35 30.2 15.05 7.35 7.25 20.15 6.95 NaN NaN NaN NaN NaN NaN NaN NaN NaN NaN NaN NaN NaN 6.35 6.55 30.6 7.45 27.9 11.04984391 30.4513641714 30.1666666667 20.6 17.3 30.6333333333 17.55 30.4333333333 7.25 7.95 15.75 9.85 14.95 12.3165163336 6.95 7.45 30.45 6.55 30.4192754236 30.0188440482 14.65 9.55 6.25 6.55 30.3 6.95
NaN NaN NaN NaN NaN NaN NaN NaN NaN 7.05 14.55 7.25 7.35 30.35 8.15 8.25 5.8 5.9 5.7 5.5 5.3 5.5 5.5 5.7 5.25 11 12.25 7.75 7.15 9.75 7.05 NaN NaN NaN NaN NaN NaN NaN NaN NaN NaN NaN NaN NaN NaN 9.95 15.6 14.75 30.1 31.1289342698 7.05 30.4205792798 24.85 10.15 30.7333333333 8.6537203881 7.35 22.65 30.9 30.25 8.25 7.15 30.3564102564 9.75 30.0666666667 9.6 27.5084518793 30.3901371761 6.95 24.6067245426 6.85 12.7 12.6 6.75 6.45
NaN NaN NaN NaN NaN NaN NaN NaN NaN 6.95 30.6 7.75 9.95 7.35 30.65 12.45 5.7 5.7 5.6 5.7 6 5.8 5.4 5.65 5.75 28.6 9.75 7 6.35 6.15 11.6 NaN NaN NaN NaN NaN NaN NaN NaN NaN NaN NaN NaN NaN 7.45 7.75 30.5 7.25 26.9 21.2002805931 15.25 7.75 1.6703703704 30.51898463 30.8333333333 7.55 30.45 30.45 16.15 23.35 30.4 7.15 21.8242242458 7.25 9.95 7.35 30.2666666667 30.6716618094 6.95 30.4484520197 30.6 30.6 30.8 6.15 6.45
NaN NaN NaN NaN NaN NaN NaN NaN NaN 7.55 30.45 7.75 12.65 7.85 18.15 5.8 5.6 5.8 4.8 5.8 5.8 5.7 5.45 5.15 7.8 7.25 30.2 6.75 6.65 6.55 NaN NaN NaN NaN NaN NaN NaN NaN NaN NaN NaN NaN NaN NaN 10.05 7.55 7.45 12.55 15.15 7.55 14.85 7.55 12.75 30.6622501134 30.378511354 30.3333333333 7.45 31.0333333333 30.4222222222 30.55 30.8 8.15 7.45 9.75 7.95 10.15 30.3333333333 30.15 7.05 30.3094922192 7.15 30.4 7.25 8.05 30.7
NaN NaN NaN NaN NaN NaN NaN NaN NaN 7.45 30.25 7.65 30.35 30.45 5.4 6 6.1 6.7 5.6 5.4 5.65 5.55 5.35 5.25 7.7 30.6 6.55 6.65 6.95 6.05 NaN NaN NaN NaN NaN NaN NaN NaN NaN NaN NaN NaN NaN NaN NaN 30.2 30.15 12.85 9.85 6.95 6.85 7.05 7.25 30.3703703704 30.3333333333 30.45 5.3666666667 23.05 10.85 7.2 30.6 30.7 9.85 30.8108185325 9.95 7.65 7.55 30.6333333333 30.7666666667 6.85 30.5660289775 30.75 6.95 17.65 7.65
NaN NaN NaN NaN NaN NaN NaN NaN NaN 5.2 4.9 5.2 5.8 5.4 30.1 30.5 6.1 5.9 5.65 5.55 5.75 5.45 6.35 6.35 10 6.45 6.65 7.35 NaN NaN NaN NaN NaN NaN NaN NaN NaN NaN NaN NaN NaN NaN NaN NaN NaN NaN NaN 6.95 7.15 7.25 6.95 22.4 30.4380952381 30.5703703704 17.8333333333 7.25 7.35 30.4615508071 24.535702243 8.25 12.75 30.5 7.45 10.05 30.6450715499 22.85 7.85 30.6333333333 13.078511354 6.65 7.05 7.95 7.75 7.25 25.55
NaN NaN NaN NaN NaN NaN NaN NaN 5.5 5.6 5.2 5.4 6 5.75 6.35 5.65 5.95 6.05 5.95 5.55 5.45 6.55 5.95 5.45 5.75 6.65 7.05 6.95 NaN NaN NaN NaN NaN NaN NaN NaN NaN NaN NaN NaN NaN NaN NaN NaN NaN NaN NaN NaN NaN 30.15 30.8 9.75 30.5374901471 30.3681050248 30.4084518793 30.7 7.55 7.15 7.35 13.25 15.65 7.85 29.5 12.15 9.75 7.45 7.75 22.55 1.5 7.35 7.65 30.45 7.55 31.1 30.9
NaN NaN NaN NaN NaN NaN NaN NaN 7.85 15.95 18.35 5.9 12.3 6.25 5.55 5.45 5.85 6.15 6.05 5.95 6.15 6.55 6.35 5.75 6.05 30.25 6.85 7.15 NaN NaN NaN NaN NaN NaN NaN NaN NaN NaN NaN NaN NaN NaN NaN NaN NaN NaN NaN NaN NaN 7.05 7.15 9.85 22.0635231517 15.45 30.6453558739 30.2333333333 11.478511354 14.8969040394 30.398142394 8.05 7.85 8.05 30.5 6.95 7.35 30.25 7.45 9.95 30.79071197 30.5333333333 31.0666666667 30.2533326691 30.7450715499 16.9 10.25
NaN NaN NaN NaN NaN NaN NaN NaN 13.25 30.75 7.85 10.55 30.6 13.6 5.95 6.15 6.35 6.25 6.45 6.25 6.35 5.85 5.75 5.25 5.95 4.4 6.55 7.05 NaN NaN NaN NaN NaN NaN NaN NaN NaN NaN NaN NaN NaN NaN NaN NaN NaN NaN NaN NaN NaN 14.8108185325 30.3618913743 7.45 9.5134491708 7.05 30.0666666667 30.9540925512 30.3 7.15 30.3615508071 14.535702243 7.75 7.85 7.3 7.45 8.45 21.05 10.75 10.65 30.65 28.35 28.05 13.25 7.65 7.35 7.55
NaN NaN NaN NaN NaN NaN NaN NaN 13.15 18.85 30.15 12.9 13.3 7.9 5.65 5.65 5.55 5.85 5.65 6.45 6.45 6.25 5.55 6.25 5.55 4.5 4.4 7.15 6.75 NaN NaN NaN NaN NaN NaN NaN NaN NaN NaN NaN NaN NaN NaN NaN NaN NaN NaN NaN NaN NaN 7.55 12.55 27.55 24.75 10.25 7.05 30.2666666667 7.15 30.5615508071 30.45 7.95 10.25 12.45 30.2 7.55 30.3 13.65 10.65 7.95 30.65 30.7 30.9084518793 30.9928371643 10.25 7.55
NaN NaN NaN NaN NaN NaN NaN NaN NaN 8.25 15.4 18.3 6.8 5.55 5.35 5.15 5.25 5.75 5.65 31.4 6.15 5.55 6.45 6.05 5.55 4.3 4.6 7.05 6.65 NaN NaN NaN NaN NaN NaN NaN NaN NaN NaN NaN NaN NaN NaN NaN NaN NaN NaN NaN NaN NaN NaN 17.85 30.75 7.85 12.7084518793 8.05 10.15 9.85 30.7923526966 7.95 7.85 30.15 13.25 15.55 10.55 10.95 30.45 28.45 25.55 7.85 7.95 30.0570224301 7.95 30.6333333333 30.8345325216
NaN NaN NaN NaN NaN NaN NaN NaN NaN NaN NaN 7.9 30.5 5.45 5.65 5.55 5.45 5.95 5.85 30.5 6.25 6.05 5.85 5.65 5.55 4.3 4.5 4.5 NaN NaN NaN NaN NaN NaN NaN NaN NaN NaN NaN NaN NaN NaN NaN NaN NaN NaN NaN NaN NaN NaN NaN 30.3590193633 7.75 15.35 7.95 20.75 8.15 30.5635231517 30.4222222222 9.3 13.05 10.75 25.75 8.05 8.05 10.85 20.75 13.35 30.55 30.4726779369 12.6666666667 8.05 7.95 30.35 8.25
NaN NaN NaN NaN NaN NaN NaN NaN NaN NaN NaN NaN NaN 5.35 5.45 5.45 5.45 6.15 5.95 30.6 6.15 NaN NaN NaN NaN NaN NaN NaN NaN NaN NaN NaN NaN NaN NaN NaN NaN NaN NaN NaN NaN NaN NaN NaN NaN NaN NaN NaN NaN NaN NaN 30.2969040394 25.65 30.35 13.05 10.45 30.2202728564 20.0021130107 30.4 30.55 10.65 13.15 12.85 12.85 16.9 7.85 30.45 7.95 25.75 8.45 7.85 12.95 30.75 11.05 30.75
NaN NaN NaN NaN NaN NaN NaN NaN NaN NaN NaN NaN NaN NaN 5.35 22 6.05 6.05 6.35 5.55 NaN NaN NaN NaN NaN NaN NaN NaN NaN NaN NaN NaN NaN NaN NaN NaN NaN NaN NaN NaN NaN NaN NaN NaN NaN NaN NaN NaN NaN NaN NaN 10.15 12.95 8.15 7.95 12.75 7.95 7.45 9.95 13.05 8.05 10.35 14.1 10.75 31.05 18.15 8.15 10.95 8.15 10.55 30.95 31.31898463 30.45 30.578511354 7.35
NaN NaN NaN NaN NaN NaN NaN NaN NaN NaN NaN NaN NaN NaN 5.55 5.85 5.85 5.95 NaN NaN NaN NaN NaN NaN NaN NaN NaN NaN NaN NaN NaN NaN NaN NaN NaN NaN NaN NaN NaN NaN NaN NaN NaN NaN NaN NaN NaN NaN NaN NaN NaN NaN NaN NaN 12.85 8.15 18.35 8.15 30.5 30.9 8.45 13.25 31.3 20.75 30.25 8.15 13.15 10.45 10.65 18.15 30.8758686137 16.55 7.75 31.1 30.3856743286
NaN NaN NaN NaN NaN NaN NaN NaN NaN NaN NaN NaN NaN NaN 5.45 5.45 5.45 NaN NaN NaN NaN NaN NaN NaN NaN NaN NaN NaN NaN NaN NaN NaN NaN NaN NaN NaN NaN NaN NaN NaN NaN NaN NaN NaN NaN NaN NaN NaN NaN NaN NaN NaN 7.55 12.95 7.05 7.05 30.2 26.9 30.9 30.45 12.3 8.15 30.15 7.95 30.55 20.55 8.15 30.9 25.85 10.85 8.35 8.05 21.15 30.45 30.4570224301
NaN NaN NaN NaN NaN NaN NaN NaN NaN NaN NaN NaN NaN NaN NaN NaN NaN NaN NaN NaN NaN NaN NaN NaN NaN NaN NaN NaN NaN NaN NaN NaN NaN NaN NaN NaN NaN NaN NaN NaN NaN NaN NaN NaN NaN NaN NaN NaN NaN NaN NaN NaN 10.55 7.85 26.7 6.95 30.7 8.35 30.7 18.45 30.35 30 31 8.35 7.75 7.85 8.05 7.75 15.45 30.25 15.45 10.65 8.25 30.1666666667 30.25
NaN NaN NaN NaN NaN NaN NaN NaN NaN NaN NaN NaN NaN NaN NaN NaN NaN NaN NaN NaN NaN NaN NaN NaN NaN NaN NaN NaN NaN NaN NaN NaN NaN NaN NaN NaN NaN NaN NaN NaN NaN NaN NaN NaN NaN NaN NaN NaN NaN NaN NaN NaN NaN NaN NaN NaN NaN NaN NaN NaN NaN NaN 30.55 7.95 10.45 7.85 10.65 20.45 20.55 8.45 8.25 30.45 15.45 14.6267895821 30.8084518793
