Outfile_4.asc
NCOLS 201
NROWS 151
XLLCORNER 730592.938286
YLLCORNER 2561222.529137
CELLSIZE 145.176046
NODATA_VALUE NaN
[rows 99 to 131 of 151, columns 74 to 147 of 201]
10.25 7.75 7.85 7.65 12.85 7.85 3.398142394 3.4714045971 3.9245006541 6.55 4.6666666667 6.85 3.1 7.2666666667 NaN 9.4166666667 4.7 4.7 4.5 4.6 4.8 6.95 7.25 7.15 6.65 10.6843909065 30.2032369137 5.4 14.2 6.65 6.85 30.3 7.05 6.95 6.85 7.15 1.2 6.3 6.3 6.95 30.2042261031 13.3245006541 30.1333333333 NaN NaN NaN 7.6660289775 30.2017858479 30.4062672167 30.4306599425 30.5428255525 30.3316790289 30.4524976531 10.6575575791 5.2635231517 30.053428636 30.5289342698 9.4639351726 6.95 22.7708927697 7.15 7.05 6.85 7.25 31.003030303 30.303030303 30.903030303 30.898142394 30.4777777778 16.2635231517 30.35 11.35 30.25 28.9
13.25 7.85 7.75 7.45 7.65 7.85 7.85 7.55 10.05 7.75 7.75 8.05 NaN 7.65 NaN 9.5042261031 3.9 4.4 30.4 4.6 4.4 4.5 7.05 9.035702243 6.95 18.5 4 7.05 9.65 6.95 21.3 7.15 7.25 9.95 9.85 21.5 1.2 6.75 6.25 6.05 5.95 30.29071197 13.3666666667 14.6969040394 NaN NaN 6.15 30.4217300308 6.95 9.65 30.4480521815 11.9217300308 30.7729948341 30.4333333333 13.1222222222 6.25 30.1 17.1129588438 29.8239042103 6.9804748005 7.25 2.4968852936 6.75 12.4758686137 30.9222222222 10.0222222222 30.2222222222 30.6202728564 5.6083333333 30.4021130107 26.7 11.4 19.35 24.45
12.85 7.75 7.55 7.55 7.35 7.45 7.45 30.45 7.65 7.65 7.65 7.65 NaN NaN NaN 30.0135735976 4.2 4.7 4.3 4.5 4.5 4.7 30.5 30.5 20.4 6.85 9.55 30.35 10.1 7.35 9.75 31.1 6.85 6.75 9.75 6.75 6.75 6.15 6.05 5.4192754236 8.1716618094 6.55 6.45 NaN NaN NaN NaN 17.0179068435 7.35 7.05 30.6555555556 30.8108185325 13.3666666667 30.1333333333 7.15 6.4 5.4 19.6 9.4635231517 7.7134491708 7.15 12.5333333333 6.95 5.85 7.05 30.8 30.6 7.85 7.95 30.35 17.7 8.45 9.15 19.05
7.45 12.55 7.45 7.35 30.1333333333 7.35 28.378511354 10.35 12.85 9.95 7.45 NaN NaN NaN NaN NaN 6.25 4.6 4.7 4.4 4.5 4.9 9.75 7.05 6.85 12.25 7.25 7.25 6.55 7.25 7.05 7.15 6.65 6.35 6.35 9 6.95 6.05 6.65 10.6681050248 8.0084518793 24.7 NaN NaN NaN NaN NaN NaN 30.6810980619 30.6969842853 20.4666666667 7.498142394 13.1023689097 7.6333333333 30.6222222222 7.9 30.4 7.3 30.4328101159 6.2384487607 9.0537203881 17.5333333333 20.0333333333 6.1901371761 6.55 7.75 30.15 10.35 27.2 8.25 18.25 8.05 18.95 4.2
4.49071197 6.3333333333 10.1 9.8 7.85 13.5333333333 7.95 7.55 7.35 7.45 7.35 7.65 7 NaN NaN NaN NaN 6.25 4.6 4.9 5 4.8 4.5 NaN NaN NaN NaN 30.5 6.85 6.75 6.55 6.95 6.55 NaN NaN 6.85 7.15 6.85 5.95 8.5703703704 6.95 6.55 NaN NaN NaN NaN NaN 6.25 30.0904286252 10.5659351537 16.5333333333 12.4284270273 22.617127024 25.3376787265 15.5202728564 30.4 7.3 30.5 9.9063281674 12.5923526966 30.5969040394 30.5666666667 12.25 12.55 30.3192754236 5.95 30.6 17.3 13.25 8.3 7.35 3.9 30.4 4
10.7666666667 7.75 7.45 7.6666666667 25.3716618094 7.85 7.35 9.95 7.95 7.85 7.65 7.65 7.65 7.65 6.55 NaN NaN NaN NaN 6.75 5 4.5 6.55 NaN NaN NaN NaN 5.95 6.95 NaN 5.95 6.35 6.25 NaN NaN 6.15 6.05 6.25 7.05 30.4703703704 30.1333333333 19.9333333333 6.35 NaN NaN NaN NaN 6.25 6.55 25.7333333333 7.2 7.1 15.9467825041 30.3952995056 10.6013740557 9.8 30.7 12.2 19.8 30.5564102564 12.7901371761 15.5333333333 30.6333333333 30.8537203881 9.55 7.45 5.85 30.6 9.85 7.45 9.85 30.5 19 1.5
4.1270461645 7.75 7.3681050248 7.65 7.65 7.403030303 7.75 1.2635231517 7.75 7.85 12.95 7.75 7.65 7.65 NaN 6.55 NaN NaN NaN NaN NaN NaN NaN NaN NaN NaN NaN 6.55 NaN NaN NaN NaN NaN NaN NaN NaN 6.95 5.1 5.9380952381 6.85 4.1622676031 14.3708234805 4.0743996038 6.45 30.49071197 27.9333333333 30.49071197 8.9534349239 4.5051154274 8.4559224131 30.6333333333 30.3450799339 23.0137183223 30.4681474842 30.3 30.4 19.7 30.3 7.05 7.15 7.05 30.81898463 30.5333333333 9.95 7.25 7.55 6.65 6.95 7.15 7.15 7.55 3.9 10.4 5.1
7.75 7.75 10.35 7.95 10.25 7.75 7.85 8.05 10.35 7.85 7.95 7.85 7.85 10.05 7.45 6.95 7.05 6.65 NaN NaN NaN NaN NaN NaN NaN NaN 6.05 6.75 NaN NaN NaN NaN NaN NaN NaN NaN 6.95 6.95 7.05 8.8322617446 4.1717820941 19.5014383581 6.15 7.7047871587 7.1 15.7245006541 8.547996552 30.1581491326 30.7520285504 30.6101105702 30.0037037037 30.5348730697 5.9644313952 7.5564102564 9.9 30.3 30.2 17.3 9.65 30.1063281674 7.05 30.3969040394 30.49071197 30.4666666667 17.55 7.45 3.6188440482 6.45 14.75 3.4 7.25 30.3202728564 5.5450715499 10.4564102564
7.75 7.75 7.75 7.75 30.2 7.85 7.75 7.75 17.95 7.95 7.95 7.85 7.85 7.95 7.95 7.15 7.15 7.25 14.95 NaN NaN NaN NaN NaN NaN 5.65 5.95 NaN NaN NaN NaN NaN NaN NaN NaN NaN 6.85 7.05 6.6670295079 7.05 7.15 30.7417852127 19.5192725435 11.5002041892 30.1600747221 30.3714045971 6.45 30.373998276 30.5033108961 30.4844898253 30.0714285714 30.2149362158 6.65 30.1768182948 5.2067245426 7.1 5.1 5.2 9.65 14.75 7.05 25.3901371761 30.5333333333 7.2333333333 30.9084518793 6.75 7.15 29.85 6.25 6.15 7.35 27.0268601941 9.4726779369 6.85
7.75 3 7.65 7.65 7.65 1 22.3 7.65 10.35 7.95 28.05 7.95 7.85 7.75 7.75 6.95 7.05 7.05 7.55 NaN NaN NaN NaN NaN NaN NaN NaN NaN NaN NaN NaN NaN NaN NaN NaN 17.1 6.15 7.8 18.3755853852 7.0384753952 7.8417852127 9.5903557635 6.55 30.5983456956 30.8145671951 18.398142394 6.75 6.65 7.8768182948 6.0714045971 13.59071197 6.9333333333 6.65 30.1615508071 30.5484520197 30.5 5.6 9.85 7.25 12.55 17.2242242458 7.05 27.75 30.4333333333 5.3954770164 7.35 6.55 20.1513641714 6.35 6.15 9.65 30.71898463 6.8453558739 28.8111111111
7.65 7.85 7.75 7.75 7.75 7.75 7.65 7 7.65 7.55 7.65 7.85 30.4 7.75 7.65 6.95 6.85 NaN 7.75 7.55 NaN NaN NaN NaN NaN NaN NaN NaN NaN NaN NaN NaN NaN NaN NaN NaN 6.15 9.6 6.25 6.35 30.32891678 30.647996552 6.65 20.7786681507 7.45 3.4183739396 6.75 6.65 7.05 7.25 18.0666666667 30.9570224301 30.29071197 30.2205792798 30.3094922192 23.1222222222 7.7 6.6 30.65 7.25 30.4013740557 17.25 30.65 7.5235829038 20.12568603 7.15 7.25 6.55 5.85 6.05 26.9666666667 30.8333333333 30.4 5.3570224301
NaN NaN NaN NaN NaN 7 7.65 7.35 7.35 7.45 12.55 10.05 8.05 18.15 7.95 6.85 6.35 NaN NaN NaN NaN NaN NaN NaN NaN NaN NaN NaN NaN NaN NaN NaN NaN NaN NaN NaN NaN NaN NaN 6.45 6.35 6.95 5.95 6.15 30.2380952381 3.3 6.65 6.55 7.3108185325 9.75 7.05 11.7084518793 30.5 8.3084518793 30.3134491708 13.7635231517 30.6 30.4 7.25 9.75 7.15 22.25 7.05 7.35 9.65 6.85 6.85 9.65 12.25 6.55 10.0111111111 4.5333333333 6.05 6.45
NaN NaN NaN NaN NaN NaN NaN 7.35 7.35 7.45 3.2 7.55 7.45 7.65 7.75 NaN NaN NaN NaN NaN NaN 5.5 NaN NaN NaN NaN NaN NaN 7.15 7.15 NaN NaN NaN NaN NaN NaN NaN NaN NaN 6.35 6.15 6.75 6.05 5.95 6.55 6.75 7.1 6.25 6.25 6.55 7.05 25.3969040394 21.19071197 30.6666666667 30.6761904762 13.2777777778 12.45 12.35 6.3 9.85 6.85 30.1188440482 7.086310514 7.35 6.95 30.49071197 18.5380712638 13.3101516281 10.3716618094 8.4761904762 6.55 6.85 30.2384487607 4.2094922192
NaN NaN NaN NaN NaN NaN NaN NaN NaN 7.45 7.45 7.55 7.75 7.35 NaN 10.05 NaN NaN 7.65 NaN 5.2 5.6 NaN NaN NaN NaN NaN 7.15 7.05 7.25 NaN NaN NaN NaN NaN NaN NaN NaN NaN 6.05 12.2555555556 6.15 6.05 6.35 6.25 6.45 6.55 6.35 6.65 18.1 6.65 15.0166666667 30.4111111111 30.2570224301 30.747996552 30.6681050248 5.5081667897 30.7477647286 30.5 7.35 7.45 14.75 6.95 7.25 5.3941262079 4.5245006541 7.15 7.15 8.6237619586 7.1777777778 1.5635231517 1.3450715499 7.05 6.45
NaN NaN NaN NaN NaN NaN NaN NaN NaN NaN NaN NaN NaN 7.45 7.75 27.55 30.35 5.6 NaN NaN 5.5 5.7 5.7 5.6 10.25 NaN 7.25 7.35 7.15 9.55 6.85 NaN NaN NaN NaN NaN NaN NaN NaN 6.05 15.3555555556 6.25 6.05 6.35 6.35 6.55 6.55 22.9 7.25 1.4 30.3635231517 21.4726779369 6.7333333333 30.3333333333 30.6666666667 29.1537203881 4.0267895821 30.698142394 6.7108185325 7.05 3.5 30.7 22.5710636516 10.35 30.3091218061 12.9375594364 7.15 17.55 6.1694840324 6.65 6.25 6.45 6.55 6.55
NaN NaN NaN NaN NaN NaN NaN NaN NaN NaN NaN NaN NaN NaN 7.45 10.25 7.45 5.3 NaN 5.2 5.4 5.5 5.2 5.9 12.95 20.35 17.6 7.35 6.75 9.85 14.65 6.85 NaN NaN NaN NaN NaN NaN NaN NaN NaN NaN NaN NaN NaN 6.25 6.65 8.8 7.55 10.3 4.14984391 30.9513641714 30.2666666667 30.4 3.3 22.2333333333 12.25 4.0333333333 7.55 7.65 7.75 9.95 10.15 12.0165163336 7.15 7.05 7.35 6.55 30.1192754236 15.1188440482 6.35 6.35 6.25 6.35
NaN NaN NaN NaN NaN NaN NaN NaN NaN NaN 7.25 22.35 7.15 7.05 6.85 7.45 7.55 5.1 5.3 5.5 5.4 5.4 5.5 5 5.2 4.65 8.1 7.15 7.05 9.55 7.05 6.95 NaN NaN NaN NaN NaN NaN NaN NaN NaN NaN NaN NaN NaN NaN 7.25 17.8 7.55 9.2 15.8289342698 7.15 14.3205792798 12.05 6.85 4.3333333333 5.9537203881 7.05 7.15 28.8 7.85 13.05 7.45 9.0564102564 7.05 30.4666666667 21.5 2.0084518793 1.5901371761 6.75 4.0067245426 6.65 18.5 28.4
NaN NaN NaN NaN NaN NaN NaN NaN NaN NaN 7.35 10 7.55 10.15 7.35 17.45 7.25 5.6 5.4 5.1 5.8 5.6 5.4 5.2 5.25 4.75 8.1 12.25 30.3 6.25 6.05 5.2 NaN NaN NaN NaN NaN NaN NaN NaN NaN NaN NaN NaN NaN 7.15 7.25 30.5 12.55 3.6 30.6002805931 7.25 22.45 14.6703703704 4.41898463 7.1333333333 6.95 30.45 7.75 7.65 7.85 9 7.25 1.5242242458 6.85 7.35 7.25 5.2666666667 1.6716618094 6.45 3.4484520197 3 5.9 30.5
NaN NaN NaN NaN NaN NaN NaN NaN NaN NaN 7.65 7.65 11.75 7.55 7.35 7.65 5.3 5.2 5.1 4.7 5.7 5.3 7.9 5.25 4.65 7.1 6.95 5.2 6.35 6.15 6.15 NaN NaN NaN NaN NaN NaN NaN NaN NaN NaN NaN NaN NaN NaN 7.55 14.85 7.25 9.75 7.15 7.45 20.05 7.45 7.15 1.6622501134 22.578511354 30.4333333333 7.55 30.3333333333 30.6222222222 7.95 16.7 30.55 7.35 9.75 7.15 7.25 30.4333333333 6.95 6.65 8.6094922192 6.85 3.3 6.85
NaN NaN NaN NaN NaN NaN NaN NaN NaN NaN 7.55 7.85 7.65 9.95 7.45 5.3 5.4 4.9 5.2 5.3 5.4 5.65 5.25 4.55 4.75 7.2 5.2 6.45 6.15 6.05 6.15 NaN NaN NaN NaN NaN NaN NaN NaN NaN NaN NaN NaN NaN NaN NaN 1 7.05 7.35 7.55 6.85 6.75 12.65 7.25 1.5703703704 4.5333333333 7.05 8.0666666667 7.85 10.45 9.9 6.5 11.4 7.25 4.0108185325 6.95 6.85 6.95 9.5333333333 19.9666666667 6.45 5.9660289775 10.05 6.45
NaN NaN NaN NaN NaN NaN NaN NaN NaN NaN 5.7 5 5.4 5.6 5.7 6.2 6.4 5 5.2 5.55 5.35 5.45 4.65 5.25 5.65 20 6.35 6.35 6.25 NaN NaN NaN NaN NaN NaN NaN NaN NaN NaN NaN NaN NaN NaN NaN NaN NaN NaN NaN 7.15 12.35 7.05 9.55 30.4 4.0380952381 1.4703703704 12.0333333333 7.05 7.15 6.4615508071 6.635702243 8.25 25.35 15.4 24.95 7.45 30.2450715499 12.25 6.75 9.4333333333 4.978511354 6.65 6.55 7.35 20.15
NaN NaN NaN NaN NaN NaN NaN NaN NaN 5.6 6.1 5.1 5.5 5.5 5.45 5.95 5.65 5.55 5.25 5.55 5.35 5.35 5.75 5.35 5.15 5.85 6.05 6.05 6.25 NaN NaN NaN NaN NaN NaN NaN NaN NaN NaN NaN NaN NaN NaN NaN NaN NaN NaN NaN NaN NaN 7.15 1.2 6.85 7.7374901471 1.4681050248 7.2084518793 1 6.95 6.85 6.75 30.05 7.85 30.45 30.1 6.65 7.05 7.15 7.15 7.05 30.7 9.65 7.75 10.35 7.65
NaN NaN NaN NaN NaN NaN NaN NaN NaN 8.25 28.55 7.65 5.3 30.6 5.95 5.55 5.55 5.35 5.35 5.45 5.35 5.25 5.15 5.65 5.65 5.45 6.75 6.15 6.35 NaN NaN NaN NaN NaN NaN NaN NaN NaN NaN NaN NaN NaN NaN NaN NaN NaN NaN NaN NaN NaN 6.65 6.95 6.75 1.5635231517 7.85 30.2453558739 30.1333333333 6.278511354 1.6969040394 1.398142394 10.35 15.45 10.55 3.4 6.55 7.45 7.65 7.05 7.25 30.59071197 30.4333333333 12.8666666667 4.2533326691 30.1450715499
NaN NaN NaN NaN NaN NaN NaN NaN NaN 30.25 18.25 7.95 15.25 10.4 10.2 5.95 5.65 5.55 5.25 5.25 5.15 5.15 5.45 5.55 5.45 5.65 3.9 6.25 6.65 NaN NaN NaN NaN NaN NaN NaN NaN NaN NaN NaN NaN NaN NaN NaN NaN NaN NaN NaN NaN NaN 7.2108185325 3.9618913743 7.25 6.8134491708 12.15 4.2666666667 9.7540925512 23.9 7.05 14.3615508071 1.335702243 7.95 8.15 5.6 6.95 10.45 7.95 7.65 8.15 7.95 7.85 7.95 7.35 12.55
NaN NaN NaN NaN NaN NaN NaN NaN NaN 7.95 13.05 7.65 10.4 7.6 7.5 5.75 5.35 5.55 5.55 5.65 5.35 5.45 5.55 5.05 5.75 5.15 4.1 4.6 6.85 6.55 NaN NaN NaN NaN NaN NaN NaN NaN NaN NaN NaN NaN NaN NaN NaN NaN NaN NaN NaN NaN NaN 7.25 7.55 7.35 22.95 10.15 7.05 12.9666666667 6.95 4.4615508071 8.35 7.95 30.05 12.05 3.2 7.25 26.3 17.25 7.85 7.95 7.95 11.3 6.9084518793 1.5928371643
NaN NaN NaN NaN NaN NaN NaN NaN NaN NaN 7.75 7.5 7.5 6.8 5.75 5.55 5.45 5.45 5.65 5.55 14.7 5.55 5.35 5.45 5.75 5.55 4.5 4.6 12.05 6.65 NaN NaN NaN NaN NaN NaN NaN NaN NaN NaN NaN NaN NaN NaN NaN NaN NaN NaN NaN NaN NaN NaN 7.75 7.65 8.25 9.6084518793 8.05 7.15 7.15 16.4923526966 8.15 10.45 30.55 7.95 30.05 8.45 7.95 8.05 12.85 7.95 12.75 10.25 3.7570224301 12.55
NaN NaN NaN NaN NaN NaN NaN NaN NaN NaN NaN NaN 7.4 7.8 5.35 5.85 5.65 5.75 5.25 5.55 30.5 5.35 5.35 5.75 5.45 5.45 4.4 4.3 4.3 NaN NaN NaN NaN NaN NaN NaN NaN NaN NaN NaN NaN NaN NaN NaN NaN NaN NaN NaN NaN NaN NaN NaN 9.0590193633 15.55 10.25 7.75 7.75 7.75 16.7635231517 30.3222222222 4.2 8.05 12.95 8.15 8.15 7.95 7.75 7.75 7.95 7.85 1.6726779369 4.3666666667 7.85 8.35
NaN NaN NaN NaN NaN NaN NaN NaN NaN NaN NaN NaN NaN NaN 5.55 5.75 5.55 5.75 5.45 5.75 9.7 5.25 NaN NaN NaN NaN NaN NaN NaN NaN NaN NaN NaN NaN NaN NaN NaN NaN NaN NaN NaN NaN NaN NaN NaN NaN NaN NaN NaN NaN NaN NaN 1.4969040394 20.25 10.55 20.45 7.95 1.3202728564 30.1021130107 8.9 8.15 8.25 8.25 10.45 7.85 30.4 12.85 7.65 8.15 30.35 15.65 14.85 12.15 12.95
NaN NaN NaN NaN NaN NaN NaN NaN NaN NaN NaN NaN NaN NaN NaN 5.55 7.1 5.55 5.85 5.25 5.25 NaN NaN NaN NaN NaN NaN NaN NaN NaN NaN NaN NaN NaN NaN NaN NaN NaN NaN NaN NaN NaN NaN NaN NaN NaN NaN NaN NaN NaN NaN NaN 7.25 7.65 7.75 7.95 8.05 30.45 7.05 7.25 30.35 7.95 13.05 6.4 7.75 30.95 28.15 10.55 7.95 12.85 7.95 7.65 6.81898463 7.25
NaN NaN NaN NaN NaN NaN NaN NaN NaN NaN NaN NaN NaN NaN NaN 5.35 5.35 5.45 5.65 NaN NaN NaN NaN NaN NaN NaN NaN NaN NaN NaN NaN NaN NaN NaN NaN NaN NaN NaN NaN NaN NaN NaN NaN NaN NaN NaN NaN NaN NaN NaN NaN NaN NaN NaN NaN 8.05 7.95 10.45 30.05 4.2 31 8.05 30.25 16.5 30.15 7.85 10.45 7.85 7.85 10.35 8.05 3.9758686137 12.75 9.65
NaN NaN NaN NaN NaN NaN NaN NaN NaN NaN NaN NaN NaN NaN NaN 5.25 5.25 5.25 NaN NaN NaN NaN NaN NaN NaN NaN NaN NaN NaN NaN NaN NaN NaN NaN NaN NaN NaN NaN NaN NaN NaN NaN NaN NaN NaN NaN NaN NaN NaN NaN NaN NaN NaN 7.75 7.75 22.35 20.05 30.6 6.8 30.4 10.65 30.9 7.85 10.35 7.95 7.85 17.85 7.75 6.5 10.35 7.65 8.15 10.35 28.25
NaN NaN NaN NaN NaN NaN NaN NaN NaN NaN NaN NaN NaN NaN NaN NaN NaN NaN NaN NaN NaN NaN NaN NaN NaN NaN NaN NaN NaN NaN NaN NaN NaN NaN NaN NaN NaN NaN NaN NaN NaN NaN NaN NaN NaN NaN NaN NaN NaN NaN NaN NaN NaN 7.85 23.15 30.7 30.35 6.9 30.45 16.7 8.05 10.75 19.2 4 10.65 7.95 7.85 8.05 10.75 18.15 7.95 8.05 30.35 30.65
NaN NaN NaN NaN NaN NaN NaN NaN NaN NaN NaN NaN NaN NaN NaN NaN NaN NaN NaN NaN NaN NaN NaN NaN NaN NaN NaN NaN NaN NaN NaN NaN NaN NaN NaN NaN NaN NaN NaN NaN NaN NaN NaN NaN NaN NaN NaN NaN NaN NaN NaN NaN NaN NaN NaN NaN NaN NaN NaN NaN NaN NaN NaN 7.65 7.95 7.75 7.85 7.65 7.75 20.45 7.95 7.85 7.95 7.75
