Outfile_3.asc
ncols         201
nrows         151
xllcorner     733748.947016
yllcorner     2561541.418206
cellsize      137.483444
NODATA_value  -9999
[rows 0 to 36 of 151, columns 0 to 83 of 201]
-9999 -9999 -9999 -9999 -9999 -9999 -9999 -9999 -9999 -9999 -9999 -9999 -9999 -9999 -9999 -9999 -9999 -9999 -9999 -9999 -9999 -9999 -9999 -9999 -9999 -9999 -9999 -9999 -9999 -9999 -9999 -9999 -9999 -9999 -9999 -9999 -9999 -9999 -9999 -9999 7.1 -9999 -9999 -9999 7.9 7.8 -9999 -9999 -9999 -9999 -9999 -9999 -9999 -9999 -9999 -9999 -9999 -9999 -9999 -9999 -9999 -9999 -9999 -9999 -9999 -9999 -9999 -9999 -9999 -9999 -9999 -9999 -9999 -9999 -9999 -9999 -9999 -9999 -9999 -9999 -9999 -9999 -9999 -9999
-9999 -9999 -9999 -9999 -9999 -9999 -9999 -9999 -9999 -9999 -9999 -9999 -9999 -9999 -9999 -9999 -9999 -9999 -9999 -9999 -9999 -9999 -9999 -9999 -9999 -9999 -9999 -9999 -9999 -9999 -9999 -9999 -9999 -9999 -9999 -9999 -9999 -9999 -9999 13.6 8.4 30.7 23.6 8.2 7.9 7.8 7.9 -9999 -9999 -9999 -9999 -9999 -9999 -9999 -9999 -9999 -9999 -9999 -9999 -9999 -9999 -9999 -9999 -9999 -9999 -9999 -9999 -9999 -9999 -9999 -9999 -9999 -9999 -9999 -9999 -9999 -9999 -9999 -9999 -9999 -9999 -9999 -9999 -9999
-9999 -9999 -9999 -9999 -9999 -9999 -9999 -9999 -9999 -9999 -9999 -9999 -9999 -9999 -9999 -9999 -9999 -9999 -9999 -9999 -9999 -9999 -9999 -9999 -9999 -9999 -9999 -9999 -9999 -9999 -9999 -9999 -9999 -9999 -9999 -9999 -9999 -9999 -9999 8.6 9.1 30.5 11.1 18.5 10.9 8.3 8.3 10.6 8 8.1 8 10.6 18.3 8.1 7.9 -9999 -9999 -9999 -9999 -9999 -9999 -9999 -9999 -9999 -9999 -9999 -9999 -9999 -9999 -9999 -9999 -9999 -9999 -9999 -9999 -9999 -9999 -9999 -9999 -9999 -9999 -9999 -9999 -9999
-9999 -9999 -9999 -9999 -9999 -9999 -9999 -9999 -9999 -9999 -9999 -9999 -9999 -9999 -9999 -9999 -9999 -9999 -9999 -9999 -9999 -9999 -9999 -9999 -9999 -9999 -9999 -9999 -9999 -9999 -9999 -9999 -9999 -9999 -9999 -9999 -9999 -9999 -9999 15.8 30.6 30.4 8.8 16 21.1 11.2 10.9 13.1 8.2 8.1 7.9 13 10.5 8.6 8.1 10.6 -9999 -9999 -9999 -9999 -9999 -9999 -9999 -9999 -9999 -9999 -9999 -9999 -9999 -9999 -9999 -9999 -9999 8.3 10.6 8.1 -9999 -9999 -9999 -9999 -9999 -9999 -9999 -9999
-9999 -9999 -9999 -9999 -9999 -9999 -9999 -9999 -9999 -9999 -9999 -9999 -9999 -9999 -9999 -9999 -9999 -9999 -9999 -9999 -9999 -9999 -9999 -9999 -9999 -9999 -9999 -9999 -9999 -9999 -9999 -9999 -9999 -9999 -9999 -9999 -9999 30.1 16.1 8.6 9.2 20.9 30.3 8.6 13.6 13.3 16 18.7 30.6 30.1 8.3 11 11 23.9 8.8 17.6 -9999 -9999 -9999 -9999 -9999 -9999 -9999 -9999 -9999 -9999 -9999 -9999 -9999 -9999 -9999 -9999 10.7 8.1 30.6 18.5 -9999 -9999 -9999 -9999 -9999 -9999 -9999 -9999
-9999 -9999 -9999 -9999 -9999 -9999 -9999 -9999 -9999 -9999 -9999 -9999 -9999 -9999 -9999 -9999 -9999 -9999 -9999 -9999 -9999 -9999 -9999 -9999 -9999 -9999 -9999 -9999 -9999 -9999 -9999 -9999 -9999 -9999 -9999 -9999 -9999 11.1 30.5 21.6 11.3 30.4 13.3 10.9 8.1 8.1 8 30.3 18.3 15.1 7.6 9.9 30.3 13.6 30.1 10.9 -9999 -9999 -9999 -9999 -9999 -9999 -9999 -9999 -9999 -9999 -9999 -9999 -9999 30.6 8.3 30.5 7.9 10.7 25.8 15.6 8 -9999 -9999 -9999 -9999 -9999 -9999 -9999
-9999 -9999 -9999 -9999 -9999 -9999 -9999 -9999 -9999 -9999 -9999 -9999 -9999 -9999 -9999 -9999 -9999 -9999 -9999 -9999 -9999 -9999 -9999 -9999 -9999 -9999 -9999 -9999 -9999 -9999 -9999 -9999 -9999 -9999 -9999 -9999 -9999 21.3 10.8 8.6 8.3 30.3 30.2 30.6 13.6 13.1 30.4 30.4 7.1 7 7.3 7.2 7.7 10.6 8.2 7.9 -9999 -9999 -9999 -9999 -9999 -9999 -9999 -9999 -9999 -9999 -9999 10.7 30.5 18.3 30.5 30.6 8.5 30.1 8.1 7.8 8.2 -9999 -9999 -9999 -9999 -9999 -9999 -9999
-9999 -9999 -9999 -9999 -9999 -9999 -9999 -9999 -9999 -9999 -9999 -9999 -9999 -9999 -9999 -9999 -9999 -9999 -9999 -9999 -9999 -9999 -9999 -9999 -9999 -9999 -9999 -9999 -9999 -9999 -9999 -9999 -9999 -9999 -9999 -9999 -9999 30.2 26.2 30.4 18.9 8.6 13.4 8.1 10.8 8.7 12.7 15.1 7.5 12.5 7.4 7.5 6.9 6.6 13.3 8 -9999 -9999 -9999 -9999 -9999 -9999 -9999 -9999 -9999 -9999 21 23.6 30.8 8.1 28.3 8.4 8.4 13.7 20.6 7.9 25.7 -9999 -9999 -9999 -9999 -9999 -9999 -9999
-9999 -9999 -9999 -9999 -9999 -9999 -9999 -9999 -9999 -9999 -9999 -9999 -9999 -9999 -9999 -9999 -9999 -9999 -9999 -9999 -9999 -9999 -9999 -9999 -9999 -9999 -9999 -9999 -9999 -9999 -9999 -9999 -9999 -9999 -9999 -9999 -9999 30 30.6 10.6 8.4 8.4 10.8 10.5 7.9 7.1 7.3 7.1 12.5 7.5 17.5 30.2 30.5 6.4 7.5 -9999 -9999 -9999 -9999 -9999 -9999 -9999 -9999 -9999 -9999 8.1 8.5 13.3 31 8.1 10.7 8.6 15.9 8 30.2 30.9 8.1 3 -9999 -9999 -9999 -9999 -9999 -9999
-9999 -9999 -9999 -9999 -9999 -9999 -9999 -9999 -9999 -9999 -9999 -9999 -9999 -9999 -9999 -9999 -9999 -9999 -9999 -9999 -9999 -9999 -9999 -9999 -9999 -9999 -9999 -9999 -9999 -9999 -9999 -9999 -9999 -9999 -9999 -9999 8.3 30.4 30.4 13.4 28.2 8.4 8.4 12.4 7.2 7.2 7.1 7.4 7.3 10.1 10 7.8 7.2 7 7 7.3 -9999 -9999 -9999 -9999 -9999 -9999 -9999 -9999 -9999 8.1 8.1 8 18.8 8.3 8 10.7 8.7 30.2 10.4 26 18.7 10.5 -9999 -9999 -9999 -9999 -9999 -9999
-9999 -9999 -9999 -9999 -9999 -9999 -9999 -9999 -9999 -9999 -9999 -9999 -9999 -9999 -9999 -9999 -9999 -9999 -9999 -9999 -9999 -9999 -9999 -9999 -9999 -9999 -9999 -9999 -9999 -9999 -9999 -9999 -9999 -9999 -9999 15.6 8.3 8 10.9 30.4 10.8 25.9 9.9 7.3 9.8 7.1 7.1 7 7.4 22.6 7.3 12.4 12.5 6.7 6.4 6.6 -9999 -9999 -9999 -9999 -9999 -9999 -9999 -9999 18.3 28.4 12.9 22.1 30.1 7.6 7.8 7.8 8.1 6.2 8.1 10.5 10.9 30.6 8 -9999 -9999 -9999 -9999 -9999
-9999 -9999 -9999 -9999 -9999 -9999 -9999 -9999 -9999 -9999 -9999 -9999 -9999 -9999 -9999 -9999 -9999 -9999 -9999 -9999 -9999 -9999 -9999 -9999 -9999 -9999 -9999 -9999 -9999 -9999 -9999 -9999 -9999 -9999 -9999 8 30.2 30.5 8.2 30.3 7.8 7.1 14.8 7.7 10 16.8 17.3 9.8 7.7 5.9 9.9 7.1 7.4 6.6 6.6 6.4 -9999 -9999 -9999 9.9 7.4 8 30.2 30.8 7.9 30.3 8 8.6 15.7 25.8 10.3 7.7 7.8 20.8 13.4 12.7 8.1 30.9 13.3 -9999 -9999 -9999 -9999 -9999
-9999 -9999 -9999 -9999 -9999 -9999 -9999 -9999 -9999 -9999 -9999 -9999 -9999 -9999 -9999 -9999 -9999 -9999 -9999 -9999 -9999 -9999 -9999 -9999 -9999 -9999 -9999 -9999 -9999 -9999 -9999 -9999 -9999 -9999 -9999 8.3 22.9 10.3 7.9 8 14.6 9.8 7 9.8 7.2 6.5 6.4 6.6 7.4 9.8 30.4 7.5 7.4 7.4 5.8 6.4 6.3 -9999 -9999 7.1 7.5 8.2 7.9 18.6 9 7.9 7.8 8 15.6 10.5 7.8 13.1 10.2 7.9 10.7 23 10.7 10.8 8.3 18.1 -9999 -9999 -9999 -9999
-9999 -9999 -9999 -9999 -9999 -9999 -9999 -9999 -9999 -9999 -9999 -9999 -9999 -9999 -9999 -9999 -9999 -9999 -9999 -9999 -9999 -9999 -9999 -9999 -9999 -9999 -9999 -9999 -9999 -9999 -9999 -9999 -9999 -9999 8.2 30.5 8 6.9 7 6.6 6.7 6.8 6.6 7 6.8 6.1 6.8 6.6 30.5 7.4 7.2 7.5 27 7.3 6.3 6.4 6.3 7 -9999 7.3 9.8 8.2 15.9 8.1 7.8 30.5 7.8 30.5 18.2 17.3 7.7 8.2 15.5 8 30.5 10.4 30.5 8.1 8.2 15.7 8 -9999 -9999 -9999
-9999 -9999 -9999 -9999 -9999 -9999 -9999 -9999 -9999 -9999 -9999 -9999 -9999 -9999 -9999 -9999 -9999 -9999 -9999 -9999 -9999 -9999 -9999 -9999 -9999 -9999 -9999 -9999 -9999 -9999 -9999 -9999 -9999 8 9.8 9.9 27.7 9.6 7 6.9 6.8 7.2 6.9 5.9 6.9 6.8 7.3 30.1 29.5 30.9 7.5 25.5 15.6 30.5 6.5 6.4 5.8 17 30.2 7.2 7.4 9.6 10.7 8.1 7.8 7.9 7.7 7.8 10.4 8 7.8 8.2 7.7 8 8.2 30.5 10.8 8.1 8.2 8 8 30.2 8.4 30.2
-9999 -9999 -9999 -9999 -9999 -9999 -9999 -9999 -9999 -9999 -9999 -9999 -9999 -9999 -9999 -9999 -9999 -9999 -9999 -9999 -9999 -9999 -9999 -9999 -9999 -9999 -9999 -9999 -9999 -9999 -9999 -9999 -9999 17.2 7 7.3 6.8 6.8 16 6.7 6.9 6.9 22.4 30.4 6.8 6.8 6.8 14.3 12.9 3.1 30.5 7.7 9.9 10.1 23.5 6.4 30.4 6.8 7.6 7.3 15 8.1 8.1 10.7 10.4 8.2 13.1 7.9 13.1 30.5 10.7 8.2 8 10.7 8 21.1 8 8.4 8.4 10.6 8.1 8.2 21 10.7
-9999 -9999 -9999 -9999 -9999 -9999 -9999 -9999 -9999 -9999 -9999 -9999 -9999 -9999 -9999 -9999 -9999 -9999 -9999 -9999 -9999 -9999 -9999 -9999 -9999 -9999 -9999 -9999 -9999 -9999 -9999 -9999 -9999 7.8 9.9 7.1 7.1 7.1 7.2 6 30.5 30.5 30.6 8.4 6.9 30.6 6.9 6.5 30.5 30.7 30.4 30.5 7.5 7.5 31.2 31 30.4 30.6 6.1 6.9 23 8.2 28 10.8 12.9 7.9 28.1 7.9 8 7.9 10.7 8 10.5 13.2 8.2 8.1 30.4 7.7 10.6 8.1 8.3 8.4 15.7 8.4
-9999 -9999 -9999 -9999 -9999 -9999 -9999 -9999 -9999 -9999 -9999 -9999 -9999 -9999 -9999 -9999 -9999 -9999 -9999 -9999 -9999 -9999 -9999 -9999 -9999 -9999 -9999 -9999 -9999 -9999 -9999 -9999 7.1 7.2 6.8 6.9 7 6.9 7.3 7 9.7 6.8 6.9 7.1 3.8 6.7 6.5 6.9 19.4 5 30.4 30.5 17.3 5.8 6.9 30.3 6.4 6.1 6.2 6.9 7.4 8 7.2 30.5 7.8 7.9 7.8 7.6 7.9 8.1 8.1 30.1 7.8 7.6 17.9 15.3 10.1 7.6 10.5 8.3 7.3 10.7 7.7 7.1
-9999 -9999 -9999 -9999 -9999 -9999 -9999 -9999 -9999 -9999 -9999 -9999 -9999 -9999 -9999 -9999 -9999 -9999 -9999 -9999 -9999 -9999 -9999 -9999 -9999 -9999 -9999 -9999 -9999 -9999 -9999 9.6 15.2 6.9 6.8 9.6 6.8 6.7 30.5 6.8 7 7.1 7.3 7.3 1.4 30.3 1.4 6.7 5.7 5.9 6.2 5.9 6.8 7.6 6.8 6.3 6.5 6.3 6.5 5.4 6.4 7.4 10 7.4 7.7 8.2 7.9 30.1 23.1 8.1 7.8 7.9 18.3 17.1 13.4 30.6 19.3 10.2 17.9 7.8 7.1 7.5 7.2 6.9
-9999 -9999 -9999 -9999 -9999 -9999 -9999 -9999 -9999 -9999 -9999 -9999 -9999 -9999 -9999 -9999 -9999 -9999 -9999 -9999 -9999 -9999 -9999 -9999 -9999 -9999 -9999 -9999 -9999 -9999 -9999 7.2 9.8 6.6 6.7 7.1 6.7 6.7 6.6 6.9 6.4 9.4 6.6 3.9 6.4 30.4 4 6.8 16.6 6.3 3.6 6.3 6 6.6 5.8 6.2 30.2 6.5 6 5.9 6 6.5 7 7.1 8.1 30.7 30.7 7.9 8.1 7.9 7.7 7.8 5.1 8.1 11.8 3.4 12.4 12.7 30.6 7.7 7.8 7.2 7.3 7.1
-9999 -9999 -9999 -9999 -9999 -9999 -9999 -9999 -9999 -9999 -9999 -9999 -9999 -9999 -9999 -9999 -9999 -9999 -9999 -9999 -9999 -9999 -9999 -9999 -9999 -9999 -9999 -9999 -9999 -9999 6.9 27.5 7.2 6.7 6.7 6.8 7 6.7 7 6.6 30.9 6.9 10.4 30.2 3.4 7 12.9 8.4 6.8 30.8 30.5 6.7 6.3 6.3 15.5 5.8 5.7 21.2 6.2 5.9 5.8 6.2 9.8 30.9 20.6 14.1 30.2 13 7.8 10.4 23.6 30.3 18.2 12.1 7.7 7.7 30.2 7.4 7.8 30.7 6 9.8 30.3 16.1
-9999 -9999 -9999 -9999 -9999 -9999 -9999 -9999 -9999 -9999 -9999 -9999 -9999 -9999 -9999 -9999 -9999 -9999 -9999 -9999 -9999 -9999 -9999 -9999 -9999 -9999 -9999 -9999 -9999 -9999 7.3 7.5 3.3 6.7 7 6.7 7 6.8 6.8 10.7 7.2 6.8 30.3 23.1 30.2 30.5 5.7 5.7 5.9 6.5 6.1 3.5 6.1 -9999 5.3 6 5.6 3.9 6.4 6.6 5.1 -9999 7 19.9 7 8.2 30.4 30.4 13.3 10.3 7.9 30.4 7.8 7.2 10.1 7.5 7.5 30.2 10.1 30.7 7.1 6.9 16.7 30.5
-9999 -9999 -9999 -9999 -9999 -9999 -9999 -9999 -9999 -9999 -9999 -9999 -9999 -9999 -9999 -9999 -9999 -9999 -9999 -9999 -9999 -9999 -9999 -9999 -9999 -9999 -9999 -9999 -9999 7.3 7 30.6 6.7 6.5 23.9 6.7 7.9 30.8 6.3 27.5 6.6 7.2 6.3 6.7 30.8 29.2 19.9 6.5 24.4 6.4 5.9 5.7 6.3 10.7 6.5 6.7 6.1 6 6.1 5.7 6.3 -9999 6.2 6.4 30.2 3.5 30.3 8 7.8 21.7 7.9 10.5 7.4 7.7 12.5 7.7 7.2 7.3 22.8 10.5 30.4 30.4 30.7 30.9
-9999 -9999 -9999 -9999 -9999 -9999 -9999 -9999 -9999 -9999 -9999 -9999 -9999 -9999 -9999 -9999 -9999 -9999 -9999 -9999 -9999 -9999 -9999 -9999 -9999 -9999 -9999 -9999 7.5 7.4 7.7 7.1 7 6.8 6.7 6.8 6.9 6.7 6.6 6.6 30.7 6 6.2 6.4 6.5 13.9 30.3 6 6.3 6.2 6.3 6.1 6.3 6.5 30.4 6.2 6.7 6.1 5.9 6.1 6.5 9.2 6 6.2 -9999 6.9 14.3 10.3 5.8 11.8 7.8 10.5 7.9 7.6 7.4 7.5 7.5 30.1 26.3 30.6 26.1 3.3 30.5 30.3
-9999 -9999 -9999 -9999 -9999 -9999 -9999 -9999 -9999 -9999 -9999 -9999 -9999 -9999 -9999 -9999 -9999 -9999 -9999 -9999 -9999 -9999 -9999 -9999 -9999 -9999 -9999 7.5 9.7 9.8 20 7 6 22.3 6.5 5.3 15.1 6.7 6 6.2 6.1 30.6 6.2 11 6.4 8 5.7 6.8 6.6 30.3 6.6 6.4 6.5 6.6 4.1 6.5 6.5 6.5 30.3 6.3 30.5 7.4 6.4 6.4 7.2 6.1 5.4 7.9 7.7 1.2 4.3 30.2 8.8 8 13 18.2 15.8 7.2 30.3 6.1 21.4 30.8 7.2 30.4
-9999 -9999 -9999 -9999 -9999 -9999 -9999 -9999 -9999 -9999 -9999 -9999 -9999 -9999 -9999 -9999 -9999 -9999 -9999 -9999 -9999 -9999 -9999 -9999 -9999 -9999 30.3 30.1 6.5 6.6 22.5 7 6.3 6.1 6.6 6.8 6.9 7.1 6.2 6.5 17.3 6.2 5 10.4 30.1 12.9 6.1 6.4 6.6 6.2 3.2 6.1 6.5 6.3 3.8 6.8 1.6 6.3 6.3 5.9 6.2 30.4 6 24.4 7.1 19.8 7.2 7 15 3.2 20.3 10.8 7.9 7.9 30.5 8 25.5 7.6 30.3 7.3 30.5 28.5 17.9 6.3
-9999 -9999 -9999 -9999 -9999 -9999 -9999 -9999 -9999 -9999 -9999 -9999 -9999 -9999 -9999 -9999 -9999 -9999 -9999 -9999 -9999 -9999 -9999 -9999 -9999 6.2 6.3 6.7 6.4 6.5 6.9 7 6.3 6.5 5.9 6.9 7 6 5.9 6 6.1 6 7.1 15.4 6.2 29.6 30.5 6.1 6.5 6.3 6.6 6.3 6.1 6.4 1.4 30.4 5.3 5.4 5.3 5.4 5.4 5.8 9.8 17.7 6.3 5.9 6.2 9.2 30.4 3.4 30.6 20 24 7.9 8.1 10.5 14.2 7.5 7.7 6.9 19.9 30.8 30.9 8.6
-9999 -9999 -9999 -9999 -9999 -9999 -9999 -9999 -9999 -9999 -9999 -9999 -9999 -9999 -9999 -9999 -9999 -9999 -9999 -9999 -9999 -9999 -9999 -9999 -9999 6.4 6.4 6.5 6.6 6.6 6.1 6.1 6.2 6.1 6.1 8.1 6.8 6.8 5.9 3.7 6.4 20.5 6.1 5.2 18.1 30.5 5.3 6.4 7.8 24.8 6.5 5.3 6.3 26.9 10.8 5.7 5.5 5.7 5.3 5.1 5.4 5 30.2 6.1 6.4 6.4 6.4 6 6.1 21.8 7.1 7.5 7.8 7.3 30.4 5.9 30.6 25.4 13.4 7.4 10.8 8.7 6 10.4
-9999 -9999 -9999 -9999 -9999 -9999 -9999 -9999 -9999 -9999 -9999 -9999 -9999 -9999 -9999 -9999 -9999 -9999 -9999 -9999 -9999 -9999 -9999 -9999 6.2 6.3 6.8 6.4 6.8 6.3 6.1 6.1 6.1 6.3 6.5 6.9 6.7 7 6.9 6.4 6.1 5.9 27.7 1.3 15.9 30.7 30.3 5.7 15.7 6.5 30.5 3.8 14.4 6.2 30.5 5.7 5.3 6.2 5.4 5.2 5.3 5 5.3 6.2 30.6 5.8 6.4 6.2 6.4 7.2 7 7.3 30.7 30.2 7.3 7.6 30.4 7.2 3.3 7.2 30.6 3.4 30.7 5.4
-9999 -9999 -9999 -9999 -9999 -9999 -9999 -9999 -9999 -9999 -9999 -9999 -9999 -9999 -9999 -9999 -9999 -9999 -9999 -9999 -9999 -9999 -9999 6.4 6.3 6.6 6.4 6.3 6.8 6.3 6.4 6.4 6.3 5.9 12.2 7.1 6.9 6.8 14.4 6.4 6 22.8 30.4 12.5 14.4 6 8 26.7 1 6.3 6.8 3.1 30.2 5.9 30.5 5.9 30.4 5.7 6.1 5.4 5.4 5.6 5.3 3.7 5.1 5.4 6.1 6.1 5.9 6 6.2 30.2 7.7 30.4 22.7 7.4 8.4 7.6 23.3 19 5.7 8.7 5.5 18
-9999 -9999 -9999 -9999 -9999 -9999 -9999 -9999 -9999 -9999 -9999 -9999 -9999 -9999 -9999 -9999 -9999 -9999 -9999 -9999 -9999 -9999 -9999 6.7 30.5 7.1 6.6 6.8 5.8 5.7 6.2 6.1 5.8 5.9 7.1 7 6.8 7 7 6.3 29.4 5.5 30.5 21.8 8.9 30.4 6 30.4 6.3 6.6 6.8 6.1 6.1 6.2 10.6 5.9 5.6 5.6 6.1 5.6 19.8 5.8 5 5.1 5.9 5.7 5.3 6 6.2 6 6.3 30.5 12.9 12.8 10 7.2 7.6 30.5 30.6 5.6 30.5 30.5 26 15.4
-9999 -9999 -9999 -9999 -9999 -9999 -9999 -9999 -9999 -9999 -9999 -9999 -9999 -9999 -9999 -9999 -9999 -9999 -9999 -9999 -9999 -9999 6.1 30.5 30.8 5.9 30.4 9.2 6.5 25.9 6.1 6.2 5.8 5.9 7.1 6.9 6.7 16.9 9.1 6.2 6.2 6.1 6.2 6.1 18.4 6.7 6.6 30.2 6.5 6.8 11.4 5.9 10.1 6.1 3.4 6.4 5.9 6.7 6.3 5.3 5.5 5.8 1 5.8 5.6 5.9 5.4 6.1 6.5 6.1 6 30.6 6.8 7.5 13.5 13.6 7.5 7.7 6.8 5.7 8.3 8.4 5.9 3.2
-9999 -9999 -9999 -9999 -9999 -9999 -9999 -9999 -9999 -9999 -9999 -9999 -9999 -9999 -9999 -9999 -9999 -9999 -9999 -9999 -9999 -9999 6.1 30.4 6.9 30.1 30.9 1.6 1.2 6.1 6.2 6.3 6.5 6.1 23.5 6.9 6.9 30.4 30.1 5.6 3.2 6.1 6 6 5.2 6.6 1.2 5.8 6.2 6.6 6.7 6.7 6.2 6.6 30.2 12.5 6 5.3 6 5.3 5.6 10.8 5.8 6.2 6 4.8 4.9 5.5 6.2 5.9 6.2 9.9 7.4 7.2 16.2 26.1 16.8 12.4 6.5 5 6.6 5.1 8.3 5.6
-9999 -9999 -9999 -9999 -9999 -9999 -9999 -9999 -9999 -9999 -9999 -9999 -9999 -9999 -9999 -9999 -9999 -9999 -9999 -9999 -9999 -9999 -9999 6.6 6.5 30.6 31 30.5 16.3 3.3 6.8 6.6 6.4 6.3 30.5 29.3 6.6 9.3 6 19.9 5.9 6 3.1 8.4 5.9 30.8 6.1 6.6 6.9 6.6 6.4 6.7 6.7 6.9 7.2 3.2 30.4 5.9 5.8 5.4 6.2 6.2 11.7 5.7 5.4 4.6 5 5.9 5.6 5.9 30.4 10 7.5 12.4 9.9 30.5 8.3 30.5 5.7 10.8 3 6.5 10.7 5.8
-9999 -9999 -9999 -9999 -9999 -9999 -9999 -9999 -9999 -9999 -9999 -9999 -9999 -9999 -9999 -9999 -9999 -9999 -9999 -9999 -9999 -9999 -9999 26.1 6.1 1.6 6.7 6.3 6 5.2 6.4 6.9 6.5 6.8 6.2 5.6 9.1 25.5 15.8 10.3 13.3 3.3 6.4 3.1 1.1 6.3 6.5 6.4 3.1 12.2 6.4 7.4 7.1 6.5 7 7.2 6.9 6.8 5.4 6.2 5.8 5.9 6.1 5.9 5.7 5.2 5.2 6.3 6.3 6.4 6 12.6 30.3 7.7 7.7 17.7 8.2 5.6 30.4 20.4 5.1 5.2 30.3 30.1
-9999 -9999 -9999 -9999 -9999 -9999 -9999 -9999 -9999 -9999 -9999 -9999 -9999 -9999 -9999 -9999 -9999 -9999 -9999 -9999 -9999 5.6 6 5.8 5.7 6.5 6.1 6.2 6.2 6.4 6.2 6.2 6.3 6.6 6.7 1.1 10.8 19.4 7.2 6 6.1 6.7 3.3 1.2 3.1 6.7 7 6.6 6.2 6.5 6.2 6.3 6.5 9.2 6.4 7.1 30.4 6.6 5.8 6.2 6 5.9 5.9 5.9 5.7 5.4 5.5 6.5 5.9 7.5 10.8 7.8 7.7 8 10.3 7.6 7.4 8.3 3.4 10.3 30.4 10.5 3.3 3.3
-9999 -9999 -9999 -9999 -9999 -9999 -9999 -9999 -9999 -9999 -9999 -9999 -9999 -9999 -9999 -9999 -9999 -9999 -9999 30.6 19.1 5.7 6.2 12.2 11.4 8.8 12.2 6.3 6.3 3.2 6.4 6.2 6.1 6.2 6.1 3.1 30.1 5.7 6.5 6.4 3.7 6.5 6.4 3.1 12 6.1 6.5 5.9 5.4 5.6 5.9 6.1 6.1 6.2 30.8 6.1 6.5 5.9 5.4 6.4 6.4 5.6 5.8 5.7 5.4 5.3 5.4 10.6 19.6 7.5 7.6 7.8 10.6 30.3 7.6 12.4 7.6 7.7 30.5 30.5 30.2 8.4 5.3 30.1
