Outfile_1.asc
NCOLS 201
NROWS 151
XLLCORNER 730592.938286
YLLCORNER 2561222.529137
CELLSIZE 145.176046
NODATA_VALUE NaN
[rows 33 to 65 of 151, columns 75 to 149 of 201]
4.65 6.8 7.15 5.7 5.85 5.65 6.6 5.6 5.75 6.4 6.7 5.45 6.8 7.85 8.95 7.6 9.75 10.55 8.9 4.65 4.6 4.5 4.5 4.55 4.4 5.5 5.8 5.8777777778 6.0261904762 8.0166666667 6.5666666667 5.3761904762 5.9277777778 4.4 5.5 10.3893193566 8.4533326691 7.85 10.7540925512 7.25 14.9923333333 5.8111111111 14.9366666667 5.0277777778 5.35 5.8160289775 8.9634491708 6.5584518793 5.9183739396 2.7535234292 7.2 6.95 14.9446666667 5.8611111111 11.9 8.35 9.55 9.5 10.45 10.85 8.15 11.45 10.75 8.05 8.4 8.85 7.9 8.05 9.7 10.75 9.7 12.2 9.3 8.6 NaN
6.2 6.35 7.2 5.5 4.65 6.65 5.5 5.7 6.35 5.8 6.9 6.65 6.65 6.85 15.072 11.7 7.8 9.2 8.2 8.85 9.5 4.55 4.6 4.8 4.8 5.45 4.25 5.8277777778 6.1761904762 7.4 12.7666666667 14.9851904762 9.3777777778 7.85 8.7 7.7564102564 6.0634491708 12.7584518793 12.05 14.1666666667 6.1111111111 5.3166666667 5.2726779369 5.0635231517 5.9811250567 4.9135735976 7.2 14.9726666667 7.65 7.9 7.25 7.1 7.3166666667 15.006 8.35 9.3 8.75 8.25 7.9 8.1 7.85 8.5 8.9 13.7 8.45 10.9 9.7 10.45 9.05 12.5 9.2 7.45 8.75 4.55 8.4
6.25 13.65 6.85 4.7 5.95 1.45 4.6 6.4 6.3 5.8 6.6 6.9 7.8 7.1 12 5.85 7.65 7.3 9 8.1 4.55 4.4 4.6 4.4 4.6 4.55 5.25 5.8777777778 6.2261904762 15.0056666667 11.7666666667 12.0761904762 7.6777777778 11.1 7.713394791 7.5858309864 8.5761904762 7.95 12.3070224301 9.347996552 13.9876880965 6.1033326691 5.0768182948 4.9722222222 4.7946277864 5.1376880965 11.5245006541 5.5 6.9 7.35 2.2777777778 7.1 7.1 10.6 7.85 10.95 14.9708185325 8.75 15.012 7.6 8.65 8.2 8.25 8.75 9.9 8.9 8.55 7.95 8.95 9.1 10.25 8.6 9.05 8.1 7.6
6.7 6.65 6.7 6.35 6.2 4.65 1.65 6.3 10.3 5.3 6.35 6.35 6.5 6.45 7.15 8.3 7.4 4.45 4.5 5.85 9.25 5.55 7 4.45 4.45 4.6 5.9021130107 5.6347858837 14.9341904762 7.4 8.45 15.0981904762 12.6777777778 10.9 5.8602895721 14.0374920661 11.9666666667 12.4570224301 11.878511354 14.8578685395 8.423998276 4.8893193566 4.964274771 1.9230772833 5.1928371643 10.8856743286 12.2333333333 9.2 7.1 7.45 7.05 7 7.45 9.95 11.35 9.15 8.05 7.9 7.45 8.15 7.65 9.3 8.9 9 10.1 8.85 8.8 9.4 8.35 8.05 8.6 10.55 4.65 7.75 9.85
7.8 6.55 7.05 6.65 7.05 7.05 6.4 6 5.4 5.8 6.25 6.85 6.65 15.044 8.05 7.05 7.45 7.4 4.6 8.15 6.9 4.7 4.7 6.9 4.7 4.7 7 5.853030303 6.2555555556 15.0083333333 14.078511354 11.5578685395 13.723998276 4.6399385949 4.886717456 6.85 14.9736666667 14.9363333333 7.05 5.0033326691 7.8399385949 10.8032369137 5.0660289775 2.0115508071 2.41898463 7.6570224301 2.99071197 1.9770461645 2.136717456 8.95 8.15 7.8 7.25 6.95 7.75 7.6 7.75 8.7 9.75 11.85 8.9 7.4 7.25 8.75 8.1 7.5 7.65 7.7 7.25 4.9 15.132 8.15 11.8 7.8 7.05
9.6 7.7 7.55 19.974 13.85 6.7 5.45 6.35 6.1 5.85 7.85 7.6 7.75 7.3 12.4 8.3 8.05 4.8567245426 10.6 9 4.5 4.95 4.5 5.6 5.7757618163 4.8135231517 2.0277777778 7.4 2.4055555556 6.75 13.2111111111 7.55 14.8564102564 4.898142394 7 12.078511354 13.1333333333 12.7584518793 6.7 6.9 8.2067245426 5.7477647286 2.0533326691 5.1705792798 6.24071197 8.7070224301 2.3666666667 7.75 8.9 8.6 7.05 5.9423526966 7.35 15.038511354 8.3 8.1 8.75 8.8 4.664274771 7.95 7.45 7.7 7.2 7.35 8.6 7.2 7 6.75 5.35 7.25 7.45 9 7.2 8.35 4.95
9.15 13.85 6.75 8.35 7.05 6.4 6.55 6.8 5.95 6.25 7.05 6.95 7.1 4.7399385949 8 9.5 9.25 8.1 7.7 8.05 11.35 4.6 5.45 5.7950715499 4.6635735976 4.9134491708 5.0761904762 7.2 6.3883656714 6.45 7.25 6.2850406063 5.7268182948 4.8634491708 15.0526743286 6.95 13.3745006541 8.8469040394 14.8081667897 14.9862242458 7.45 5.8635735976 7.15 6.5245006541 1.75 2.2856743286 8 7.45 1.9567245426 9.65 6.05 7.95 12.5884487607 13.3892557464 7.25 7 8.1 8.3 4.8660289775 7.75 7.25 6.95 7.1 10.05 8.95 7 NaN NaN 7.1 9.35 7.8 6.05 1.95 7.7 4.35
8 6.75 6.65 7.15 6.7 6.85 6.7 6.35 5.85 6 6.65 14.9488101159 10.55 8.45 7.45 7.9 7.4 7.5 8.3 9.3 8.05 13.65 4.9688440482 5.5581667897 7.2 6.3245006541 7 7.05 7.05 10.1375594364 7.7 5.1112944531 8.2612111039 5.1166666667 6.9570224301 5.94071197 4.7205792798 10.0033326691 9.9450715499 7.65 7.45 13.2622501134 5.4745006541 10.1333333333 2.7540925512 1.9714045971 8.2 9.2 9.8 7.25 7.35 6.0002805931 7.2 11.3726779369 7.7 7.75 7.7 8.45 4.8615508071 4.7984520197 7.85 7.7 8.35 7.1 7.1 7.05 NaN NaN 7.15 12.9 6.05 7.4 4.65 4.75 4.65
8.15 6 4.85 8.65 7.05 6.55 6.45 5.85 5.95 6.3 6.55 6.75 9.65 7.95 7.35 7.85 7.25 6.55 7.6 8.6 10.95 7.7 6.7 NaN 6.16898463 7.8070224301 9.3214317131 6.95 6.65 9.5578339874 7.0967854397 5.2068038428 6.4390996564 7.04071197 8.4333333333 6.85 4.8901371761 7.5768182948 4.8608185325 6.0102895721 6.2226779369 5.5666666667 5.0833333333 4.4070224301 7.6 7.6 7.9 5.4 6.95 7.75 7.35 7 7.15 7 7.8 12.0245006541 7.1 8.15 5.0714045971 7.25 8.25 6.9 6.8 6.75 7.15 7.3 7.15 7.4 7.8 7.8 7.85 7.05 11.05 6.9 4.7
6.8 6.05 1.65 6.85 6.95 6.95 6.3 6.2 5.6 6.3 6.65 6.65 9.8 6.8 7 6.99071197 6.7 6.8 6.6 6.95 6.95 10.1 6.95 7.35 6.728511354 11.5833333333 6.4745942812 19.9497823999 6.8 6.85 11.6826039052 6.4527049172 6.3463669952 6.9070224301 2.5856743286 5.1767895821 4.7446277864 4.9811250567 10.3899385949 12.036717456 5.1716618094 7.14071197 4.1070224301 2.3666666667 5.8928371643 5.9160289775 5.8032369137 8.6 7.8 7.1 9.25 7.95 7.1 8.25 8.3 11.1 7.95 8.4 8.15 8.4767895821 6.95 7.7 7.75 7.1 6.0374901471 7.4 14.9867245426 12.05 12.35 11.8 11.95 11.1 10.15 7.75 1.8
6.95 6.1 14.064274771 6.3 6.55 6.95 5.75 6.25 6.4 6.35 6.8 17.14071197 6.85 6.89071197 7 7.65 6.1876880965 6.75 7.45 7.3 7.5 9.85 12.85 7.75 6.95 6.4745006541 6.85 6.1178148254 6.8690276405 9.1437128312 11.663570706 13.9874258846 24.7161434492 2.4666666667 21.0428371643 5.1446277864 5.1242242458 5.8742242458 6.0081667897 7 5.678511354 9.9333333333 2.5953558739 1.8767895821 5.8858309864 8 5.85 6.95 7.25 7.75 7.4 8.05 7.35 7.25 7.2 7.3 13.0469040394 7.7 15.0153333333 7.2 7.65 7.25 7.1 8.25 7.3 14.9040529685 7.1 13.177426912 5.2362387519 14.9524901471 7.75 6.75 5.65 1.5 14.75
6.5 5.0928371643 6.05 5.9 6.1 6.2 5.8 6.1 12.2135735976 6.65 5.5040925512 9.35 5.4084518793 4.9705792798 6.65 6.7 6.95 7.05 6.6 11.5205792798 7.0527355997 9.6 8.65 7.8 7.25 6.1216618094 5.9737619586 10.3165769424 6.5327350258 6.6435268607 9.85 9.45 6.4359420902 6.85 7.3 5.7393193566 4.8222222222 1.9768182948 5.0767895821 6.6084518793 7.7 2.6245006541 1.9876880965 8.65 8.15 6.05 1.9 7.1 6.7 6.9 5.65 6.75 7.5 7.7 7.5 8.4 7.2 11.5705792798 14.993511354 8.6 18.4833333333 7.35 7.15 9.9 7.2 14.9563481745 14.9921833406 7.05 7.05 6.8 6.6 7.25 7.5484520197 1.8067245426 5.8
6.25 6.1 1.9767895821 7.6581667897 5.8 6.8 6.55 6.55 5.1214045971 6.7 6.7 11.728511354 6.95 6.85 6.85 6.8 8.75 6.95 5.9477647286 7.15 9.65 7.655300936 10.35 8 7.15 7.6 5.7602895721 12.0788989167 6.7823451376 13.7523179633 7.8 9.45 7.15 7.15 6.3270074531 6.9 7 5.7226779369 5.275 7 6.728511354 5.2205792798 8 1.8450715499 7.25 9.25 6.8 5.8 5.85 6.9 5.65 5.25 7.4 7.9 9.4 9.6 7.45 8.3 6.3969040394 7.15 16.0333333333 7.6 6.7 17.7833333333 7.1 6.65 6.6 6.65 6.6 6.35 6.65 10.3419755892 13.7672058324 1.9596284107 8.014274771
9.09071197 7.6333333333 5.3084518793 5.3469040394 5.1226779369 4.998142394 6.5 16.0214045971 9.2745006541 14 10.578511354 2.0216618094 5.086717456 9.4477647286 6.85 6.85 5.5 6.7 6.55 6.9 6.95 6.7203870548 10.85 7.9 7.2 5.9356325411 5.9230521815 6.0625225222 6.4111111111 12.85 16.9944444444 7.3166666667 20.8111111111 6.4 6.9 7.2 7.05 7.25 7.143742273 14.5828910438 2.5134799922 6.0533326691 5.2977647286 7.35 9.95 10.6 6.75 6.9 6.85 7.65 7.1 5.3 7.65 7.5 7.6 7.8 9.1 6.95 6.85 18.4333333333 4.9703703704 7.05 7.15 10.6555555556 12.0700953027 14.7875594364 16.4856117652 10.7951780206 6.6 6.75 6.8 3.4133899069 6.65 2.3761704976 2.0611005273
5.1166666667 11.8666666667 6.45 2.5745006541 5.41898463 6.95 6.6 11.8356743286 9.7833333333 6.9 5.9216618094 7.3 7.55 7.15 6.9 6.85 6.65 6.55 6.7 6.0028140863 7 9.8 12.05 5.7582403764 6.2611266977 6.1273862895 4.7222222222 5.059201947 2.7934562487 6.06898463 14.1757543607 7.0023179633 11.3961624635 7.9940446391 4.3893193566 8.1021773816 5.6143423404 6.7101229154 6.1555555556 5.8852414614 6.0626205685 5.8831464622 13.8608185325 9.1 5.6 7.25 6.65 15.15 15 5.55 1.9 7 5.15 7.9 7.45 7.5 9.75 7.1 12.7742242458 6.8 13.4064102564 4.8347858837 16.5594922192 10.7333333333 14.4961321867 14.2397640738 15.1043547631 13.1485805095 19.9332174738 15.4889883586 19.9368755254 10 15.0028045212 2.7739502039 15.3161146552
6.65 6.55 6.75 9.5833333333 10.1555555556 5.8676157029 18.4660740412 7.8651186864 12.5954770164 7.25 5.85 14.9230772833 6.8 6.9 10.4 6.8 5.45 8.65 8.6 5.8880952381 6.2181350989 6.8570952919 8.05 10.1421691488 2.129996399 5.8877707402 1.5328101159 6.1255884172 7.0524976531 5.7268601941 14.4026087569 12.5972305644 15.8235015266 12.3571936115 6.5 6.45 7.4983456956 9.8870537214 4.6333333333 2.9203870548 6.0150123622 7.7459542766 5.5 5.55 7 7.7 7.25 13 6.75 6.75 7.2 7.75 7.9 7.3 7.2 7.95 15.033 11.75 12.25 9.2 11.85 10.1021130107 7.8 11.0742242458 11.3777777778 12.9573155329 17.0861506991 19.9861093871 16.8151186864 14.8071068402 12.1860514612 20.0106892072 19.9470453033 3.1515468186 6.2603925074
11.5761904762 10.6761904762 2.0261904762 6.2733912093 2.830910846 6.65 6.7 6.0333333333 12.6 6.65 6.1 6.75 4.6547650464 6.9 6.05 5.9 5.65 5.45 9.95 12.5742242458 9.186570247 5.4059860233 7.5564102564 2.4035234292 2.4242677032 4.8064102564 1.7064102564 5.9134491708 6.6729365995 4.9690355763 6.4494767825 6.3370664144 12.9862387519 8.5048669366 6.55 6.55 2.490937233 6.4623737794 7.3277777778 6.8487079739 8.1287676428 10.6326256917 6.9 7 15.95 11 7.95 8.15 7.05 6.9 8.8 11.2 7.9 12.15 7.15 15.044 15.007 9.9 12.65 12.55 7.75 12.75 7.1 7.2 7.2 7.3 10.65 12.6178356538 17.2714045971 20.0713447023 13.3581667897 6.1663426646 6.1520891032 19.9291704976 5.601703306
12.7666666667 11.6666666667 6.9666666667 13.9494767825 10.8420761414 10.3777777778 5.5540925512 6.65 6.6590193633 6.2714317131 5.1705792798 10.7615508071 10.4556550252 6.05 5.95 17.4 7.85 5.95 15.033 5.7608185325 6.15 6.347996552 6.8570224301 2.5611111111 1.7761904762 1.8847858837 7.8531712291 5.2919755892 3.4223216919 6.9800313266 6.0012334657 7.7594922192 9.4135231517 2.0393193566 5.9081667897 6.3 7.3388009261 14.9533326691 6.85 2.4575587721 7.15 7.1 10.6 7.85 7.55 9.15 8.9 7.45 13.6 7.1 5.6 13.6 15.125 9.25 5.65 5.6 5.65 5.9 4.6 4.45 7.8 8.85 9.05 19.9761130107 8.4 7.9 8.55 7 13.8667852127 19.1333333333 17.0630438755 6.65 19.9408320124 6.8 15.3212972011
2.8611111111 6.8 6.8 8.7 10.7 8.9 14.2477344001 6.85 12.948142394 4.6067245426 6.05 14.9750461645 11.1333333333 6.1 6.05 5.8 5.2 5.45 5.55 5.5 5.823998276 6.45 5.678511354 3.1166666667 1.7555555556 1.8162167619 5.0036784889 2.5416625669 5.2967825041 2.5366660024 5.2158451277 1.9261904762 4.9699035803 6.1074243814 9.7331998385 14.9977712359 20.6108185325 3.1678307106 2.5033142958 2.6028929542 1.97899873 8 7.6 7.8 6.7 6.7 5.8 6.85 14.4 15.1 7.9 8.2 20.012 4.7 5.25 6.4 6.2 6.05 15.005 13.05 7.15 7.4 8.1 10.4583333333 8.403030303 7.1 15.3178658549 13.6592865378 18.2863636364 19.9955352804 6.7 2.1405617714 15.7194784217 8.8166666667 14.4070224301
9.8 7.15 7.65 9.25 8.7 7.95 14.9959052512 9.75 8.05 6.5245006541 8.45 5.6040925512 5.8214045971 15.007142394 5.5683739396 5.95 5.4 5.75 6.1 5.45 6.003428636 5.6542261031 5.4258747098 4.8012401769 2.505947185 1.872947292 5.0740421083 6 13.4874258846 5.5049951428 9.6526087569 6.3845735102 6.9214006833 6.75 17.2833333333 29.9756660024 6.7053296488 2.6959802891 2.4884487607 2.1450715499 5.45 4.6 1.45 6.55 8 13.8 17.3 14.2 8.15 5.55 9.8 11.7 5.8 5.6 4.85 5.95 14.952 1.85 9.15 6.7 7.05 25.141 7.75 20.0743333333 7.803030303 6.9 7.05 13.5955834467 10.5555555556 6.9 5.4233230525 1.9682195417 4.7768182948 17.0634491708 19.9506743286
8.4 11.4 9.35 7.55 9 6.95 7.1 10.6801310486 8.05 6.2205792798 8.678511354 13.05 10.7356743286 12.3428371643 5.6768182948 7.5067245426 12.35 5.7 5.8 4.6 1.8328101159 5.9147589624 2.43974395 4.9526087569 2.805371548 5.2809458229 6.3 6.2 9.0073786367 2.7934852841 5.8513608481 2.6487842103 6.6 6.95 5.2181335412 3.9383284761 2.5406199178 2.620302182 2.0618913743 8.95 7.8 4.8 1.7147188482 16.1722222222 10.7679068435 8.7567245426 6.95 6.45 8.8 5.55 5.65 6.75 4.7 9.3 4.6 5.3 20.08 13.35 15.178 17.8 5.75 11 6.75 5.7079276146 8.0017858479 14.0854866991 6.75 11.6584518793 18.7666666667 6.8 6.3497840537 5.209220178 6.3222222222 5.348142394 19.6214045971
8.15 17.7 8.25 7.6 8.9 15.035 6.9 5.9423526966 6.75 6.1726779369 6.3666666667 8.0070224301 5.9 6.3892557464 5.8384487607 5.6977647286 4.6 5.55 5.65 7.85 1.8064102564 5.8939023225 2.3064766961 3.4383284761 3.5856512967 2.5959439454 2.6469069309 6.35 6.5880712638 5.1136825423 4.9809458229 2.4721177144 2.7435268607 4.6260070601 6.5 3.3546589586 2.3249999779 2.1303300294 1.9722222222 1.75 2.0532369137 5.7899385949 2.3347858837 5.903030303 6.9 6.8 20.2629385949 2.0532369137 1.9 14.962 8.15 15.013 4.55 4.95 6 6.2 5.9 15.026 5.8 19.97 6 6.5 13.85 5.7 9.2258686137 6.2057238518 7.7 6.2725890798 20.0536666667 5.7372459465 5.1428255525 5.188943094 4.65 6.65 8.4033326691
8.95 9.1 9.75 13.8666666667 8.7 5.2245006541 7.2 6.9 7.2 6.1358309864 6.1267895821 6.5166666667 11.5333333333 6.928511354 5.85 6.136717456 6.0056550252 6.1 5.5 6.3 1.7277777778 6.203008771 3.1380712638 6.2540925512 2.64071197 4.7714045971 4.8734705095 14.0190076619 3.9652126241 2.6922599133 2.3951511893 2.59690064 5.1691643198 6.5675015521 2.6222222222 2.4535791641 2.1319287483 2.2718743513 1.9847858837 1.8064102564 7.35 1.9033326691 6.0122501134 6.0555555556 5.9969040394 6.6 7.05 1.9118913743 1.8547650464 7.05 5.8 6.45 8.1 9.5 15.65 8.5 16.5 6.95 6.3 5.65 19.946 6.55 7.45 17.75 10.6742242458 5.3925555291 6.8 5.947178591 10.45 5.3199993357 4.9436229055 4.7222222222 4.4 6.5 12.1160289775
10.05 12.2 12.35 12.25 8.3 6.4245006541 8.9 6.9 5.4 5.8242242458 5.8081667897 5.7767895821 6.3245006541 7.75 6.05 11.1270461645 6.0226779369 5.8594922192 5.7556550252 8.0880952381 6.8 NaN 3.3301158374 5.9 NaN 6.2801158374 5.7 5.55 5.1355337841 1.9770461645 3.925118546 2.0892557464 3.0669601147 3.159201947 3.1428255525 2.4650123622 2.4751885585 2.2412577986 2.0714045971 9.5666666667 6.9 12.86898463 7.028511354 6.75 6.65 12.278511354 6.95 13.0115508071 16.9230772833 6.6 8.95 6.75 10.05 10.25 8.35 12.85 17.65 12.4 9.2 5.95 5.8 16.15 11.7 5.7 18.05 4.8064102564 6.95 12.556182661 19.5230769231 13.3448749122 4.9627291329 4.6647188482 4.55 8.95 4.464274771
10.55 13.5 12.65 9.65 7.6 7.95 9 8.1 5.6893193566 8.1679068435 5.7899385949 5.7135735976 5.9214045971 6.5245006541 6.85 5.9 6.5 6.3270461645 6.0634491708 7.1 5.8384487607 6.3800907618 6.8708640506 3.5180308381 6.3171063627 5.77568603 2.0020223583 2.2511372672 2.829530349 3.0564484313 5.4977344001 4.7654743095 5.2514383581 5.4070952919 5.8039126131 2.6537203881 3.8121165671 11.8814757273 6.2015305025 6.8611111111 6.6611111111 12.5333333333 18.7833333333 15.5040925512 11.4111111111 19.9473333333 16.99071197 19.99998463 13.3928371643 6.95 6.0399385949 14.7 17.1 10.1 8.15 6.8 21.3 5.95 10.65 6.05 4.55 6.85 6.4 4.8 19.5 6.45 6.5 6.75 6.5 15.7055555556 5.103030303 4.9583333333 4.65 4.5 4.35
9.95 9.15 9.25 10.6 8.6 9.4 7.95 9.65 14.9755508071 6.8 5.9316790289 6.3833333333 10.9042261031 6.2761904762 6.8856743286 6.75 14.05 13.1666666667 6.5040925512 5.3333333333 8.6800614577 6.38974395 5.9379713052 7.9935268607 2.3286328389 2.2164250941 1.9704444133 2.4355130099 2.40510641 2.4829743404 2.9694011491 2.9602466654 2.3637223453 3.3110823404 15.3166666667 4.9333333333 3.5573786367 5.4166666667 19.9598888889 8.9166666667 7.7666666667 10.978511354 6.8 19.9182501134 5.8267895821 15.4666666667 12.5570224301 15.3070224301 6.6953558739 10.8376880965 29.977717456 20.8556550252 12.2547650464 9.1 10.05 6.4 6.4 6.55 4.6 5.7 6.5 11.45 12.1 8.4 1.9 15.4277777778 6.4 8.8166666667 19.2111111111 5.8969040394 4.7923526966 4.8547650464 5.8 4.85 4.45
NaN 11.65 9.55 8.6 9.65 9.9 9.35 9.7 6.9 6.7 7.05 6.3 6.65 7.15 6.5356743286 6.85 6.6 10.04071197 8.3833333333 9.8833333333 1.7064102564 1.8874920661 3.6096966 4.4260070601 2.5412124542 2.1230769231 1.7203703704 1.8884487607 1.98611562 1.9724392339 2.3786041427 2.2865717317 2.3107229978 3.4904286252 3.0490906338 5.5370537214 1.9214045971 7.138854364 6.1370090087 5.9761904762 6.0261904762 8.9578685395 6.0884487607 15.7358309864 5.8858309864 9.0428371643 10.4166666667 18.49071197 7.8833333333 6.5745006541 6.2770461645 11.2115508071 9.1484520197 5.3 6.4 6.55 6.4 6.5 6.65 6.65 6.7 4.65 25.35 6.85 4.7 6.7 6.0261904762 16.7166666667 6.55 4.8261904762 4.7777777778 7.5 4.4 4.75 4.35
NaN NaN 7.15 5.0230772833 8.65 6.1166666667 10.6166666667 7.1 6.9 6.3 11.7070224301 6.8 12.8333333333 NaN 6.6 9.1392557464 6.5892557464 12.4040925512 7.14071197 2.3084518793 5.6111111111 2.8006911303 14.65 5.3736890968 3.1373015873 2.4611111111 2.4733912093 2.3753443262 1.7237619586 1.8257618163 2.3658552292 2.0715970431 2.1876880965 3.1018572798 5.0928255525 4.238701459 2.8226430481 7.45 11.7374920661 7.853030303 5.953030303 5.848142394 5.8556550252 8.8188440482 2.1242242458 13.4446277864 5.3634491708 6.5166666667 12.14071197 15.1333333333 6.678511354 15.4578685395 7.723998276 13.75 30.05 6.5 6.55 6.65 5.7 5.85 6.7 5.75 5.05 24.1 1.9079276146 5.0017858479 16.647996552 6.25 5.7111111111 6.4261904762 5.8277777778 5.55 4.6 4.3 4.55
NaN NaN NaN 7.25 10.5768182948 8.6 7.9 6.9 NaN NaN NaN NaN NaN NaN NaN 6.65 11.7166666667 12.6833333333 NaN 5.3 3.1042351217 5.3824338008 5.6620225406 3.3238672278 5.1467825041 1.9135231517 1.873998276 3.0439846865 2.1853511597 2.1194840324 2.0046089565 2.0942146898 2.0333333333 2.103628582 5.7400453809 3.1541568138 8.750414722 14.5013641714 17.3268182948 5.913394791 8.4083333333 5.8067245426 6.1 5.7 5.9 11.2222222222 12.8268182948 5.8267895821 6.4356743286 5.8 6.928511354 6.3078685395 10.873998276 8.65 6.35 6.85 6.75 6.45 6.4 15.45 5.6 15.2 4.5 16.8 6.45 2.353030303 6.3 11.1833333333 6.5333333333 6.2166666667 6.1064102564 5.35 14.1 4.35 4.7
NaN NaN 5.3 7.5 9.563394791 19.9794102564 6.248142394 7.95 NaN NaN NaN NaN NaN NaN NaN NaN NaN NaN NaN NaN NaN 6.5 2.9726619182 2.406906681 2.2140145061 2.6533841227 3.6245352062 3.1487992076 2.460477637 2.3327596463 2.2824898728 1.9662474188 1.9760253956 2.3103925074 2.6534638077 8.35 7.55 5.953030303 1.8083333333 2 1.65 6.05 5.9 6.15 6.05 5.9583333333 6.153030303 7.1 20.3833333333 12.828511354 6.6392557464 6.2533326691 5.8399385949 5.8722222222 6.35 6.35 5.7722222222 6.45 6.8 6.2222222222 6 7.5722222222 12.6179068435 4.5079276146 2.1702728564 4.9768601941 2.56898463 18.2333333333 11.3833333333 6.25 9.1064102564 5.45 4.45 6.1 6.6
NaN NaN 5.35 8.4 7.85 8.4 5.8067245426 5.4789342698 NaN NaN NaN NaN NaN NaN NaN NaN NaN NaN NaN NaN NaN NaN NaN 6.6 6.7810207061 5.7619610908 4.3451780206 6.0078339874 3.9208927697 3.1944444444 3.0802373727 2.7854980438 2.7448841404 2.9603794978 5.4302373727 9.55 13.6861401162 1.9492758406 1.8384651411 2.3895346585 1.8608185325 1.6 1.8 6.1 6.1 9.9579276146 5.7517858479 6.297996552 6.9070224301 6.6111111111 5.9761904762 10.7692754236 6.0833333333 16.0833333333 6.4 6.35 10.7333333333 6.8 23.3833333333 6.45 6 5.95 2.138759456 2.1757841239 5.3677163727 6.6 2.9813855149 6.3 11.9274851991 6.45 5.6450715499 5.55 8.6 7.75 6.25
NaN NaN NaN NaN NaN NaN NaN NaN NaN NaN NaN NaN NaN NaN NaN NaN NaN NaN NaN NaN NaN NaN NaN NaN NaN NaN 9.1578339874 6.1897668798 2.9186485301 3.8301158374 5.9874258846 3.04071197 5.7547379305 3.04071197 5.7874258846 8.75 2.5780270252 5.5385969716 2.8240421083 2.2281824662 2.1589609265 1.6135231517 1.7893193566 1.8242242458 6.1108185325 5.7 6.65 5.9714045971 13.74071197 15.5666666667 5.9055555556 6.2216618094 6.3666666667 6.2166666667 5.5666666667 2.0666666667 6.2666666667 6.4666666667 6.3166666667 6.25 6.1 5.6533841227 2.7093499059 2.6058650915 6.5 6.7 6.2 6.25 6.4648090607 6.1560726134 5.7423526966 5.6768182948 8.0064102564 6.85 5.1545401467
NaN NaN NaN NaN NaN NaN NaN NaN NaN NaN NaN NaN NaN NaN NaN NaN NaN NaN NaN NaN NaN NaN NaN NaN NaN NaN 6.5 3.3874258846 2.5782389099 2.3782334925 3.7833333333 4.1360678439 2.4190047263 2.7120225406 NaN NaN 6.8 6.8360678439 3.15 2.5393446036 5.2721177144 1.9666666667 1.7181050248 4.9833333333 2.053030303 1.7268182948 2.0556550252 1.9134491708 6.9040925512 12.6333333333 7.64071197 11.3833333333 5.6 9.45 21.95 7.85 9 5.65 1.6 7.25 4.773998276 4.9578685395 13.8078339874 10.0355337841 13.9245352062 6.7 6.75 6.8 2.8880712638 6.3036979496 5.5577225718 6.1214045971 11.4644313952 6.4798625896 10.7830432003
