Outfile_3.asc
NCOLS 201
NROWS 151
XLLCORNER 730592.938286
YLLCORNER 2561222.529137
CELLSIZE 145.176046
NODATA_VALUE NaN
[rows 68 to 101 of 151, columns 76 to 151 of 201]
NaN NaN NaN NaN NaN NaN NaN NaN NaN NaN NaN NaN NaN NaN NaN NaN NaN NaN NaN NaN NaN NaN NaN 2.9269562388 2.8440446391 NaN NaN NaN 5.75 5.75 NaN NaN NaN NaN 5.75 6.95 6.95 4.9859420902 1.6737387429 1.7302830782 1.6666666667 1.8333333333 2.0540925512 2.6666666667 8.3333333333 1 8.6954770164 5.9223216919 5.75460281 5.7148090607 5.6283329622 5.4905960329 5.2380952381 5.2380952381 1.2380952381 6.6 6.6 5.2380952381 6.6 6.6 6.6 6.6 6.6 6.6 6.6 6.6 6.6 6.6 6.6 4.4761904762 6.5 4.9921691488 6.5 1.8084518793 6.6316903909 2.5825157082
NaN NaN NaN NaN NaN NaN NaN NaN NaN NaN NaN NaN NaN NaN NaN NaN NaN NaN NaN NaN NaN NaN 4.4578685395 6.25 12.5726526899 1.9230769231 5.75 NaN NaN NaN NaN NaN NaN 5.75 9.875 10.535446344 5.3313839675 1.65559494 4.2858309864 1.298142394 1.3333333333 4.3703703704 1.4134491708 4.4761904762 5.5716618094 6.15 11.6054744498 6.25 7.05 6.6381572756 6.0282174738 5.6752416018 7.3135735976 6.6 6.6 6.6 6.6 6.6 6.6 6.6 6.6 6.6 6.6 6.6 6.6 6.6 6.6 6.6 4.2694840324 6.6 1.5033108961 1.5952247076 5.0051154274 1.3681050248 6.5 1.7992389036
NaN NaN NaN NaN NaN NaN NaN NaN NaN NaN NaN NaN NaN NaN NaN NaN NaN NaN NaN NaN NaN 4.2399385949 9.5758255781 5.95 4.6351191813 8.338878435 5.75 1.273998276 5.75 NaN NaN NaN NaN 5.75 5.75 7.6181192171 4.65 5.3615508071 1.2393193566 4.2108185325 5.2242242458 5.2393193566 5.2564102564 6.95 6.95 5.05 5.05 5.05 4.75 8.8240453033 8.8047379305 6.2013189489 5.5205792798 5.3615508071 5.2768182948 5.2345325216 6.6 5 6.6 7.05 7.05 7.05 7.05 6.6 6.6 6.6 5 7 7 4 1.2222222222 1.5336139264 4.8956009364 1.2374901471 5.9695801197 1.6598811283
NaN NaN NaN NaN NaN NaN NaN NaN NaN NaN NaN NaN NaN NaN NaN NaN NaN NaN NaN NaN 4 5.95 1.5853044011 4.8897412037 6.2146632187 5.45 5.7795713869 5.75 7.05 5.75 NaN NaN 5.75 4.9538357466 5.75 4.65 4.65 4.65 4.65 4.65 4.65 5.45 7.24984391 5.55 5.55 4.95 5.596856485 4.15 4.15 8.102378304 5.9041611408 1.2635231517 5.85 5.85 6.6 6.6 6.6 4.2047650464 7.05 7.05 7.05 7.05 7.05 6.3 6.3 6.6 6.6 4 1 4 1.2147188482 1.3094922192 6.5 3.3570224301 5.1111111111 1.697920507
NaN NaN NaN NaN NaN NaN NaN NaN NaN NaN NaN NaN NaN NaN NaN NaN NaN NaN 1 6.25 6.25 7.4668015807 5.95 5.95 5.95 5.45 5.75 5.75 9.1 NaN NaN 5.75 9.8587251934 5.45 12.3333333333 4.65 4.65 4.65 5.5270461645 7.4166666667 4.65 5.55 5.55 5.55 5.55 9 5.55 9.6018449158 7.906919727 9.0282174738 2.7830646666 2.0306741015 7.3570224301 5.85 5.85 7.05 7.05 7.05 7.05 7.05 7.05 7.05 6.75 6.75 6.3 6.3 6.6 4 1 1 1 1.2777777778 4.4761904762 2.6666666667 6.5 6.5
NaN NaN NaN NaN NaN NaN NaN NaN NaN NaN NaN NaN NaN NaN NaN 6.15 1 1 5 5.95 6.25 6.25 5.7224739802 8.2955834467 5.8084518793 9.2559224131 5.75 5.5212869664 NaN 5.75 5.75 7.7863806577 5.45 1.5205792798 5.45 5.45 5.45 5.45 5.45 5.55 5.55 5.55 5.55 7.3928371643 5.55 5.55 5.55 5.5514076045 5.8994767825 8.5690355763 5.267051395 1.4622501134 5.7453558739 6.6666666667 8.3333333333 6.75 6.75 6.75 6.75 6.75 5.3703703704 6.75 6.75 6.75 6.75 5.2222222222 6.3 4 1 1 1 1.2777777778 4.4761904762 2.6666666667 6.1111111111 6.5
NaN NaN NaN NaN NaN NaN 6.3 4.05 NaN NaN NaN NaN NaN 1 1 5.35 5 5.95 5.35 7.2242242458 6.25 4.3928371643 5.9117382165 5.95 6.0801158374 12.7060112703 4.95 4.95 5.75 5.45 5.45 5.45 5.45 5.45 5.45 1.920674489 5.45 5.55 5.55 5.55 5.55 5.55 5.55 5.6666666667 5.55 5.55 5.253428636 5.4042261031 5.9245006541 5 5.7453558739 6.75 5.3874920661 5.5716618094 6.1111111111 6.75 5.61898463 6.75 6.75 6.75 6.75 5.8333333333 6.75 6.75 6.75 6.75 6.75 4 1 1 1 1.2777777778 4.4761904762 5.6666666667 6.1111111111 5.4761904762
NaN NaN 6.3 4.05 4.05 4.15 4 4.15 4 4.15 4.05 6.3 6.45 5.5 5.5 7 5.35 7 5.2242242458 5.2946277864 5.4267895821 5.95 6.3570224301 8.5661434492 6.0413293538 4.95 2.7391639897 1.8660740412 5.45 2.0167993852 5.45 5.45 9.9485927876 5.45 5.569983854 4.5545637691 5.5621827039 5.85 5.85 5.85 5.85 5.6666666667 5.85 5.55 5.7453558739 7.4267895821 7.2946277864 9.4714045971 2.49071197 8.3333333333 1.5716618094 4.3192754236 5.2602895721 5.3726779369 5.8333333333 5 5.8084518793 5.3681050248 6.75 6.75 6.75 6.75 6.75 6.75 1.3333333333 7.2222222222 6.75 7.05 4 1 1 1.2777777778 1.4761904762 5.6666666667 6.5 6.5
6.3 4.05 4.15 3.25 3.25 3.25 3.85 4 3.85 5 6.1 5.5 4 5.5 5 5.35 5.35 4.2242242458 5.35 5.4267895821 5.95 10.3333333333 6.49071197 5.6666666667 7.4267895821 1.9223216919 5.45 5.6499159511 2.6161994504 1.3135735976 2.7164737863 4.5892557464 1.3928371643 5.25 5.85 5.2147188482 5.2328101159 1.2694840324 5.85 5.85 9.303030303 5.85 5.85 8.49071197 5.55 7.7856743286 5.4267895821 4.5555555556 7.3333333333 6.49071197 5.4714045971 7.2768182948 5.2242242458 5.3333333333 5.6666666667 7.3333333333 6.0540925512 5.4134491708 6.75 6.75 6.75 6.75 6.75 4.7453558739 4.3615508071 7.25 7 5 7.05 1 1 1.2777777778 6.6 5.6666666667 6.6 1.4761904762
4 4 4 3.25 4 3.85 3.85 3.85 3.85 6.1 6.1 5.5 5.5 5 7 5.35 9.213394791 5.35 5.35 5.7856743286 5.95 6.49071197 5.5892557464 1.3928371643 9.4925555291 1.7249319761 6.3127204931 8.8240453033 5.2578339874 2.3287267571 1.7740079158 9.3615508071 5.85 5.85 5.85 5.85 4 1 5.85 5.85 4.214274771 1.2768182948 5.85 4.5892557464 2.49071197 8.3333333333 5.9859549217 9.8956009364 5.55 5.1487248999 5.4042261031 4.253428636 4.2108185325 5.303030303 5.5555555556 5.6666666667 6.6666666667 5.4761904762 6.75 7.2289342698 6.75 5.6666666667 7.25 5.8333333333 7.25 7.25 7.25 7.25 5 4 1 4.2768182948 6.6 8.49071197 6.6 4.5555555556
3.25 3.25 3.25 3.85 3.85 3.85 3.85 3.85 3.85 6.1 6.1 5.5 4 6.1 5.5 5.35 5.95 5.35 5.7453558739 5.95 6.178511354 5.5205792798 1.3615508071 5.2946277864 9.6315546285 9.9590193633 3.8539264695 4.4111149814 2.8967854397 5.55 5.55 5.55 5.55 4.95 4.95 4.95 9.2289342698 5.2067245426 5 9 5.85 5.85 5.85 5.3615508071 5.55 6.3787919471 5.55 10.2629494148 6.75 7.9904286252 5.5991289 5.2328101159 7 1.2768182948 5.4714045971 5.2869026671 8.5889883586 5.8006271054 9.5138488355 6.75 6.75 7.25 10.5550633642 7.25 7.25 4.2380952381 7.25 7.25 7.55 6.6 6.6 4.2564102564 6.6 8.3492063492 6.6 6.6
3.25 3.85 3.85 3.85 3.85 3.85 3.85 3.85 3.85 6.1 6.1 5.5 1 5 5.5 5.95 9.298142394 5.95 2.6666666667 6.49071197 5.5892557464 1.3384487607 7.3135735976 1.4267895821 1.7856743286 8.5784048832 5.8240453033 3.0801158374 2.5153372142 4.7897640738 1.7073155329 4.95 5.55 5.55 7.4714045971 5.55 5.55 5.55 9.4961517174 9.5193279424 5.5098388924 4.4892203723 4.2564102564 4.2618913743 5.55 5.55 5.5169601147 5.5892557464 8.1903557635 10.1742996679 5.6628248883 5.4666087768 7 4.2556550252 4.6585207206 6.1417852127 5.4134491708 5.95 7.6383691019 5.95 6.75 1.9524976531 7.25 7.25 1.6181350989 1.3703703704 7.25 7.25 7.55 6.6 4.3901371761 1.6644313952 6.5 6.5 6.5 6.6
3.85 3.85 3.85 3.85 3.85 4 3.85 3.85 3.85 6.1 6.1 5.5 6.1 5.5 6.1 5.5 5.95 5.95 5.95 9.8333333333 1.3928371643 1.3135735976 5.95 5.95 7.3570224301 6.6205455818 6.35 6.4120225406 6.856466985 2.5245602819 6.35 5.85 5.85 5.85 5.85 5.85 5.85 5.55 5.6934849615 9.7415013475 4.95 5.55 5.55 5.25 5.55 5.55 5.55 5.55 4 5.7207592179 9.8047379305 4.599404584 4.4587567673 4.4540382048 5.6528909085 6.1159705015 13.1417852127 5.95 5.95 5.95 5.9690047263 6.0595038309 8.8813298853 6.2955834467 1.9748334564 7.25 1.6666666667 4.6666666667 7.55 1.6666666667 1.8774851991 2.1314757273 2.3047379305 6.5 6.5 6.6
3.85 3.85 3.85 3.85 3.85 3.85 3.85 3.85 3.85 6.1 6.1 6.1 5.5 5.5 5 6.1 5.95 5.95 5 5.15 5.15 5.95 6.25 7.3570224301 6.49071197 6.35 5.9475950733 8.1573786367 7.1573786367 11.1380712638 10.9434849615 8.6666666667 8.6666666667 8.6666666667 6.35 5.85 3.3570224301 10.4235829038 5.55 5.55 5.55 5.55 6.1181192171 4.8729948341 5.25 5.0934562487 5.55 5.1872459465 6.8451780206 1.5205792798 2.5782210422 4.8890396954 4.5682213103 4.443952253 5.6351191813 6.1035521076 10.6903557635 4.8084518793 5.95 4.1573786367 8.0786892072 10.8813298853 9.6903557635 5.1417852127 1.3681050248 1.2374901471 4 4 4 7 4.2222222222 7.6666666667 5 6.8 6.8 6.9
3.85 3.85 3.85 3.85 3.85 3.85 3.85 3.85 3.85 6.1 6.1 7 1 6.1 5.5 5.5 5.35 5.95 8.535446344 7.8616480027 6.25 6.35 4 5.49071197 5.5892557464 6.35 5.7782174738 6.6381572756 11.1937128312 6.35 6.35 6.35 6.35 6.35 6.35 5.8084518793 6.35 6.9223216919 6.35 6.05 5.8240453033 4.75 4.75 4.75 5.55 5.55 11.6666666667 5.55 5.55 5.85 10.6666666667 6.3009114294 1.6958674673 6.75 1.5993623108 5.95 12.8813298853 10.2955834467 6.3302373727 2.0540925512 2.5911673208 6.2955834467 2.6417852127 2.4225890798 5.7 4.8956009364 4.6666666667 1.6666666667 1.6666666667 4.6666666667 7.4 7.3 7.3 7.3 7.4 7.4
3.85 3.85 3.85 3.85 3.85 3.85 3.85 3.85 3.85 3.85 3.85 5.5 5.5 5 5 6.1 5.95 8.0678658549 8.6181192171 1.9207704779 5.1905296316 6.35 5.1292657005 6.35 6.35 6.35 1.669104196 6.3522349452 6.35 6.35 6.35 6.35 6.35 6.35 6.35 1.3726779369 6.35 5.7090005921 6.35 2.6754153933 5.55 5.55 5.55 5.55 5.55 5.55 11.1666666667 6.35 10.0051154274 5.1742996679 3.1444323581 6.7838120122 1.8475304232 5.3237619586 1.541134965 4.793075142 5.9684525146 6.3958969948 10 1.4134491708 2.0393446036 1.6785371601 1.7384753952 1.7088191311 5.7 6.75 4.3333333333 4.3333333333 7.55 1.3333333333 5.3333333333 7.4 7.4 7.4 1.9284768492 7.4
3.85 3.85 3.85 3.85 3.85 3.85 3.85 3.85 3.85 3.85 3.85 5.5 6.1 5.5 5.5 6.1 6.05 6.05 8.7955834467 8.726507906 1.3928371643 6.226286502 5.7637572938 7.5835203106 6.35 6.35 4.3703703704 5.040057876 6.35 6.35 6.35 1.2768182948 6.35 6.35 1.2564102564 5.2564102564 6.35 6.35 6.35 6.35 6.35 1.7843572659 6.35 6.35 6.35 1.761450055 5.25 7.6807843887 1.8098879263 5.6821701562 7.9983456956 7.6191643198 6.1487248999 4.4134491708 4.303030303 4.4761904762 6.8745942812 2.3132241218 5.0661434492 4.5889883586 1.8640561799 4.5457042423 1.4755853852 4.4670295079 1.4377707402 4.2222222222 1.2222222222 4.2222222222 4.2222222222 7.4 7.4 7.4 1.9547725789 5.2461399758 9.6937398861 4.5732719282
3.25 3.25 3.85 3.85 3.85 3.25 3.85 3.85 3.85 3.85 3.25 5.5 6.1 5.5 5.6 5.2768182948 6.5 6.35 10.9869632333 6.3570224301 6.726507906 6.3564484313 6.0685658488 5.8302373727 6.35 6.35 6.35 6.35 7.3268601941 6.05 9.6737387429 1.6746415108 4.4761904762 1.4761904762 1.4166666667 6.35 4.4166666667 1.7419755892 1.9916625669 6.35 8.9238672278 6.35 6.35 2.035446344 6.35 5.7827011897 6.0434982679 1.2923526966 1.9223216919 7.5850892186 5.25 6.3893298864 7.60209398 5.8273168347 5.5630813152 4.9 5.7 5.1111111111 1.8333333333 7.3333333333 1.5555555556 5.303030303 1.2222222222 1 5.7 4 1 6.6 6.6 6.6 7.4 7.4 3.3570227079 1.9245006541 7.4 7.1
5.05 4.15 4.15 3.25 3.25 3.25 3.25 3.25 3.25 3.25 3.25 5.5 5.6 4.2047650464 5.6 6.2 6.5 6.35 6.35 6.35 8.8603794978 9.8240453033 9.5911673208 6.5153372142 6.0618805153 9.61898463 5.7422194537 6.35 9.5270461645 6.3302373727 6.05 10.2869026671 6.05 5.1111111111 6.35 6.35 6.35 6.35 6.35 8.4444444444 14 6.5 10.6363636364 4.2083333333 6.35 6.35 8.2032244134 1.4376880965 6.35 6.35 6.05 6.05 9.3384487607 2.1765569041 5.7138991347 1.7239552048 2.6666666667 2.1111111111 2.1111111111 3.3570224301 1.547996552 5.7 4.2217300308 5.7 4 6.6 4.2067245426 4.2484520197 1.3081667897 1.4134491708 4.9406649427 6.6 2.178511354 5.2578339874 2.1245352062 7.1
4.95 4 5.05 5.05 7 5.05 5.05 5.05 3.85 3.85 4.25 3.95 5.6 5.6 5.6 6.2 6.5 5.2768182948 6.297178591 7.8848537679 6.163570706 6.0540925512 6.9641856825 7.7471596063 7.24984391 6.2 8.9684525146 8.8813298853 11.8240453033 6.2 5.4134491708 10.5889883586 6.5 9.3570224301 7.3333333333 10.3333333333 7.3333333333 10.9059860233 2.4644437802 6.2 5.9 5.9 5.9 6.2 6.2 6.5 6.5 4.2815230842 5.2032244134 6.0194011491 5.9805354371 6.0838046346 6.0799677164 6.475118546 2.0476254443 4.7856826954 5.8813855149 2.1111111111 2.1111111111 5.6666666667 6.5 4.2777777778 5.7 1.2564102564 5.7 4.2564102564 6.6 6.6 4.4714045971 6.6 3.596961025 7.6937398861 2.2435428681 3.1043547631 3.0033841227 7.1
1 5.05 5.05 5.05 4 5.05 5.05 5.05 4.85 4.85 5.15 7.4 6.2 5.6 5.6 10.49071197 6.5 6.1353191866 7.716476147 7.6598811283 6.2578339874 6.5 6.0091218061 6.5 7.8850406063 6.1266136648 6.3958969948 6.2 9.4120225406 8.0236890968 6.0393446036 5.7 5.6794273899 4.547996552 1.5555555556 5.7 5.5555555556 7.7302830782 5.9 5.9 4.6585392229 4.5839733804 6.2 4.3615508071 4.6829332032 2.0093499059 6.8490013082 6.5 6.5 8.8477344001 4.8603794978 1.3681050248 5.1417852127 3.3570224301 5.4621722674 4.8078695051 5.8883966975 5.1111111111 5.1111111111 2.6666666667 1.4761904762 4.3901371761 6.5 6.5 5.7 6.6 6.6 6.6 6.6 6.6 5.49071197 4.8589232249 4.6874474468 2.0148399063 7.5732719282 7.1
NaN 4.95 4 9 5.05 5.05 5.15 4 7 7 5 7.4 6.5 6.2 6.2 6.2 6.2 5.4622501134 6.5 6.5 6.2 6.9223216919 5.7260343862 6.5 5.7 5.4042261031 7.6511991882 5.4 5.4 5.7 6.7501731634 6.8440446391 6.2934119078 5.8084518793 4.6666666667 1.4969040394 1.3901371761 9.3094922192 4.2694840324 5.9 6.2 4.4266010238 6.5 6.2 4.4971540342 1.6373355562 4.8176752738 5.9617989856 6.5 6.7207592179 2.3302373727 4.9748334564 5.0178056689 6.038708522 3.0934562487 4.9048156164 5.8729948341 2.1111111111 6.5 6.5 6.5 6.5 2.1111111111 2.1111111111 5.1111111111 2.1111111111 6.6 6.6 6.6 6.3 6.3 4.3615508071 4.2923526966 4.4376880965 6.9 6.9
NaN 4.95 1 5.15 5.15 5.15 5.15 5.15 7.4 7.4 5 7.1 6.2 6.2 6.2 6.2 5.9 6.2 6.5 6.5 6.2 8.0540925512 5.4134491708 5.2768182948 5.2758686137 5.3533326691 7.6705834467 5.7 5.7 2.6666666667 6.7777777778 7.0833333333 10.5897435897 5.7 5.7 5.7 5.8084518793 5.737864697 7.635208726 7.5651472445 6.2 1.5300971077 4.303030303 5.298142394 7.2768182948 6.5 6.5 6.5 7.7060112703 2.2219010501 6.5 5.5835203106 1.6574638207 2.0471417218 4.2758686137 2.278316797 2.8733912093 8.3158761576 5.8084518793 5.7 7.3333333333 5.7 5.6666666667 2.6666666667 2.6666666667 2.6666666667 5.6666666667 6.6666666667 7.9245006541 6.3 6.3 6.3 4.2311250567 6.9 6.9 5.0540925512
NaN NaN 4.95 4.95 NaN 5.15 4 7.4 7.4 7.4 7.4 7.4 5.4578685395 6.5 6.5 7.5270461645 4.3384487607 6.2 6.5 6.5 6.2 6.5 5.3615508071 5.2946277864 5.4267895821 5.61898463 6.178511354 5.7 7.0541587328 6.5 5.6 7.8295231453 5.7948749122 5.6 9.8333333333 5.6666666667 1.2067245426 6.9434849615 2.1811298163 5.4 5.4 6.5 6.5 6.5 5.6897785367 9.622521847 6.2 6.2 2.4235829038 6.5 6.5 7.2289342698 4.5116052299 9.7349737791 8.9117382165 8.62568603 2.9648090607 5.7 5.7 5.7 5.7 1.5555555556 1.5270461645 5.7 5.7 5.4761904762 4.4761904762 5.4761904762 1.4376880965 5.3135735976 5.2311250567 5 5.2147188482 6.9 1.3615508071 4.5716618094
7.4 NaN NaN 5.15 5.15 5.15 7.4 7.4 4 7.4 5.2242242458 7.4 6.5 6.5 6.5 NaN 1.2847858837 5.9 5.9 5.9 8.3333333333 5.6537203881 5.3316790289 5.4267895821 5.7856743286 7.3333333333 8.3333333333 6.5 6.5 6.5 6.5 6.2 1.5062672167 6.5 6.2 5.6 6.5 5.7 5.4 3.7207592179 5.7 4.6526087569 6.5 5.8850406063 5.7853397564 6.2 6.2 6.6705960277 1.8343272963 1.3874920661 1.2564102564 7 4.2564102564 1.6385891958 8.1417852127 10.8302373727 6.1937128312 6.5 6.5 1.5358404189 1.303030303 1.303030303 1.298142394 4.2777777778 1.2777777778 5.2777777778 4.2777777778 1.2777777778 4.2694840324 5.2311250567 5.2328101159 7.2660289775 5.3094922192 6.1 7.3 7.2
7.1 7.1 NaN NaN NaN 4 7.4 7.4 7.4 NaN 9.4558900823 7.4 6.5 6.5 6.5 6.5 6.5 7.2768182948 5.3513641714 5.6666666667 5 6.01056489 5.6011704976 5.61898463 7.3570224301 6.6666666667 6.5 6.5 6.5 6.5 4.4727487108 4.4175430751 1.2242242458 5.2393193566 6.2 5.6 6.2 6.2 5.8625444306 7.3570224301 8.6591076631 5.7 2.3328411419 5.9117382165 7.7060112703 7.0236890968 4.7453558739 2.2219010501 4.7115754658 1.5002554047 7.2222222222 6.2 1.2257618163 1.5977602346 6.5 6.5911673208 8.5118446873 3.0356117652 1.8208927697 1.5169517877 1.2222222222 1.2222222222 1.2202728564 1.2083333333 4.2083333333 4.2083333333 1.2083333333 4.2183739396 4.2450715499 4.2758686137 7.3192754236 7.3726779369 6.1 6.1 7.3 7.3570224301
7.1 6.8 7.4 7.4 7.4 NaN NaN NaN NaN NaN 7.4 1.7893446036 6.5 8.102378304 6.5 6.5 9.8687796773 6.5 6.5 5.4969040394 6.7252444916 7.6418083139 5.8922860495 6.7665805837 7.5812466759 5.6666666667 6.5 6.5 6.5 6.5 6.5 6.5 6.5 6.2 5.6 5.6 5.6 5.6 6.2 11.038708522 6.0595038309 5.7 5.7 1.7318455014 2.0801158374 3.2326039052 7.1573786367 4.9683086365 6.2 4.4909187831 9.4752543046 5.273998276 1.2847858837 5.5963442264 5.8480057157 6.7101749826 13.2578339874 6.4523409952 4.8870412155 4.5421966066 1.2380952381 4.2380952381 4.2380952381 4.2380952381 4.2450715499 5.7 7.2758686137 6.6 1.3726779369 7.4578685395 4.5716618094 7.8084518793 6.49071197 6.1 6.5 7.3
6.8 4 6.8 6.8 7.1 7.1 7.4 7.4 7.4 7.4 NaN NaN 6.5 6.5 NaN NaN 6.5 6.5 9.4134491708 9.5915219852 6.5 5.4622501134 6.7340669095 5.4267895821 6.071505315 7.6197773382 6.2 6.5 6.5 6.5 6.5 4.05 9 9 5.6 6.2 5.6 6.2 1.6574638207 6.5 12.5993623108 4.8 5.7 5.4 1.8095238095 6.163570706 8.7055575185 1.8194193466 4.7088191311 4.7723311278 1.7248334564 7.6924010611 1.4761904762 5.8501096867 6.1314757273 6.5825157082 11 4.8047379305 5.0671695589 4.62568603 4.5833292142 5.4 5.4 4.3703703704 4.3726779369 4.4166666667 4.4578685395 4.5716618094 5.7453558739 6.178511354 8.3333333333 9.1 6.15 9.9245006541 6.5 7.3
7.2 6.8 7.1 7.1 7.1 7.1 7.1 7.4 7.4 7.4 9.7297141553 7.4 7.8302373727 NaN NaN 6.5 4.25 11.3570224301 6.5 4.9041568138 8.0347716914 10.9869632333 11.6666666667 6.5782210422 5.803083626 5.5198724248 5.2222222222 6.2 6.5 6.2 6.2 6.5 9.1 6.2 5.6 5.6 6.5 6.5 6.5 6.5 6.2 10.1111111111 5.4 1.2923526966 4.7419755892 5.9590193633 5.4092535051 2.2060112703 6.5 8.7329525334 6.2 6.4632972377 5.8687796773 4.5714285714 1.3333333333 8.0236890968 4 8.8240453033 5.5786892072 5.0282174738 5.4 5.8333333333 1.8333333333 4.8333333333 4.8333333333 5.1111111111 5.178511354 7.3333333333 5 6.3570224301 5.0540925512 5.6666666667 9.5270461645 6.5 6.5 6.5
7 7.5 9 5 7 6.8 7.4 7.4 6.5 6.5 6.5 5.2450715499 7.4 NaN NaN 6.5 4.25 4.25 4.25 6.5 5.3384487607 8.9225890798 6.7578339874 6.0174833192 5.6230658168 5.4504210912 6.2 6.2 6.2 6.2 6.5 6.5 6.5 6.2 6.2 6.2 6.5 6.5 5.3094922192 6.2 10.3333333333 10.0540925512 5.4714045971 NaN 1.547996552 6.5617874766 7.5889883586 4.7467825041 8.1417852127 6.6903557635 6.2146632187 2.9684525146 2.3190387257 6.1487248999 1.9648090607 6.3 8.5911673208 6 10.0540925512 4.4134491708 4.5889883586 4.3333333333 7.3333333333 7.3333333333 7.3333333333 5.6666666667 5.6666666667 5.0540925512 4.7453558739 4.547996552 4.4134491708 7.2 7.2 6.9 6.9 6.5
7.2 7.5 7.3 7.1 7.1 7.1 6.2 7.4761904762 7.4761904762 7.547996552 7.6666666667 8.3333333333 7.4 NaN 4.25 4.25 4.25 4.25 3.95 5.8669472598 5.9285580409 5.9574333907 5.8326204837 5.6604794146 5.4928362784 4 6.5 NaN 6.2 6.2 6.5 4 6.5 6.5 6.5 6.55 9.1 6.55 9.3513641714 4.6666666667 7 5.4 NaN 5.2660289775 4.3928371643 1.547996552 4.7883656714 1.8888888889 2.2955834467 1.547996552 2.0595038309 7.7422194537 6.5 7.4042261031 5.5741510037 1.6117159916 5.8268983415 8.7994484251 13 2.0393446036 6.2 4.5555555556 4.5555555556 1.5555555556 4.5555555556 5.5270461645 4.4761904762 4.4134491708 4.3615508071 4.3094922192 4.2660289775 7.2328101159 7.2108185325 6.4 6.9 6.9
7.2 7 7.3 7.3 7.298142394 7.4714045971 7.9245006541 6.2 8.6666666667 6.5 7 8.6666666667 NaN 1.4166666667 4.25 4.25 4.25 3.95 3.95 6.2 6.5 6.5 6.2 5.4843909065 5.2032369137 5 9.1 6.2 6.2 4 6.5 6.5 6.5 6.5 9.25 9 9 6.2 4.4042261031 4.9245006541 4.3333333333 NaN NaN NaN 4.2660289775 1.3017858479 4.5062672167 4.6306599425 2.1428255525 4.3316790289 1.9524976531 5.5575575791 5.2635231517 4.253428636 1.2289342698 1.4639351726 6.5 2.0708927697 6.5 6.2 6.2 6.2 4.303030303 4.303030303 4.303030303 4.298142394 4.2777777778 7.2635231517 7.2 8 8 9.1 9.1 7.25 6.9 6.9
7.2 7 7 7.3 7.3 7 7.1 7.3 7.3 7.6 NaN 7.4 NaN 1.4042261031 3.45 3.95 7 3.95 3.95 3.95 6.5 9.235702243 6.2 7 9 6.2 6.2 6.55 9.1 6.5 6.5 6.5 6.5 9.3 9.2 6.2 5.6 5.6 5.6 5.49071197 2.6666666667 1.4969040394 NaN NaN 5.7 1.2217300308 6.5 6.5 2.0480521815 1.2217300308 1.8729948341 7.3333333333 5.2722222222 5.7 4 1.2129588438 1.5239042103 9.7804748005 6.5 10.3968852936 6.2 4.2758686137 1.2222222222 4.2222222222 4.2222222222 4.2202728564 5.2083333333 5.2021130107 9.1 9.05 8 8 8 7.2 9.1 6.9
7 7 7 7 7 7 7.3 7.3 7.3 7.3 NaN NaN NaN 1.3135735976 3.45 4.25 3.95 3.95 3.95 3.95 5 5 5 6.2 6.2 6.2 4 6.5 6.55 4 6.5 6.2 6.5 6.5 6.2 5.6 5.6 5.3192754236 5.5716618094 6.2 6.2 NaN NaN NaN NaN 1.2179068435 6.5 6.5 2.0555555556 1.2108185325 4.6666666667 1.3333333333 6.5 9.2 5 4 1.2635231517 4.4134491708 6.5 4.3333333333 6.2 5.4 6.2 1 1 6.9 7.2 7.2 4 7.2 8 8 8 7.2 9.1 6.9
