Outfile_2.asc
NCOLS 201
NROWS 151
XLLCORNER 730592.938286
YLLCORNER 2561222.529137
CELLSIZE 145.176046
NODATA_VALUE NaN
[rows 66 to 98 of 151, columns 75 to 149 of 201]
NaN NaN NaN NaN NaN NaN NaN NaN NaN NaN NaN NaN NaN NaN NaN NaN NaN NaN NaN NaN NaN NaN NaN NaN NaN NaN 6.35 3.299076262 2.7006636589 2.8053296488 5.3846975047 3.3900621611 2.2502212362 NaN NaN NaN NaN NaN 6.2874258846 2.0134491708 3.7723216919 2.6611111111 6.7084518793 2.4666666667 2.2555555556 2.3214045971 5.2042261031 6.4115508071 7.1953558739 27.8833333333 6.7 7.0540925512 6.4166666667 8.7666666667 6.3666666667 24.1166666667 9.55 8.85 6.5666666667 8.1 6.8361506991 11.35 7.7 9.65 8.6 8.75 8.75 16.3333333333 6.7166666667 19.9416666667 6.9888888889 6.6149362158 6.9348730697 7.0539126131 6.0703870548
NaN NaN NaN NaN NaN NaN NaN NaN NaN NaN NaN NaN NaN NaN NaN NaN NaN NaN NaN NaN NaN NaN NaN NaN NaN 2.0205792798 5.95 6.6490906338 3.7261588859 5.1789342698 6.45 6.15 NaN NaN NaN 7.3 8.55 19.1340685946 3.7876160094 3.1374258846 3.4994767825 1.6 4.8833333333 5.1333333333 3.3166666667 5.6040925512 2.4453558739 6.3205792798 6.7727786529 7.35 19.6919346658 15.8727786529 5.9901371761 6.0703703704 6.0703703704 6.0203703704 6.1703703704 7.95 9.7 9.3 7.9 7.95 9.75 7.95 8.65 9.75 9.15 11.35 9.65 7.8 11.8 21.3714285714 7.75 2.7833333333 16.8166666667
NaN NaN NaN NaN NaN NaN NaN NaN NaN NaN NaN NaN NaN NaN NaN NaN NaN NaN NaN NaN NaN NaN NaN NaN 3.5769562388 3.4940446391 NaN NaN NaN 6.25 6.15 NaN NaN NaN NaN 6.35 10.65 13.95 5.7859420902 2.9737387429 2.2802830782 2.1166666667 2.5833333333 2.6040925512 3.3166666667 12.9333333333 1.85 22.7454770164 6.5223216919 6.65460281 6.7148090607 6.1283329622 6.0405960329 6.1880952381 5.9880952381 2.0380952381 8.05 9.3 5.8880952381 7.7 7.9 10.65 7.95 8 7.9 9.1 15.55 8.35 8.6 9.15 5.5261904762 7.75 5.7421691488 7.45 2.7084518793
NaN NaN NaN NaN NaN NaN NaN NaN NaN NaN NaN NaN NaN NaN NaN NaN NaN NaN NaN NaN NaN NaN NaN 5.0578685395 7.1 20.2956526899 2.7730769231 6.4 NaN NaN NaN NaN NaN NaN 6.25 24.995 16.235446344 6.2313839675 2.30559494 5.2358309864 2.148142394 2.0833333333 5.0703703704 1.9134491708 5.0261904762 6.4216618094 7.35 29.9474744498 6.8 10.2 10.5881572756 6.8282174738 6.3252416018 13.1135735976 10.5 9.05 7.4 7.75 7 7.25 8 11.75 9.55 7.75 7.9 8.2 8.65 7 11.6 5.3194840324 7.55 2.8533108961 2.7452247076 5.8551154274 2.2681050248
NaN NaN NaN NaN NaN NaN NaN NaN NaN NaN NaN NaN NaN NaN NaN NaN NaN NaN NaN NaN NaN NaN 5.0899385949 20.0038255781 6.85 5.8851191813 10.088878435 6.55 2.123998276 6.6 NaN NaN NaN NaN 6.5 6.6 17.8681192171 5.35 5.8115508071 1.8393193566 4.9608185325 6.0742242458 5.9393193566 6.0564102564 8.75 12.6 5.75 6 6.15 5.65 15.1240453033 11.4047379305 8.6513189489 6.2205792798 6.1615508071 6.1268182948 5.9345325216 8.9 5.85 7.75 8.15 9.5 10.95 10.6 7.4 9 7.8 5.55 10.1 9.05 5.4 2.3222222222 2.5336139264 5.9456009364 2.0874901471
NaN NaN NaN NaN NaN NaN NaN NaN NaN NaN NaN NaN NaN NaN NaN NaN NaN NaN NaN NaN NaN 5.25 7 2.5353044011 5.8397412037 7.2646632187 6.35 6.2295713869 6.35 18.75 6.2 NaN NaN 6.5 6.0538357466 6.95 5.5 5.65 5.35 5.6 5.7 5.5 5.95 8.09984391 6.5 6.5 5.8 6.246856485 4.8 4.95 13.002378304 6.5541611408 1.9135231517 6.65 6.55 8.05 7.75 8.05 4.8547650464 8 10.35 9.25 8.4 12.6 7.05 6.85 7.2 7.85 5.05 2.1 4.9 2.4647188482 2.4094922192 7.1 4.2070224301
NaN NaN NaN NaN NaN NaN NaN NaN NaN NaN NaN NaN NaN NaN NaN NaN NaN NaN NaN 1.85 8 8.4 9.0668015807 6.85 6.5 6.75 5.95 6.45 6.25 11.55 NaN NaN 6.55 17.8087251934 6.1 25.0043333333 5.35 5.45 5.45 6.3270461645 15.8666666667 5.8 6.3 6.75 6.6 6.4 10.7 6.1 20.7518449158 22.456919727 13.8282174738 3.1330646666 2.8306741015 12.1070224301 6.45 6.65 8.4 22.9 8.95 8.15 8.8 8.95 9.75 10.7 8.5 7.65 6.9 11.15 4.85 1.9 1.95 2 2.2277777778 5.5761904762 3.3166666667
NaN NaN NaN NaN NaN NaN NaN NaN NaN NaN NaN NaN NaN NaN NaN NaN 6.75 1.75 2.3 6.45 7.1 7.8 9.4 6.6224739802 14.7455834467 6.4584518793 13.8559224131 6.2 6.2712869664 NaN 6.3 6.35 15.4863806577 6.25 2.3205792798 6.05 6.15 6.05 6.3 6.7 6.7 6.6 6.75 6.5 10.8928371643 6.25 6.2 6.05 6.1014076045 6.3494767825 21.8190355763 5.617051395 2.3122501134 6.7953558739 7.5666666667 9.4833333333 8.25 7.95 7.55 8.5 7.35 6.2703703704 12.35 8.1 8.9 11.9 6.3722222222 8.5 4.7 1.9 2.15 2.15 1.8777777778 5.3261904762 3.3666666667
NaN NaN NaN NaN NaN NaN NaN 6.95 4.55 NaN NaN NaN NaN NaN 1.9 1.85 6.2 6.1 7.15 6.9 16.8742242458 6.85 5.1928371643 6.7117382165 6.7 6.9801158374 19.9270112703 5.95 5.85 6.8 6.2 6.4 6.15 6.35 6.1 5.85 2.520674489 6.3 6.6 6.35 6.25 6.6 6.8 6.15 6.0166666667 6.05 6.3 5.803428636 6.0542261031 6.9245006541 6 6.5453558739 8.5 6.1374920661 6.5716618094 6.8111111111 8 6.56898463 13.3 8.1 9.3 7.35 6.7833333333 7.4 7.55 8 7.25 8.9 4.7 1.55 2.2 1.95 2.6277777778 5.2261904762 6.4666666667
NaN NaN NaN 6.85 5 4.8 4.5 5.1 4.8 4.55 4.55 4.95 7.05 7.35 6.65 6.6 8.1 6.2 12.6 6.4742242458 6.6946277864 6.1267895821 6.8 7.0070224301 14.8161434492 6.8913293538 6.05 3.2891639897 2.5160740412 5.8 2.7167993852 6.3 6.8 16.1985927876 5.85 6.269983854 5.7545637691 6.3621827039 6.7 6.45 6.35 6.75 6.7666666667 6.85 6.15 6.3453558739 8.7267895821 8.1946277864 16.7214045971 3.24071197 10.3833333333 2.9216618094 4.8192754236 6.0102895721 6.5726779369 6.6833333333 5.7 6.9584518793 6.3181050248 10.6 9.9 7.3 7.3 7.3 7.6 2.0333333333 8.4222222222 9.1 8.45 5.05 2.1 1.9 2.0277777778 2.1761904762 6.4166666667
NaN 6.8 4.8 4.8 4.05 4.1 4 4.75 5.1 4.6 6.05 7.05 6.7 5.1 6.8 6 6.25 6.1 5.1742242458 6.2 6.7267895821 6.7 19.9493333333 7.34071197 6.5166666667 19.9487895821 3.0723216919 6.4 6.5499159511 3.3161994504 2.1635735976 3.8164737863 5.4392557464 2.3928371643 6.25 6.6 6.1647188482 6.3328101159 2.0694840324 6.8 6.75 14.603030303 6.95 7 14.44071197 6.35 8.5856743286 6.6267895821 5.5055555556 15.1833333333 7.69071197 6.5214045971 10.4268182948 6.1742242458 6.4333333333 6.2166666667 9.8833333333 6.7040925512 6.3134491708 8.7 14.6 7.55 7.75 7.9 5.7453558739 5.0615508071 9.65 8.05 6.05 13 1.95 1.95 2.2277777778 7.3 6.6666666667
5.25 4.7 4.7 4.45 3.85 4.75 4.4 4.75 4.7 4.8 7.7 6.85 6.4 6.55 6.05 16.8 6 11.713394791 5.9 6 6.4856743286 6.8 8.24071197 6.6392557464 2.4928371643 25.0295555291 2.3749319761 7.7627204931 13.9740453033 5.9578339874 2.9287267571 2.5740079158 14.9415508071 6.6 6.5 6.65 6.8 5.25 1.95 6.9 6.7 4.814274771 2.0768182948 6.8 5.4892557464 3.54071197 21.0833333333 6.6859549217 17.2456009364 6 5.7987248999 5.9042261031 5.103428636 5.3108185325 6.003030303 6.5055555556 6.3166666667 7.3666666667 6.4761904762 9.6 13.0789342698 7.55 6.4166666667 9.05 6.5833333333 10.05 13.9 11.8 9.8 5.9 4.8 1.95 5.8268182948 9.55 12.39071197
5.4 3.9 3.8 3.7 4.35 4.5 4.7 4.75 4.6 4.65 6.8 7.1 6.4 5.1 8.85 6.3 6.15 8 6.1 6.6953558739 6.7 6.978511354 6.5205792798 2.3115508071 6.4446277864 25.0295546285 25.1080193633 4.4539264695 5.0111149814 3.6467854397 6.6 6.2 6.25 6.2 5.55 5.6 6.1 14.9819342698 6.1567245426 6 12.55 6.8 6.9 6.6 6.2615508071 6.35 7.1787919471 6.35 17.8629494148 10.85 14.9724286252 6.1491289 5.9828101159 9.4 1.8768182948 6.0714045971 6.0369026671 18.1889883586 6.5006271054 11.7138488355 10.2 8.65 9.6 21.8550633642 9.7 9.55 5.3880952381 8.5 10.65 14.25 7.6 8.45 5.2564102564 7.7 12.7992063492
4.25 4.3 4.4 4.7 4.45 4.4 4.7 4.7 4.45 4.6 7.3 6.8 6.5 1.95 5.8 6.6 6.8 19.498142394 7 3.7166666667 7.34071197 6.4392557464 2.1884487607 13.9135735976 2.5267895821 2.9356743286 20.5784048832 6.6740453033 3.5801158374 3.2153372142 5.4897640738 2.7573155329 5.9 6.05 6.15 10.3714045971 6.45 6.7 6.35 12.8461517174 14.9713279424 6.6098388924 5.4892203723 5.3564102564 5.1118913743 6.55 6.2 6.1169601147 6.6392557464 14.9453557635 14.9282996679 6.3128248883 6.3666087768 11.2 5.4056550252 5.3585207206 6.5417852127 6.0634491708 6.85 19.3383691019 6.6 9.55 2.7524976531 9.25 9 2.6181350989 2.0203703704 8.2 14 13 8.55 5.5401371761 2.6644313952 8.85 7.95
4.15 4.65 4.75 4.3 4.55 4.55 4.45 4.75 4.6 4.6 7 7.3 6.35 6.9 6.65 7.05 6.55 6.7 6.95 6.9 19.9793333333 2.2428371643 2.2635735976 7.05 7 9.2070224301 7.2705455818 8.45 7.8120225406 8.206466985 3.3245602819 7.1 6.75 6.55 6.6 7.65 6.85 6.85 6.4 6.3934849615 15.0605013475 5.7 6.25 6.2 5.75 6.1 5.85 6.3 6.3 5.1 6.7707592179 15.0037379305 5.199404584 5.0587567673 5.4540382048 6.3528909085 6.8159705015 25.0917852127 6.6 7.05 6.8 7.5190047263 6.8595038309 22.8813298853 7.3455834467 2.5248334564 14.15 2.4166666667 5.3666666667 12.85 2.3166666667 2.4774851991 3.3314757273 3.0547379305 9.4
4.5 4.5 4.65 4.7 4.4 4.65 4.9 4.85 4.75 4.55 7.25 6.85 6.85 6.5 6.65 6.15 7.6 7 6.8 5.85 6 6.95 7.05 6.9 15.0070224301 7.69071197 7.9 7.0475950733 14.6073786367 13.0073786367 15.0590712638 14.9744849615 14.9896666667 14.8166666667 14.9796666667 7.95 6.85 3.9070224301 14.9915829038 6.3 6.45 6.35 6.2 6.5181192171 5.3729948341 6 5.8434562487 6.05 5.9372459465 9.6451780206 2.3205792798 3.5282210422 6.1890396954 5.3682213103 5.443952253 6.2851191813 6.6535521076 14.7403557635 5.5084518793 6.9 5.3573786367 17.1786892072 29.9913298853 13.9403557635 6.1917852127 1.9681050248 1.9874901471 4.6 4.5 4.9 7.6 4.9222222222 9.9666666667 6.1 8.1
4.75 4.35 4.4 4.9 4.5 4.5 4.75 5.05 4.95 5.1 7.15 6.7 8.65 2.15 7.3 6.75 6.55 6.25 8.1 12.185446344 18.3116480027 7 7.75 4.8 6.39071197 6.4892557464 7.15 6.7282174738 9.4881572756 15.1107128312 7 7.05 7.4 7.6 8.45 7.2 6.6084518793 7 8.2723216919 8.25 7.25 6.5240453033 5.25 5.25 5.25 6.25 6.1 14.9936666667 6.45 6.25 6.5 14.9416666667 7.8009114294 2.5958674673 8.8 2.2993623108 6.85 16.6313298853 18.6455834467 8.4302373727 3.1040925512 3.2911673208 8.0955834467 3.2917852127 3.1725890798 6.7 5.8956009364 5.5166666667 2.5166666667 2.4666666667 5.5666666667 8.05 10.1 17.75 14.55
4.55 4.45 4.95 4.9 4.65 4.9 5.25 4.95 4.75 4.8 4.8 4.45 6.85 6.4 5.8 6.15 7.15 7.35 20.0088658549 19.6181192171 3.0707704779 6.3405296316 8 6.1292657005 8.5 7.8 7.15 2.619104196 7.2522349452 7.15 7 6.75 7.15 7.8 7.3 7.6 2.4226779369 7.55 6.5590005921 7.15 3.3754153933 6.5 6.65 6.3 6.05 6.2 6.3 14.9356666667 7.25 13.5551154274 5.8742996679 3.8444323581 11.2338120122 2.7475304232 6.0737619586 2.191134965 5.443075142 6.8684525146 7.0958969948 12.5 2.2134491708 3.1893446036 2.8285371601 2.7884753952 2.4588191311 6.5 7.5 5.3833333333 5.3333333333 15.35 2.1833333333 5.8833333333 11 10.35 10.4
4.6 4.65 4.8 4.85 4.8 4.85 5 4.9 4.65 4.6 4.8 4.95 6.55 7.9 6.7 6.7 7.2 7.3 7.1 19.9615834467 19.176507906 2.4928371643 7.826286502 7.2137572938 12.7335203106 8.05 7.05 5.1203703704 6.240057876 7.1 7.15 7.7 1.9768182948 7.25 7.75 2.2564102564 6.1564102564 7.2 10.15 7.4 7.75 7.95 2.7843572659 6.75 7.75 7.2 2.611450055 6.15 14.1807843887 2.5598879263 6.3321701562 9.8983456956 10.2691643198 6.9987248999 5.2634491708 5.103030303 5.4261904762 11.3245942812 3.1132241218 6.0161434492 5.5889883586 2.7140561799 5.4957042423 2.5255853852 5.1670295079 2.2377707402 5.0222222222 2.1722222222 5.0722222222 5.2222222222 11.05 9.95 12.85 2.9047725789 6.2461399758
3.95 4.35 4.25 4.95 5.1 5.5 4.75 5 4.9 4.95 4.8 4.55 6.5 6.95 6.65 6.75 6.4268182948 7.95 7.6 19.9659632333 7.0570224301 8.526507906 9.1064484313 7.9685658488 6.5802373727 7.2 7.15 6.95 8.45 9.5768601941 13.05 15.0157387429 3.1246415108 5.3261904762 2.3261904762 2.2666666667 7.65 5.5166666667 2.7419755892 2.8416625669 7.15 12.9738672278 7.05 8.2 2.635446344 6.95 6.6827011897 7.0934982679 2.2923526966 2.5723216919 10.4350892186 6.2 7.7893298864 8.50209398 6.6273168347 6.4630813152 6.2 6.65 5.9611111111 2.5333333333 9.8333333333 2.4555555556 6.003030303 2.0222222222 1.55 6.15 4.6 1.9 7.8 7.8 8 8.95 15.9 4.1070227079 3.0245006541
5.9 5.55 5.2 5 4.6 4.35 4.4 4.45 4.15 4.4 4.65 4.35 6.6 6.85 5.2047650464 6.55 7.7 8.2 7.1 7.1 10.3 17.9103794978 20.0220453033 25.0011673208 7.1153372142 6.9618805153 24.95498463 6.4422194537 7.4 21.1270461645 7.2302373727 7.2 15.0849026671 6.45 5.8111111111 7.05 7.85 9 8.1 7.7 12.7944444444 15.208 9.7 15.0283636364 4.9083333333 7.25 8.4 15.0982244134 2.7376880965 8.25 7.9 6.85 7.1 15.0224487607 2.9265569041 6.3138991347 2.3239552048 3.5666666667 2.8111111111 3.3111111111 4.3070224301 2.347996552 6.3 5.0717300308 6.35 4.45 7.05 4.8067245426 5.0484520197 2.0081667897 2.0134491708 5.7406649427 7.9 3.228511354 6.3578339874
5.9 5.9 4.8 5.95 5.7 12 6.25 6.4 5.95 4.7 4.65 5.35 4.75 6.9 6.95 6.65 7.65 11.45 6.1268182948 7.097178591 13.9348537679 9.563570706 6.9540925512 8.1141856825 9.5471596063 8.89984391 8.25 20.4184525146 20.4313298853 15.9240453033 7.65 6.4634491708 13.1389883586 8.1 14.9970224301 13.0833333333 15.0193333333 10.5333333333 14.9679860233 3.8144437802 8.1 6.95 7.05 6.8 7.1 8.05 7.35 7.3 5.1815230842 5.9032244134 6.4194011491 6.6805354371 7.1338046346 7.6299677164 10.175118546 2.7976254443 5.2856826954 6.6813855149 3.4111111111 3.3111111111 6.9666666667 15.8 5.3277777778 7.15 2.1564102564 6.5 5.0564102564 7.3 8.25 5.2214045971 7.3 4.296961025 9.1437398861 3.4935428681 4.4043547631
NaN 2.2 6.25 6.25 6.4 5.25 6.15 6 6.2 6.45 6.05 6.45 12.05 10.75 6.95 6.75 20.05471197 8 7.6853191866 15.566476147 12.5598811283 7.4578339874 8.95 7.5091218061 7.1 14.3850406063 6.7266136648 8.8458969948 7 12.4120225406 14.9766890968 7.7393446036 7 7.7794273899 5.547996552 2.5055555556 6.6 6.0555555556 10.9302830782 6.95 6.85 5.4585392229 5.4839733804 6.9 5.4115508071 5.9329332032 3.2093499059 10.8990013082 8.05 8.6 14.9837344001 5.9103794978 2.0681050248 6.1417852127 4.2570224301 6.0621722674 5.3578695051 6.5883966975 5.9611111111 6.0111111111 3.7166666667 2.3261904762 5.4401371761 7.7 7.75 6.55 7.1 7.35 7.7 7.85 7.35 6.44071197 5.6589232249 6.0874474468 2.9148399063
NaN NaN 6.3 5.4 19.959 5.85 5.9 5.85 4.95 12.45 11.25 5.95 14 11.15 7.4 7.45 7.35 6.8 6.6122501134 8 7.75 7.2 14.0223216919 6.7760343862 8.55 6.7 6.4042261031 14.5011991882 6.3 6.55 6.6 9.2001731634 8.7440446391 9.7934119078 6.9584518793 5.4166666667 2.1469040394 2.0901371761 15.0244922192 5.2194840324 6.85 6.9 5.3266010238 8.15 9.7 5.6471540342 3.1873355562 5.9176752738 8.3117989856 7.85 8.2707592179 2.9802373727 5.5248334564 5.6678056689 6.938708522 3.8934562487 5.7048156164 6.4229948341 2.9111111111 7.85 9.1 7.7 8.05 3.0111111111 2.9611111111 6.0111111111 2.8111111111 7.9 7 7.55 6.95 7.25 5.5115508071 5.4923526966 5.3876880965
NaN NaN 6.55 2.2 6.25 6 6 5.95 6.25 16.3 12.8 6 19.903 7.15 7.85 7.2 7.05 7.1 7.7 9.25 8.6 8.95 11.2540925512 6.0634491708 5.9768182948 6.2258686137 6.7033326691 14.2705834467 6.75 7.35 3.5666666667 8.3277777778 12.9333333333 15.0377435897 6.4 6.7 6.6 6.4584518793 6.987864697 10.685208726 15.0181472445 7.1 2.3300971077 4.903030303 5.748142394 14.9808182948 8.1 9.65 7.45 8.3060112703 2.6719010501 7.7 6.1335203106 2.3074638207 2.7471417218 5.1758686137 2.728316797 3.4233912093 10.4658761576 6.7084518793 6.5 8.6833333333 6.45 6.6166666667 3.7166666667 3.3666666667 3.4166666667 6.3666666667 7.5166666667 12.9745006541 7.1 7.4 7.9 4.9311250567 7.65
NaN NaN NaN 5.9 6.45 NaN 6.25 5.05 9.85 12.1 9 9.15 11 6.8578685395 10.75 9.3 10.7270461645 4.9884487607 7.9 7.2 9.2 7.6 9 6.5615508071 6.1446277864 6.3767895821 6.61898463 7.678511354 6.75 14.9971587328 7.4 6.55 14.9915231453 8.8948749122 6.8 15.0643333333 6.4666666667 2.0067245426 12.0434849615 2.7811298163 6.2 6.2 7.1 7 7.45 6.5897785367 15.213521847 6.85 8.65 3.2235829038 8.05 7.6 9.4289342698 5.2616052299 13.8849737791 11.4117382165 14.82568603 3.6148090607 6.45 6.4 6.55 6.4 2.3055555556 2.1270461645 6.8 6.55 6.3761904762 5.3261904762 6.3761904762 2.4876880965 6.3135735976 6.5311250567 6.35 6.0647188482 28.1
7.6 7.8 NaN NaN 6.25 6.4 6.5 10.75 16.1 5.2 14.45 6.3242242458 12.95 8.7 13.7 8.65 NaN 1.9847858837 6.75 6.7 6.85 15.0643333333 6.3537203881 6.1816790289 6.1267895821 6.4856743286 12.0333333333 14.1833333333 9.7 11.15 7.75 10 7.85 2.8062672167 8.1 6.75 6.25 7.6 6.7 6.5 4.6707592179 6.6 5.6026087569 7.15 6.9850406063 6.4353397564 6.8 7.05 8.5705960277 2.8343272963 2.2874920661 2.1564102564 10.8 5.2064102564 2.4885891958 15.0197852127 15.0302373727 6.7937128312 7.1 7.05 2.4358404189 2.103030303 2.253030303 2.148142394 4.9277777778 2.0277777778 5.9777777778 5.1777777778 2.2777777778 4.9194840324 6.3311250567 5.9828101159 11.5160289775 5.8094922192 7.6
8.1 8.1 7.85 NaN NaN NaN 4.95 17.15 8.7 9.05 NaN 14.2058900823 12 9 7.8 7.45 7.4 7.25 9.4268182948 6.2013641714 6.9666666667 6 6.96056489 6.7011704976 6.21898463 11.4070224301 8.8666666667 7.5 7.5 7.05 8.5 5.5227487108 5.2675430751 2.1742242458 6.1393193566 7.75 6.3 7.35 6.9 7.4125444306 8.8070224301 10.9591076631 6.45 3.1328411419 6.9117382165 13.7060112703 8.5736890968 5.4453558739 3.2219010501 5.9615754658 2.6002554047 11.1722222222 7.25 2.1757618163 2.5477602346 7.9 8.8911673208 14.9218446873 3.9356117652 2.3708927697 2.0669517877 1.8722222222 1.8222222222 1.8202728564 2.0583333333 5.2083333333 4.9583333333 2.1083333333 5.1183739396 4.9950715499 5.1758686137 13.5192754236 8.3226779369 6.95 7.15
7.9 14.5 8.3 7.9 10.7 7.9 NaN NaN NaN NaN NaN 9.55 2.3893446036 7.1 14.152378304 7.4 8.2 13.0187796773 8.45 7.25 6.1969040394 10.5752444916 12.2418083139 6.8922860495 7.4165805837 8.8312466759 6.5166666667 7.25 8.85 7.75 8.95 7.55 7.4 7.15 7.7 6.5 6.55 6.3 6.4 7.05 15.052708522 7.6595038309 6.85 6.6 2.7318455014 2.9801158374 4.2326039052 14.9073786367 5.8683086365 6.95 5.5409187831 15.0562543046 6.023998276 2.1347858837 6.5963442264 6.6980057157 7.1601749826 14.9798339874 6.9523409952 5.3870412155 4.9921966066 1.8880952381 4.8380952381 4.9880952381 4.9880952381 5.4950715499 6.75 10.5258686137 8.55 3.0726779369 8.2578685395 5.2216618094 10.0584518793 7.14071197 6.85
7.4 10.25 4.9 9.05 8.9 14.65 7.55 12.95 8.95 8.4 9.25 NaN NaN 7.8 7.3 NaN NaN 7.25 7.4 13.9634491708 14.0415219852 7.2 6.2122501134 11.3340669095 6.1767895821 6.721505315 9.8697773382 6.85 7.65 7.75 8.6 8.9 5.1 12.75 10.75 6.5 7.1 6.25 6.9 2.8074638207 7.5 15.0323623108 5.9 7.3 6.35 2.7595238095 7.113570706 14.9365575185 3.2194193466 5.6588191311 5.6723311278 2.8748334564 14.9644010611 2.5761904762 6.6001096867 7.6314757273 8.3325157082 14.984 5.4047379305 5.6171695589 4.97568603 5.0333292142 5.95 6.05 5.0703703704 5.3226779369 5.3166666667 5.3578685395 5.6216618094 6.3953558739 7.178511354 14.8333333333 14.8 6.75 26.1745006541
7.9 8.95 8.2 7.8 8.15 7.4 9.6 8 7.9 9.3 8.7 13.1797141553 8.05 10.9802373727 NaN NaN 6.75 4.9 12.4070224301 8.8 5.9041568138 11.1347716914 14.1369632333 14.9986666667 6.9782210422 6.353083626 6.4698724248 6.2222222222 6.85 7.6 6.8 6.75 9.95 15.072 6.95 6.5 6.55 7.7 8.15 8.55 7.8 8.25 14.9971111111 6.4 2.0923526966 5.3419755892 6.4590193633 6.2592535051 3.0560112703 7.2 14.9969525334 7.1 7.9132972377 7.7687796773 5.4714285714 1.9333333333 13.3236890968 4.8 10.5240453033 6.2786892072 5.7282174738 5.9 6.4333333333 2.4333333333 5.7833333333 5.5333333333 5.9111111111 6.428511354 9.5833333333 5.9 7.2070224301 5.9540925512 6.7666666667 17.2770461645 8.85
9.9 7.6 8.15 20.008 5.5 7.35 7.25 9 9.35 7 6.95 7.1 6.0950715499 9.6 NaN NaN 6.85 4.55 4.9 4.55 7.9 6.0884487607 14.9325890798 9.1078339874 6.7674833192 6.8730658168 6.4004210912 7 6.7 6.65 6.85 7.85 7.9 7.45 7.1 6.85 6.7 8.5 8.1 6.2094922192 6.75 14.9893333333 14.9600925512 6.1214045971 NaN 2.447996552 7.9117874766 8.9889883586 5.4967825041 14.9507852127 7.7903557635 6.8146632187 3.8684525146 3.1690387257 6.9487248999 2.7148090607 6.85 13.3411673208 7 12.6040925512 5.1634491708 5.2889883586 5.0333333333 10.3333333333 7.8833333333 13.3833333333 6.3666666667 6.5666666667 6.2040925512 5.7953558739 5.647996552 5.1134491708 8.75 7.9 9.35
7.75 11.3 8.05 8.25 7.65 8.45 7.8 6.6 8.9761904762 8.7261904762 10.497996552 12.6666666667 11.3333333333 8.35 NaN 4.45 4.6 4.85 4.9 4.25 6.7169472598 6.8785580409 6.8574333907 6.9826204837 6.8104794146 6.5928362784 4.55 8.25 NaN 6.75 7 7.5 4.85 7.55 7.2 6.9 7.65 13.25 8.2 14.9863641714 5.4666666667 11 6.2 NaN 5.9160289775 5.0428371643 2.147996552 5.8883656714 2.4888888889 2.8455834467 1.847996552 2.5095038309 9.8922194537 7.45 11.7542261031 6.5741510037 2.4117159916 6.4768983415 10.3994484251 21.65 2.6393446036 7.2 5.1555555556 5.3055555556 2.0055555556 5.2555555556 6.1270461645 5.4261904762 5.7134491708 5.6115508071 5.0094922192 5.1160289775 12.6828101159 11.6108185325 6.95
