Outfile_1.asc
NCOLS 201
NROWS 151
XLLCORNER 730592.938286
YLLCORNER 2561222.529137
CELLSIZE 145.176046
NODATA_VALUE NaN
[rows 66 to 98 of 151, columns 75 to 149 of 201]
NaN NaN NaN NaN NaN NaN NaN NaN NaN NaN NaN NaN NaN NaN NaN NaN NaN NaN NaN NaN NaN NaN NaN NaN NaN NaN 6.1 3.099076262 2.6506636589 2.7053296488 5.1846975047 3.0900621611 1.9502212362 NaN NaN NaN NaN NaN 5.9374258846 1.9134491708 3.5223216919 2.5111111111 6.4084518793 2.2666666667 2.1055555556 2.1214045971 4.9542261031 6.1115508071 6.6453558739 24.7833333333 6.4 6.9040925512 6.2166666667 8.6666666667 6.2666666667 23.0166666667 8.35 8.7 6.3166666667 7.95 6.5861506991 7.7 7.05 9 7.9 7.65 7.85 15.1833333333 6.4666666667 16.8166666667 6.6888888889 6.5149362158 6.8848730697 6.9539126131 6.0203870548
NaN NaN NaN NaN NaN NaN NaN NaN NaN NaN NaN NaN NaN NaN NaN NaN NaN NaN NaN NaN NaN NaN NaN NaN NaN 2.0205792798 5.85 6.3490906338 3.5761588859 4.8289342698 6.25 6 NaN NaN NaN 7.3 7.95 17.3840685946 3.4876160094 2.8374258846 3.1994767825 1.35 4.7333333333 4.9333333333 3.2166666667 5.4040925512 2.1453558739 6.1205792798 6.5227786529 6.95 17.4919346658 12.5727786529 5.8901371761 5.8703703704 5.9703703704 6.0203703704 6.0203703704 7.85 9 8.75 7.25 7.75 7.95 7.7 7.95 8.1 7.95 9.05 8.45 7.75 8 19.7714285714 7.65 2.6833333333 14.7166666667
NaN NaN NaN NaN NaN NaN NaN NaN NaN NaN NaN NaN NaN NaN NaN NaN NaN NaN NaN NaN NaN NaN NaN NaN 3.3769562388 3.3940446391 NaN NaN NaN 6.15 6.05 NaN NaN NaN NaN 6.25 9.45 11.6 5.4359420902 2.3237387429 1.9802830782 1.9166666667 2.3833333333 2.5040925512 3.2666666667 12.2333333333 1.65 17.0954770164 6.2723216919 6.35460281 6.5148090607 6.0283329622 5.7905960329 5.8880952381 5.7880952381 1.9880952381 7.35 7.65 5.6880952381 7.15 7.85 10.6 7.85 7.8 7.2 8.4 12.8 7.95 7.8 8.95 5.2761904762 7.55 5.6421691488 7.25 2.5584518793
NaN NaN NaN NaN NaN NaN NaN NaN NaN NaN NaN NaN NaN NaN NaN NaN NaN NaN NaN NaN NaN NaN NaN 4.8078685395 6.8 20.2446526899 2.5230769231 6.35 NaN NaN NaN NaN NaN NaN 6.1 17.575 13.985446344 5.8813839675 2.00559494 4.7358309864 1.848142394 1.7833333333 4.9703703704 1.8634491708 4.9761904762 6.2716618094 7.05 26.2554744498 6.65 8.9 7.8381572756 6.7782174738 6.3252416018 9.7635735976 8.7 7.7 7.1 7.75 6.9 7.15 7.35 11.65 9.45 7.65 7.7 7.45 7.85 6.95 8.1 4.8694840324 7.15 2.5533108961 2.4952247076 5.5551154274 2.0181050248
NaN NaN NaN NaN NaN NaN NaN NaN NaN NaN NaN NaN NaN NaN NaN NaN NaN NaN NaN NaN NaN NaN 4.5399385949 15.5758255781 6.5 5.3851191813 9.888878435 6.4 1.973998276 6.25 NaN NaN NaN NaN 6.15 6.25 10.8181192171 5.2 5.6615508071 1.4893193566 4.6608185325 5.7742242458 5.6893193566 5.9564102564 8.55 10.2 5.65 5.8 5.85 5.4 14.5240453033 10.8047379305 6.9513189489 5.7705792798 6.0115508071 5.8768182948 5.8345325216 7.55 5.65 7.7 8.1 8.9 9.9 9.45 7.2 8.35 7.75 5.45 8.75 8.9 5.05 1.9722222222 2.3836139264 5.5956009364 1.9374901471
NaN NaN NaN NaN NaN NaN NaN NaN NaN NaN NaN NaN NaN NaN NaN NaN NaN NaN NaN NaN NaN 4.65 6.65 2.2853044011 5.5397412037 6.9146632187 6.1 6.0795713869 6.25 15.1 6.1 NaN NaN 6.3 5.6538357466 6.55 5.25 5.25 5.15 5.4 5.3 5.25 5.85 7.79984391 6.15 6.2 5.5 6.096856485 4.55 4.6 11.902378304 6.4041611408 1.8635231517 6.4 6.45 7.8 7.7 7.95 4.8047650464 7.75 8.65 9.1 8.2 10.95 6.95 6.8 7 7.25 4.75 1.85 4.6 2.1647188482 1.9594922192 6.9 3.9570224301
NaN NaN NaN NaN NaN NaN NaN NaN NaN NaN NaN NaN NaN NaN NaN NaN NaN NaN NaN 1.5 7.2 7.05 8.5168015807 6.6 6.3 6.45 5.8 6.25 6.05 11.45 NaN NaN 6.35 14.4087251934 5.9 24.1833333333 5.1 5.25 5.15 6.0770461645 10.0166666667 5.5 6 6.35 6.3 6.2 10.4 5.9 16.0518449158 11.556919727 11.6282174738 3.0330646666 2.5806741015 9.3570224301 6.3 6.55 8.25 16.7 8.9 8.05 8.7 8.7 8.4 10.5 8.4 7.1 6.7 8.35 4.6 1.8 1.65 1.8 2.0277777778 5.2761904762 3.1666666667
NaN NaN NaN NaN NaN NaN NaN NaN NaN NaN NaN NaN NaN NaN NaN NaN 6.5 1.6 2 5.95 6.75 6.9 7.05 6.3724739802 14.5455834467 6.2584518793 12.7059224131 6.05 6.0212869664 NaN 6.15 6.2 10.8863806577 6.05 2.1205792798 5.9 5.9 5.75 6.05 6.3 6.35 6.3 6.35 6.25 9.5928371643 5.95 6 5.9 5.9514076045 6.2994767825 20.1690355763 5.517051395 2.0622501134 6.5953558739 7.4166666667 9.4833333333 8.2 7.75 7.55 7.9 7.1 6.0203703704 7.5 7.85 8.5 8.6 6.1222222222 7.7 4.45 1.65 2 1.7 1.7777777778 4.9761904762 2.9666666667
NaN NaN NaN NaN NaN NaN NaN 6.65 4.4 NaN NaN NaN NaN NaN 1.65 1.5 6.05 5.9 6.75 6.05 9.5242242458 6.7 4.9428371643 6.3117382165 6.6 6.6801158374 18.2560112703 5.6 5.45 6.5 5.9 6 6 6.3 5.95 5.85 2.370674489 5.9 6.25 5.95 5.95 6.2 6.5 6.05 5.8666666667 5.8 6.05 5.703428636 5.9042261031 6.7745006541 5.8 6.2953558739 7.85 5.8874920661 6.4716618094 6.7111111111 7.9 6.31898463 9.5 7.35 7.95 7.15 6.6833333333 7.35 7.5 7.9 7.05 8.7 4.6 1.4 2 1.7 2.2277777778 4.9761904762 6.0166666667
NaN NaN NaN 6.7 4.75 4.65 4.45 4.8 4.45 4.35 4.45 4.75 6.75 7.15 6.45 6.25 7.85 6 8.7 6.0742242458 6.2446277864 5.9267895821 6.45 6.6570224301 10.9661434492 6.6413293538 5.7 2.8891639897 2.1660740412 5.7 2.5167993852 6.1 6.65 15.0485927876 5.75 6.169983854 5.4545637691 6.1121827039 6.3 6.3 6.2 6.55 6.5166666667 6.7 5.85 6.2453558739 7.9267895821 8.1946277864 15.0714045971 3.24071197 10.3333333333 2.5216618094 4.6192754236 5.4602895721 6.2726779369 6.4833333333 5.55 6.7084518793 6.0681050248 10.25 7.3 7.25 7.25 7.3 7.55 2.0333333333 7.7222222222 8.95 7.7 4.65 1.75 1.7 1.8777777778 2.0261904762 6.1666666667
NaN 6.75 4.6 4.7 3.9 4.05 3.85 4.35 4.65 4.25 5.6 6.9 6.3 4.7 6.3 5.85 6.1 5.9 4.8242242458 5.95 6.3267895821 6.55 16.3833333333 6.99071197 6.1666666667 13.2767895821 2.6223216919 6.25 6.1999159511 2.9661994504 1.8635735976 3.4164737863 5.1892557464 2.0428371643 6 6.45 5.8647188482 5.8828101159 1.7694840324 6.55 6.4 12.503030303 6.8 6.5 12.09071197 6.2 8.3356743286 6.2767895821 5.1055555556 10.9333333333 6.84071197 6.1714045971 8.1268182948 5.7742242458 6.1333333333 6.1166666667 9.2833333333 6.4540925512 6.0634491708 7.9 10.25 7.25 7.55 7.75 5.5953558739 4.9615508071 8.9 7.2 5.55 7.6 1.6 1.65 1.9777777778 7.2 6.4666666667
5.2 4.45 4.55 4.35 3.7 4.6 4.15 4.3 4.45 4.4 6.7 6.65 6.1 6.15 5.85 14.1 5.75 11.513394791 5.7 5.85 6.2356743286 6.6 6.99071197 6.3392557464 1.9428371643 24.6425555291 2.1249319761 6.9127204931 10.8240453033 5.5078339874 2.7787267571 2.3740079158 14.9235508071 6.3 6.45 6.4 6.6 4.7 1.65 6.55 6.65 4.614274771 1.9768182948 6.5 5.2392557464 3.09071197 14.7333333333 6.5859549217 11.8456009364 5.85 5.6487248999 5.9042261031 4.853428636 5.1608185325 5.903030303 6.1555555556 6.2166666667 7.2166666667 6.3761904762 9.45 10.3289342698 7.35 6.3666666667 8.8 6.3833333333 8.8 11.6 9.4 8.25 5.6 4.65 1.7 5.4268182948 8.3 10.59071197
5.05 3.5 3.7 3.65 4.25 4.35 4.4 4.4 4.3 4.5 6.55 6.7 6.15 4.95 7.1 6.1 5.7 7.3 5.9 6.3953558739 6.5 6.478511354 6.1705792798 2.0115508071 6.1446277864 24.9365546285 21.5590193633 4.3039264695 4.7111149814 3.4967854397 6.3 5.95 6 6.05 5.4 5.4 5.75 14.0789342698 5.9067245426 5.8 11.35 6.6 6.45 6.3 6.0115508071 6.1 6.7787919471 6.05 12.9629494148 7.75 13.4404286252 6.0991289 5.8828101159 8.65 1.6768182948 5.9214045971 5.8369026671 14.3889883586 6.3006271054 10.6138488355 8.95 7.85 8.35 14.1550633642 7.9 8.3 5.0380952381 8.45 9.9 12.5 7.4 8.25 5.0064102564 7.45 12.6492063492
4.1 4.05 4.25 4.45 4.35 4.3 4.4 4.3 4.35 4.4 6.9 6.5 6.3 1.7 5.65 6.25 6.7 12.748142394 6.7 3.3166666667 6.99071197 5.9392557464 1.8384487607 10.1635735976 2.2267895821 2.6856743286 19.4784048832 6.3740453033 3.3301158374 3.1153372142 5.0397640738 2.4073155329 5.75 5.9 5.95 8.4714045971 5.95 6.3 6 11.0961517174 10.3693279424 6.3598388924 5.1892203723 5.1064102564 4.8118913743 6.35 6 5.8669601147 6.2392557464 12.6903557635 12.4742996679 6.1128248883 6.1166087768 10.45 5.2056550252 5.2585207206 6.3417852127 5.8634491708 6.5 16.6383691019 6.5 8.4 2.4024976531 8.15 8.85 2.3181350989 1.9203703704 7.65 12.3 12.75 8.45 5.3401371761 2.5144313952 8.65 7.3
4 4.6 4.6 4.1 4.4 4.3 4.25 4.45 4.55 4.3 6.65 6.9 6.15 6.7 6.5 6.75 6.25 6.4 6.6 6.45 19.9343333333 1.9428371643 2.0135735976 6.7 6.75 7.9570224301 6.9705455818 7.05 7.5620225406 7.906466985 2.9245602819 6.65 6.35 6.25 6.15 6.55 6.55 6.6 6.3 6.2434849615 14.9825013475 5.45 6.1 6.15 5.7 6 5.8 6.05 6.15 4.75 6.4707592179 15.0017379305 5.099404584 4.9087567673 5.2540382048 6.1528909085 6.6659705015 18.2917852127 6.3 6.85 6.65 6.7690047263 6.6595038309 15.9813298853 7.2455834467 2.4748334564 13 2.1666666667 5.2666666667 11.7 2.2666666667 2.3774851991 3.1314757273 3.0047379305 7.7
4.3 4.25 4.5 4.45 4.3 4.55 4.55 4.55 4.5 4.25 6.85 6.7 6.6 6.2 6.3 5.85 6.8 6.65 6.5 5.55 5.85 6.65 6.6 6.8 10.3070224301 7.54071197 6.8 6.4975950733 10.8573786367 10.2073786367 13.0880712638 12.8434849615 12.1666666667 9.1166666667 12.8166666667 7.1 6.55 3.7570224301 14.9625829038 6.25 6.3 6 6.1 6.5181192171 5.3229948341 5.8 5.6934562487 5.75 5.7372459465 8.9451780206 2.1205792798 3.2282210422 5.7890396954 5.2182213103 5.143952253 6.2351191813 6.5535521076 13.1403557635 5.2584518793 6.8 5.0573786367 10.4286892072 24.7813298853 11.6403557635 5.8917852127 1.8681050248 1.8874901471 4.45 4.4 4.6 7.4 4.7722222222 9.7166666667 5.8 7.7
4.5 4.25 4.35 4.85 4.45 4.4 4.35 4.75 4.75 4.65 6.8 6.5 7.8 1.6 6.9 6.4 6.35 6 6.8 11.335446344 13.9616480027 6.75 6.8 4.45 6.19071197 6.1392557464 6.95 6.4282174738 7.8881572756 15.0167128312 6.85 6.9 7 6.75 7 6.75 6.4584518793 6.95 7.6723216919 8.1 7 6.3240453033 5.15 5.25 5.2 5.9 6 14.9646666667 6.15 6 6.35 14.9406666667 7.1509114294 2.2458674673 8.7 2.1493623108 6.7 14.3813298853 17.4455834467 7.1302373727 2.9040925512 3.1911673208 7.2455834467 3.1417852127 2.9725890798 6.55 5.6956009364 5.2166666667 2.2666666667 2.2666666667 5.3166666667 7.9 8.35 16.85 11.6
4.25 4.25 4.7 4.75 4.6 4.6 4.85 4.7 4.45 4.4 4.55 4.2 6.4 6.15 5.55 5.9 7 6.95 19.9678658549 15.3681192171 2.8707704779 6.0405296316 7.65 5.7792657005 7.25 6.95 6.85 2.269104196 7.0022349452 6.9 6.8 6.7 6.8 6.8 7 7 2.0726779369 6.9 6.4090005921 7 3.1754153933 6.3 6.45 6.15 6 6.1 6.1 13.5666666667 7 11.8551154274 5.7742996679 3.7944323581 10.5338120122 2.5475304232 5.7737619586 1.891134965 5.243075142 6.5184525146 6.8458969948 11.6 1.9134491708 2.9393446036 2.6285371601 2.5384753952 2.2088191311 6.35 7.25 5.2833333333 5.2333333333 13.2 1.9333333333 5.6833333333 8.25 9.6 9.65
4.45 4.5 4.6 4.6 4.5 4.5 4.45 4.55 4.3 4.5 4.45 4.65 6.25 7.05 6.45 6.45 7.05 6.75 6.8 16.0955834467 15.876507906 2.1928371643 6.926286502 6.5137572938 9.8335203106 7.9 6.95 5.0703703704 5.940057876 6.85 6.95 7 1.8768182948 7 7.65 1.9564102564 5.9564102564 6.85 7.9 7.2 6.9 7.25 2.4843572659 6.7 7.05 7.05 2.461450055 5.85 11.0807843887 2.5098879263 6.2321701562 9.5983456956 8.5191643198 6.7487248999 4.9134491708 4.703030303 4.8761904762 9.4745942812 2.8632241218 5.6661434492 5.2889883586 2.4140561799 5.1957042423 2.3255853852 5.0170295079 1.9377707402 4.7722222222 1.9222222222 4.9722222222 5.0222222222 11 9.8 11.75 2.6547725789 5.8961399758
3.8 4.15 3.95 4.7 4.85 4.8 4.2 4.3 4.55 4.65 4.45 4.25 6.15 6.7 6.4 6.35 6.1768182948 7.05 7 19.9409632333 6.8570224301 7.126507906 6.9564484313 6.9685658488 6.3802373727 7 7.1 6.65 7.15 8.8768601941 12.4 14.9927387429 2.7746415108 5.2261904762 2.0761904762 2.0166666667 7 5.2666666667 2.5419755892 2.6916625669 7.1 10.7738672278 6.95 7 2.485446344 6.8 6.4827011897 6.5934982679 1.9923526966 2.4223216919 7.9850892186 5.7 6.8393298864 8.30209398 6.2273168347 6.1130813152 5.7 6.3 5.8111111111 2.3333333333 8.0333333333 2.2055555556 5.853030303 1.9722222222 1.5 6 4.45 1.65 7.65 7.65 7.85 7.75 12.7 3.9570227079 2.5745006541
5.8 5.35 4.95 4.75 4.25 3.95 4 4.05 3.75 3.9 4.15 3.85 6.25 6.3 4.9047650464 6.15 6.8 7.85 6.9 6.85 6.9 12.0103794978 17.0240453033 17.9911673208 7.1153372142 6.7618805153 24.94898463 6.3922194537 7.05 14.3770461645 6.9802373727 6.85 15.0449026671 6.45 5.5111111111 6.85 7.15 8.15 7.3 7.05 11.0444444444 15.136 9.5 14.9753636364 4.6583333333 6.8 7 12.9032244134 2.2876880965 6.9 7.1 6.65 6.7 13.8884487607 2.8265569041 6.2638991347 2.0739552048 3.1166666667 2.6611111111 3.0611111111 4.0570224301 2.247996552 6.3 4.8717300308 6.25 4.35 6.8 4.5567245426 4.7984520197 1.6081667897 1.8634491708 5.4906649427 7.2 2.978511354 6.1078339874
5.75 5.75 4.55 5.7 5.55 7.9 5.8 6.05 5.65 4.45 4.45 5.1 4.4 6.5 6.25 6.5 7.1 7.25 5.6768182948 6.897178591 9.9348537679 6.963570706 6.7040925512 7.3641856825 9.2471596063 7.59984391 6.95 17.1184525146 16.1813298853 15.8240453033 6.95 6.3134491708 12.4889883586 7.65 14.9690224301 9.1333333333 14.9333333333 8.6333333333 13.7559860233 3.4144437802 7.1 6.6 6.5 6.45 6.8 7.2 7 7.05 4.9815230842 5.7532244134 6.4194011491 6.4305354371 6.7338046346 6.8799677164 8.975118546 2.4976254443 5.0356826954 6.4313855149 2.9611111111 3.0111111111 6.6666666667 15.05 5.1277777778 6.95 2.1064102564 6.25 5.0064102564 7.2 7.9 4.9214045971 7.2 4.146961025 8.3937398861 3.1935428681 4.1543547631
NaN 1.75 5.75 5.9 5.9 4.8 5.85 5.8 6.05 6.05 5.85 6.15 11.3 6.85 6.6 6.55 15.39071197 7.15 6.7853191866 10.766476147 9.5598811283 6.9578339874 7.75 6.8091218061 6.95 9.9850406063 6.5766136648 7.8458969948 6.75 10.6120225406 14.9286890968 6.8393446036 6.6 6.7294273899 5.147996552 2.0555555556 6.15 5.7555555556 10.7302830782 6.75 6.55 5.1085392229 5.1839733804 6.6 5.1115508071 5.6829332032 2.7093499059 9.6490013082 7.75 7.25 12.8977344001 5.6603794978 1.9181050248 5.8417852127 3.9570224301 5.8121722674 5.1078695051 6.4383966975 5.8111111111 5.7111111111 3.2666666667 2.1761904762 5.3401371761 7.6 7.05 6.25 7.05 7.25 7.7 7.1 7.1 6.09071197 5.3589232249 5.8874474468 2.8148399063
NaN NaN 5.85 5 13.5 5.55 5.75 5.7 4.7 11.8 8.45 5.65 13.35 8.3 6.95 7.2 6.9 6.65 6.0622501134 7.05 7 6.7 9.5223216919 6.3260343862 7.7 6.25 5.9542261031 8.6511991882 5.75 6.2 6.3 7.9501731634 8.5440446391 6.9934119078 6.4584518793 5.2666666667 1.8969040394 1.7901371761 14.9704922192 4.9694840324 6.65 6.6 4.9266010238 7.15 6.95 5.3471540342 2.7373355562 5.6176752738 6.9617989856 7.05 7.6707592179 2.7802373727 5.3248334564 5.4678056689 6.688708522 3.6434562487 5.5548156164 6.3229948341 2.7611111111 7.6 7.25 7.05 7.8 2.8611111111 2.9111111111 5.7111111111 2.6611111111 7.15 6.9 6.95 6.9 6.85 5.2615508071 5.1923526966 5.1876880965
NaN NaN 5.95 1.8 5.85 5.75 5.7 5.8 6 15.1 12.45 5.8 14.85 6.85 7.4 6.7 6.55 6.7 6.85 8.35 7.75 6.95 10.4540925512 5.8134491708 5.7768182948 6.0258686137 6.3033326691 9.9705834467 6.35 6.8 3.3166666667 8.2777777778 11.7333333333 14.9717435897 6.05 6.35 6.4 6.2084518793 6.637864697 8.785208726 10.5651472445 6.8 2.1300971077 4.553030303 5.498142394 10.9268182948 7.3 8.4 7.3 8.1560112703 2.6719010501 6.85 6.1335203106 2.2574638207 2.6471417218 4.6758686137 2.628316797 3.3733912093 10.3158761576 6.2584518793 6.25 8.4833333333 6.35 6.2166666667 3.5166666667 3.1666666667 3.3166666667 6.2166666667 7.2166666667 11.7245006541 6.9 7 7.2 4.6311250567 7.5
NaN NaN NaN 5.55 6 NaN 5.9 4.75 7.95 8.6 8.1 8.45 8.65 6.3578685395 7.3 7.65 9.4270461645 4.6884487607 6.9 7 7.2 7.2 7.8 6.4115508071 6.0446277864 6.0767895821 6.46898463 6.828511354 6.5 13.0041587328 7.1 6.25 13.0795231453 6.7948749122 6.35 15.0313333333 6.1666666667 1.7567245426 10.6434849615 2.6311298163 6 6.05 7 6.85 7.05 5.9897785367 15.093521847 6.75 8.25 3.1235829038 7.15 7 8.8289342698 5.1616052299 13.7349737791 10.7117382165 13.62568603 3.4648090607 6.3 6.25 6.25 6.15 2.0555555556 1.9770461645 6.55 6.35 6.1261904762 5.0761904762 6.1761904762 2.2376880965 5.9135735976 6.1811250567 6 5.8147188482 16.7
7.4 7.6 NaN NaN 5.9 6.05 6 10.4 13.25 4.8 13.3 6.2242242458 11.8 7.7 10.95 7.7 NaN 1.6347858837 6.5 6.45 6.5 15.0223333333 6.0037203881 5.9816790289 5.7267895821 6.3356743286 10.1833333333 12.3833333333 8.95 9.9 6.95 8.35 7.05 2.4062672167 7.4 6.6 6.05 7.3 6.35 6.2 4.4207592179 6.45 5.4026087569 7.05 6.3850406063 6.2353397564 6.7 6.9 8.3705960277 2.5843272963 2.1874920661 1.9564102564 10.2 5.0564102564 2.2885891958 12.2417852127 15.0012373727 6.7437128312 7 6.9 2.2858404189 1.903030303 2.053030303 1.948142394 4.6777777778 1.8277777778 5.7777777778 4.9777777778 1.9777777778 4.7194840324 6.1311250567 5.8328101159 9.7660289775 5.6094922192 6.7
7.45 7.35 7.3 NaN NaN NaN 4.5 11.85 8.3 8.85 NaN 14.1558900823 11.25 7.1 7.1 7 7.15 7.05 8.7768182948 5.8013641714 6.4666666667 5.65 6.46056489 6.3011704976 6.06898463 9.0570224301 7.1666666667 7.25 7.4 7 7.4 5.3727487108 5.0675430751 1.9242242458 5.7893193566 7.55 6.2 7.05 6.7 7.0625444306 7.6570224301 10.8591076631 6.2 2.6828411419 6.3617382165 11.3560112703 8.4236890968 5.2453558739 3.0219010501 5.7615754658 2.3002554047 8.6722222222 7 1.8257618163 2.2977602346 7.1 7.6911673208 10.5618446873 3.7356117652 2.2708927697 1.9169517877 1.6222222222 1.7722222222 1.7702728564 1.7583333333 5.0583333333 4.9583333333 1.8083333333 4.9683739396 4.6950715499 4.9258686137 11.1692754236 7.6226779369 6.7 6.7
7 7.65 7.6 7.75 8.95 7.75 NaN NaN NaN NaN NaN 8.35 2.0393446036 6.95 10.752378304 7.05 6.85 12.2687796773 8.2 7.15 5.8969040394 9.3752444916 10.1918083139 6.6422860495 7.2665805837 8.6812466759 6.2166666667 7 7.65 7.2 8.3 7.2 7.15 6.95 7 6.45 6.45 6.1 6.25 6.8 15.027708522 6.9095038309 6.55 6.3 2.4818455014 2.7301158374 4.0326039052 12.1073786367 5.5683086365 6.8 5.1409187831 11.4252543046 5.823998276 1.8847858837 6.2963442264 6.4980057157 7.0601749826 14.9678339874 6.7023409952 5.3370412155 4.9921966066 1.6880952381 4.7380952381 4.9380952381 4.7880952381 5.1450715499 6.55 8.8258686137 7.75 2.7726779369 7.9078685395 5.1716618094 9.4584518793 7.04071197 6.65
7.2 8.35 4.5 7.15 7.15 12.4 7.45 11.3 8.3 8.2 9.15 NaN NaN 7.05 6.85 NaN NaN 7 7.2 10.8634491708 12.7415219852 7.1 5.9622501134 10.0340669095 5.8767895821 6.721505315 8.0697773382 6.75 7.6 6.95 7.3 7.55 4.9 11.55 9.45 6.25 7.05 6.1 6.7 2.6074638207 7 15.0183623108 5.65 6.9 6.1 2.4095238095 6.863570706 12.9055575185 2.8694193466 5.3088191311 5.4723311278 2.4248334564 14.4924010611 2.2261904762 6.4501096867 6.8314757273 7.6825157082 14.976 5.2047379305 5.4671695589 4.92568603 4.9333292142 5.85 6 4.9703703704 5.1726779369 4.9166666667 5.2078685395 5.4716618094 6.3453558739 6.778511354 13.9333333333 13.15 6.65 24.9745006541
7.65 7.7 8 7.55 8.05 7.3 7.45 7.85 7.8 8.05 8.1 12.5797141553 7.8 10.8802373727 NaN NaN 6.7 4.7 12.3070224301 8.1 5.5041568138 11.0847716914 12.9369632333 14.9686666667 6.8282210422 6.253083626 6.1198724248 6.0222222222 6.6 7.55 6.7 6.65 7.1 12.95 6.8 6.3 6.3 7 6.85 7.1 7.15 7.05 14.9841111111 6.05 1.9423526966 5.0419755892 6.2090193633 5.9592535051 2.7560112703 7 12.5329525334 6.95 7.2632972377 6.9187796773 5.4214285714 1.8333333333 11.0736890968 4.65 10.3240453033 5.9786892072 5.5782174738 5.75 6.3333333333 2.1833333333 5.6333333333 5.3833333333 5.7611111111 6.228511354 8.8833333333 5.7 6.9570224301 5.6040925512 6.4666666667 17.2770461645 8.75
8.7 7.4 7.85 19.977 5.35 7.2 7.15 8.35 8.7 6.7 6.8 6.95 5.8950715499 8.95 NaN NaN 6.75 4.4 4.75 4.45 6.75 5.9384487607 13.7225890798 8.9578339874 6.6674833192 6.4230658168 6.2004210912 6.8 6.65 6.5 6.7 7.65 7 7.05 6.9 6.55 6.4 7.15 7.4 5.9594922192 6.65 14.9683333333 12.2040925512 6.0214045971 NaN 2.147996552 7.7117874766 7.8889883586 5.4967825041 11.1417852127 7.0903557635 6.7146632187 3.5684525146 2.8190387257 6.8987248999 2.6148090607 6.7 12.2411673208 6.9 11.5040925512 4.9634491708 5.0889883586 4.8333333333 9.0333333333 7.7333333333 9.6333333333 6.1166666667 6.3666666667 5.9040925512 5.6953558739 5.347996552 4.9634491708 8.15 7.7 8.7
7.65 7.95 7.8 8.1 7.35 8.35 7.75 6.5 8.9261904762 7.8261904762 9.197996552 8.3666666667 10.1833333333 8.2 NaN 4.4 4.5 4.6 4.7 4.2 6.3669472598 6.5285580409 6.6574333907 6.6326204837 6.6104794146 6.3428362784 4.35 7.55 NaN 6.5 6.9 7.25 4.55 6.9 7 6.7 7.05 11.8 8.2 14.9713641714 5.1166666667 9.75 5.9 NaN 5.7660289775 4.7928371643 2.147996552 5.6383656714 2.4388888889 2.7955834467 1.747996552 2.3595038309 8.6422194537 7.15 10.5542261031 6.3241510037 2.2117159916 6.3268983415 10.3994484251 20.55 2.4893446036 6.85 5.1555555556 5.2055555556 1.8555555556 4.9055555556 6.0270461645 5.1761904762 5.2134491708 5.3115508071 4.8594922192 5.0160289775 9.9328101159 8.9608185325 6.75
