Outfile_1.asc
NCOLS 201
NROWS 151
XLLCORNER 730592.938286
YLLCORNER 2561222.529137
CELLSIZE 145.176046
NODATA_VALUE NaN
[rows 68 to 101 of 151, columns 75 to 149 of 201]
NaN NaN NaN NaN NaN NaN NaN NaN NaN NaN NaN NaN NaN NaN NaN NaN NaN NaN NaN NaN NaN NaN NaN NaN 2.9269562388 2.8440446391 NaN NaN NaN 6.5 6.5 NaN NaN NaN NaN 6.7 8 7.7 4.9859420902 1.6737387429 1.7302830782 1.7666666667 1.8333333333 2.1540925512 2.6666666667 8.3333333333 3.7 11.2954770164 6.0223216919 5.75460281 5.7148090607 5.7283329622 30.2905960329 12.8380952381 30.4380952381 1.3380952381 7.55 7.55 10.3380952381 7.35 7.35 7.45 7.55 7.35 7.45 7.45 7.45 7.45 7.35 7.35 4.4761904762 7.25 7.8921691488 7.45 5.6084518793
NaN NaN NaN NaN NaN NaN NaN NaN NaN NaN NaN NaN NaN NaN NaN NaN NaN NaN NaN NaN NaN NaN NaN 4.4578685395 7.5 12.5726526899 1.9230769231 6.5 NaN NaN NaN NaN NaN NaN 6.9 10.175 15.635446344 5.3313839675 1.65559494 4.3858309864 1.398142394 1.3333333333 4.3703703704 1.5134491708 4.4761904762 30.2716618094 7 11.6054744498 7 7.8 6.8381572756 8.6282174738 5.7752416018 7.3135735976 7.45 7.45 7.45 7.35 7.55 7.45 7.45 10.15 7.45 7.35 15.05 9.95 7.45 10.05 7.45 6.8694840324 7.45 4.2033108961 1.7952247076 10.2051154274 1.5681050248
NaN NaN NaN NaN NaN NaN NaN NaN NaN NaN NaN NaN NaN NaN NaN NaN NaN NaN NaN NaN NaN NaN 6.8399385949 30.1758255781 7.2 4.6351191813 8.338878435 6.5 1.273998276 6.5 NaN NaN NaN NaN 6.7 6.6 9.3181192171 5.5 10.5615508071 1.4393193566 4.2108185325 5.2242242458 5.2393193566 30.3564102564 7.9 10.3 5.8 5.8 5.8 5.6 8.8240453033 16.4047379305 8.8013189489 5.5205792798 5.3615508071 5.4768182948 5.3345325216 7.35 12.6 7.35 7.8 8.1 8 8 7.75 7.55 7.55 5.1 7 7.1 6.6 1.2222222222 4.1336139264 4.8956009364 1.3374901471
NaN NaN NaN NaN NaN NaN NaN NaN NaN NaN NaN NaN NaN NaN NaN NaN NaN NaN NaN NaN NaN 6.8 7.3 1.5853044011 9.9897412037 6.2146632187 6.2 5.7795713869 6.5 7 6.5 NaN NaN 6.5 5.0538357466 6.7 5.4 5.7 5.4 5.4 5.5 5.6 6.3 9.94984391 6.4 6.3 5.7 5.596856485 4.9 5 8.102378304 28.5041611408 1.3635231517 6.6 6.7 7.35 7.35 7.55 21.8047650464 8 7.9 23.2 7.8 7.9 7.05 7.25 7.55 7.55 4.1 1.1 4 1.2147188482 1.4094922192 7.25 3.4570224301
NaN NaN NaN NaN NaN NaN NaN NaN NaN NaN NaN NaN NaN NaN NaN NaN NaN NaN NaN 1 7.5 7.6 15.0668015807 7.4 9.8 7.2 6.2 6.5 6.5 9 NaN NaN 6.5 12.4587251934 6.2 30.6333333333 5.6 5.4 5.5 10.6270461645 10.0166666667 5.5 6.4 6.7 6.4 6.3 9 6.3 14.7018449158 7.906919727 9.1282174738 2.7830646666 4.6306741015 9.9570224301 6.9 6.7 7.9 7.8 7.9 8 7.8 8 7.8 7.6 7.5 7.15 7.05 12.65 4.1 3.6 1.1 6.2 1.3777777778 4.4761904762 2.6666666667
NaN NaN NaN NaN NaN NaN NaN NaN NaN NaN NaN NaN NaN NaN NaN NaN 7.4 1 1 5 7.2 12.6 7.6 5.7224739802 13.3955834467 5.9084518793 9.2559224131 6.5 5.5212869664 NaN 6.5 6.5 7.7863806577 6.3 1.6205792798 6.4 6.3 6.2 6.3 6.3 6.3 6.3 6.4 6.4 7.3928371643 6.4 6.4 6.4 8.1514076045 5.8994767825 8.6690355763 5.267051395 6.5622501134 5.8453558739 6.6666666667 8.3333333333 7.5 7.5 7.5 7.7 7.7 5.4703703704 7.6 7.5 7.5 7.5 5.4222222222 7.25 4 1 1 1.1 1.2777777778 4.5761904762 5.2666666667
NaN NaN NaN NaN NaN NaN NaN 7.55 5.3 NaN NaN NaN NaN NaN 1 1 6.6 5 7.2 6.6 7.2242242458 7.6 4.3928371643 6.0117382165 7.2 6.2801158374 16.9060112703 5.7 5.7 6.5 6.2 6.2 6.2 6.4 6.2 6.3 1.920674489 6.4 6.4 6.3 6.3 6.3 6.4 6.4 5.6666666667 6.3 6.3 7.853428636 5.5042261031 6.1245006541 12.6 5.8453558739 7.6 7.9874920661 5.5716618094 6.1111111111 7.5 5.61898463 7.5 7.6 7.6 10.2 8.4333333333 7.5 7.5 7.6 10.2 15.2 4.1 1 1.1 1 1.2777777778 4.4761904762 5.6666666667
NaN NaN NaN 7.55 5.3 5.4 5.5 4 5.4 4 5.4 5.3 7.55 7.7 6.75 6.75 7 6.6 7 5.2242242458 5.2946277864 5.5267895821 7.2 6.4570224301 8.6661434492 6.0413293538 5.8 2.7391639897 1.8660740412 6.2 2.0167993852 6.3 6.3 10.0485927876 6.2 8.269983854 7.1545637691 8.1621827039 6.6 6.6 6.6 6.7 5.6666666667 6.7 6.3 5.7453558739 7.4267895821 9.8946277864 9.4714045971 12.69071197 8.3333333333 1.7716618094 12.0192754236 7.8602895721 5.3726779369 5.8333333333 5 5.8084518793 5.3681050248 7.5 7.7 7.8 7.6 7.6 7.6 1.3333333333 7.4222222222 7.6 7.9 6.6 3.6 1 1.2777777778 1.4761904762 5.6666666667
NaN 7.55 5.4 5.4 4.5 4.6 4.6 5.1 4 5.1 5 7.35 6.75 4 6.75 5 6.6 6.6 4.2242242458 6.6 5.4267895821 7.3 10.3333333333 6.49071197 8.2666666667 7.4267895821 1.9223216919 6.3 5.6499159511 2.6161994504 1.4135735976 2.8164737863 4.6892557464 1.4928371643 6.2 6.6 5.3147188482 7.8328101159 1.3694840324 6.6 6.7 16.903030303 6.7 6.6 8.49071197 6.3 30.4856743286 5.4267895821 4.6555555556 7.3333333333 6.49071197 30.1714045971 7.2768182948 5.2242242458 5.4333333333 5.7666666667 7.4333333333 6.0540925512 5.4134491708 7.6 7.7 7.6 7.5 7.7 12.4453558739 4.3615508071 11.1 7.1 5.1 13 1 1 1.2777777778 7.35 5.6666666667
5.3 4 4.1 4.1 4.5 6.6 5.1 5.2 5.2 5.1 7.35 7.35 6.75 6.75 5 7 6.6 9.213394791 6.6 6.6 5.7856743286 7.3 6.49071197 5.5892557464 1.3928371643 12.0925555291 1.7249319761 6.4127204931 8.8240453033 7.8578339874 2.3287267571 1.7740079158 24.6615508071 6.6 6.7 6.6 6.6 4 3.7 6.7 6.6 4.214274771 1.3768182948 6.6 4.5892557464 2.49071197 8.3333333333 5.9859549217 9.9956009364 6.3 5.1487248999 5.6042261031 4.253428636 4.2108185325 5.303030303 5.5555555556 29.7666666667 6.7666666667 5.6761904762 7.7 7.3289342698 10.1 8.2666666667 8.5 5.8333333333 16.2 8.6 8.6 8.7 5.1 4 1 4.2768182948 7.35 8.49071197
5.4 4.5 4.6 4.6 5.1 5.2 5.1 5.1 5.1 5.2 7.35 7.35 6.75 4 7.35 6.75 6.6 7.2 6.6 5.7453558739 7.2 6.178511354 13.1205792798 1.3615508071 5.2946277864 9.7315546285 9.9590193633 3.9539264695 4.6111149814 2.8967854397 6.3 6.4 6.3 6.3 5.8 5.7 5.7 9.2289342698 5.3067245426 7.8 14 6.6 6.7 6.6 5.3615508071 6.3 6.3787919471 6.3 10.3629494148 7.5 23.0904286252 5.6991289 5.2328101159 7 1.2768182948 5.4714045971 7.8869026671 8.5889883586 5.8006271054 19.8138488355 7.8 7.8 8.5 10.5550633642 11.1 8.7 19.0380952381 9 11.3 9 7.45 7.45 4.3564102564 7.45 16.0492063492
4.5 4.5 5.2 5.2 5.1 5.2 5.1 5.1 5.1 5.2 7.45 7.35 6.75 1 5 6.75 7.2 9.298142394 7.2 2.6666666667 6.49071197 5.5892557464 3.9384487607 7.3135735976 1.4267895821 1.7856743286 26.7784048832 10.9240453033 8.1801158374 5.2153372142 4.8897640738 1.7073155329 5.7 6.3 6.4 7.4714045971 6.3 6.3 6.4 21.1961517174 26.8193279424 15.6098388924 4.5892203723 4.2564102564 4.2618913743 6.3 6.3 30.1169601147 5.5892557464 10.7903557635 21.9742996679 5.7628248883 5.5666087768 9.6 16.8556550252 7.2585207206 6.2417852127 5.6134491708 7 10.2383691019 7 10.2 2.1524976531 8.7 21.3 4.2181350989 1.3703703704 8.6 11.7 16.5 7.45 4.3901371761 1.6644313952 7.25 7.35
4.5 5.1 5.2 5.2 5.1 5.2 4 5.1 5.1 5.1 7.35 7.45 6.75 7.35 6.75 7.35 6.75 7.2 7.2 7.2 9.8333333333 1.3928371643 1.3135735976 7.2 7.2 7.3570224301 30.2205455818 7.7 6.5120225406 6.956466985 2.5245602819 7.6 6.6 6.6 6.7 6.6 6.6 6.6 6.4 23.3934849615 9.7415013475 5.8 6.4 6.3 6 6.3 6.3 6.4 6.3 11.6 10.8207592179 9.8047379305 4.599404584 4.4587567673 4.4540382048 5.6528909085 6.1159705015 30.3417852127 7.2 6.8 6.7 6.1690047263 6.0595038309 8.8813298853 6.3955834467 1.9748334564 13.7 1.8666666667 7.4666666667 8.9 19.6666666667 1.9774851991 2.1314757273 2.3047379305 7.45
5.2 5.2 5.3 5.3 5.2 5.3 5.2 5.2 5.2 5.2 7.45 7.45 10.05 6.75 6.75 5 7.35 7.2 7.2 5 6.4 6.4 7.2 7.5 7.3570224301 6.49071197 7.8 8.5475950733 8.1573786367 7.1573786367 13.7380712638 10.9434849615 8.6666666667 8.6666666667 8.7666666667 7.6 6.7 3.4570224301 13.0235829038 6.4 6.3 6.3 6.5 8.7181192171 4.8729948341 6 5.0934562487 6.4 5.2872459465 6.8451780206 4.1205792798 2.5782210422 4.8890396954 4.5682213103 4.443952253 5.6351191813 6.1035521076 29.4903557635 4.9084518793 6.7 6.7573786367 13.3786892072 10.9813298853 14.8903557635 5.2417852127 1.4681050248 1.4374901471 4.1 6.7 4.3 22.3 7.1222222222 20.5666666667 18 7.65
5.1 5.1 5.2 5.2 5.1 5.2 5.1 5.1 5.1 5.1 7.35 7.35 7 1.1 7.35 6.75 6.75 6.6 7.2 8.535446344 7.8616480027 7.5 7.6 4 5.59071197 23.1892557464 7.6 5.8782174738 6.7381572756 11.1937128312 7.6 7.7 7.6 7.7 7.6 7.6 5.9084518793 7.6 7.1223216919 7.6 7.3 5.8240453033 5.6 5.5 5.6 6.4 6.5 16.7666666667 6.5 6.4 6.8 13.2666666667 11.4009114294 1.7958674673 7.6 1.6993623108 6.9 18.0813298853 10.3955834467 6.5302373727 2.0540925512 7.8911673208 10.3955834467 5.2417852127 2.4225890798 7.05 4.8956009364 4.6666666667 1.7666666667 1.7666666667 4.6666666667 13.85 8.75 13.95 23.85
5.1 5.1 5.2 5.2 5.1 5.2 5.1 5.1 5.1 5.1 5.1 5.1 6.75 6.75 5.1 5.1 7.35 7.2 8.0678658549 8.6181192171 1.9207704779 5.1905296316 7.7 5.2292657005 7.6 7.6 7.6 1.669104196 6.4522349452 7.6 7.6 7.8 7.7 7.8 7.7 7.8 1.4726779369 7.8 6.0090005921 7.7 2.7754153933 6.9 7 6.9 6.9 7 6.9 30.2666666667 7.6 10.0051154274 20.2742996679 3.1444323581 6.7838120122 1.8475304232 5.3237619586 1.641134965 4.793075142 5.9684525146 6.3958969948 15.3 1.5134491708 14.7393446036 1.7785371601 1.7384753952 1.7088191311 30.05 8 4.3333333333 4.4333333333 8.9 4.0333333333 25.5333333333 8.75 8.75 26.35
5.1 5.1 5.2 5.2 5.1 5.2 5.1 5.1 5.1 5.1 5.1 5.1 6.75 7.35 6.75 6.85 7.35 7.3 7.3 8.7955834467 8.826507906 6.4928371643 6.226286502 5.7637572938 7.5835203106 7.6 7.6 4.3703703704 5.040057876 9.8 7.7 7.6 11.4768182948 7.7 7.6 11.3564102564 5.2564102564 10.3 7.7 7.6 7.6 7.6 1.8843572659 7.6 7.6 7.6 1.961450055 6.7 7.6807843887 1.9098879263 5.6821701562 7.9983456956 7.6191643198 6.1487248999 4.6134491708 4.303030303 4.4761904762 6.9745942812 4.9132241218 5.0661434492 4.6889883586 1.9640561799 4.7457042423 1.4755853852 7.0670295079 1.4377707402 4.2222222222 1.2222222222 9.4222222222 4.3222222222 8.75 8.65 8.85 2.1547725789 5.2461399758
4.5 4.5 4.6 5.1 5.3 5.1 4.5 5.1 5.1 5.1 5.1 4.5 6.75 7.35 6.75 6.85 5.3768182948 12.85 7.6 15.6869632333 6.4570224301 6.726507906 6.3564484313 6.0685658488 5.8302373727 7.6 7.6 7.6 7.6 7.3268601941 7.4 9.6737387429 1.6746415108 14.7761904762 1.5761904762 1.4166666667 7.6 7.1166666667 1.7419755892 1.9916625669 7.6 8.9238672278 7.7 7.6 2.035446344 7.8 5.8827011897 6.0434982679 1.3923526966 2.0223216919 7.5850892186 6.5 6.3893298864 10.20209398 5.8273168347 5.6630813152 5.75 6.45 12.7111111111 8.9333333333 7.4333333333 1.6555555556 8.003030303 1.3222222222 1 6.95 4.1 8.6 17.95 7.85 7.95 8.65 8.95 3.3570227079 2.0245006541
6.2 6.3 5.5 5.4 4.7 4.5 4.5 4.5 4.5 4.5 4.5 4.5 6.75 6.85 4.2047650464 6.85 7.45 7.75 13.8 7.6 7.7 8.8603794978 9.8240453033 9.5911673208 6.5153372142 6.0618805153 9.61898463 5.7422194537 7.6 9.5270461645 6.4302373727 7.3 10.2869026671 7.6 5.1111111111 7.6 7.7 10.2 7.6 7.6 8.4444444444 26.6 7.75 10.6363636364 4.2083333333 7.8 7.6 8.2032244134 4.0376880965 7.8 7.6 7.4 7.4 29.5384487607 9.8765569041 8.3138991347 1.8239552048 2.7666666667 2.1111111111 2.1111111111 3.3570224301 11.847996552 7.25 4.3217300308 6.95 4.2 7.85 4.2067245426 4.3484520197 1.3081667897 1.4134491708 30.3406649427 23.05 3.478511354 5.2578339874
6.2 6.2 6.6 6.3 6.5 7 6.3 6.3 6.3 5.1 5.1 5.5 5.2 6.85 6.85 6.85 7.45 7.75 7.8768182948 8.897178591 7.9848537679 6.163570706 30.1540925512 6.9641856825 7.7471596063 7.24984391 7.45 8.9684525146 8.8813298853 11.8240453033 7.45 5.5134491708 14.6889883586 7.85 16.9570224301 7.3333333333 30.0333333333 7.3333333333 10.9059860233 2.4644437802 7.45 7.25 7.15 7.15 7.65 7.45 7.75 7.75 4.3815230842 5.5032244134 30.3194011491 8.7805354371 8.7838046346 6.0799677164 6.475118546 2.0476254443 4.7856826954 5.8813855149 2.1111111111 2.1111111111 5.6666666667 7.95 12.0777777778 6.95 15.9564102564 7.05 6.8564102564 7.95 8.05 19.7714045971 8.05 3.896961025 7.7937398861 2.4435428681 3.1043547631
NaN 1 6.4 6.3 6.5 4 6.3 6.3 6.3 6.1 6.1 6.4 8.65 7.45 6.85 6.85 10.49071197 7.75 6.1353191866 7.716476147 10.2598811283 6.4578339874 7.85 6.0091218061 7.75 7.8850406063 6.1266136648 6.3958969948 7.45 9.4120225406 8.0236890968 6.1393446036 7.15 5.6794273899 7.147996552 1.6555555556 9.65 5.5555555556 7.7302830782 7.15 7.15 4.7585392229 4.5839733804 7.45 6.6615508071 12.2829332032 2.1093499059 6.9490013082 10.35 7.85 30.1477344001 10.0603794978 1.4681050248 5.1417852127 3.3570224301 5.4621722674 4.8078695051 5.8883966975 5.1111111111 5.1111111111 2.7666666667 6.6761904762 4.4901371761 8.05 7.75 7.05 7.95 7.95 7.85 8.05 7.95 15.89071197 4.9589232249 4.8874474468 4.6148399063
NaN NaN 6.3 4 24.1 6.3 6.3 6.4 4 7 7 5 8.65 7.75 7.45 7.45 7.45 7.45 5.4622501134 7.75 7.75 7.65 30.1223216919 5.7260343862 7.75 6.95 5.4042261031 7.6511991882 6.65 6.65 6.95 6.7501731634 9.5440446391 6.2934119078 5.8084518793 4.9666666667 4.0969040394 1.3901371761 9.3094922192 6.8694840324 7.25 7.65 7.0266010238 7.95 7.45 4.4971540342 1.6373355562 4.8176752738 13.8617989856 7.95 6.7207592179 2.3302373727 7.5748334564 5.0178056689 6.038708522 3.0934562487 4.9048156164 5.8729948341 2.1111111111 7.75 18.05 8.05 7.75 5.0111111111 2.2111111111 5.1111111111 2.1111111111 7.85 7.85 7.95 15.25 12.65 6.9615508071 4.2923526966 17.0376880965
NaN NaN 6.3 1.1 6.5 6.4 6.4 6.4 6.4 8.65 8.65 5 8.35 7.45 7.45 7.45 7.45 7.15 7.45 7.75 7.75 7.45 23.3540925512 5.4134491708 5.2768182948 5.2758686137 5.3533326691 7.6705834467 6.95 6.95 2.6666666667 6.7777777778 7.1833333333 15.6897435897 7.15 12.45 7.15 8.4084518793 5.837864697 7.635208726 7.5651472445 7.55 1.5300971077 4.403030303 5.298142394 7.2768182948 7.85 8.05 22.95 7.7060112703 2.2219010501 7.75 5.5835203106 4.2574638207 2.1471417218 4.2758686137 2.278316797 2.8733912093 8.3158761576 5.9084518793 9.65 7.5333333333 7.05 10.7666666667 5.2666666667 2.6666666667 2.6666666667 5.6666666667 6.6666666667 30.1245006541 7.65 7.55 7.65 4.2311250567 9.25
NaN NaN NaN 6.2 6.3 NaN 6.4 4 8.65 8.65 8.65 8.65 8.65 5.4578685395 7.75 7.75 7.5270461645 4.3384487607 7.45 7.75 7.75 7.45 7.85 5.5615508071 5.3946277864 5.4267895821 5.61898463 6.178511354 6.95 12.1541587328 12.85 6.95 10.5295231453 5.9948749122 12.05 12.4333333333 5.6666666667 1.3067245426 6.9434849615 2.1811298163 6.65 6.75 7.95 7.75 7.95 5.8897785367 19.922521847 7.45 7.55 2.4235829038 7.75 7.75 7.2289342698 4.5116052299 9.7349737791 11.6117382165 8.72568603 3.0648090607 7.05 7.15 8.55 7.05 1.5555555556 1.6270461645 7.05 6.95 5.4761904762 4.4761904762 5.4761904762 4.1376880965 5.4135735976 5.2311250567 12.6 5.2147188482 9.15
8.85 8.85 NaN NaN 6.4 6.4 6.4 8.65 8.65 4 8.65 5.2242242458 8.65 7.75 7.75 7.75 NaN 1.2847858837 7.15 7.15 7.15 8.3333333333 5.7537203881 5.4316790289 25.6267895821 5.8856743286 14.9333333333 8.4333333333 7.85 7.75 7.75 7.75 7.55 1.6062672167 7.95 10.05 6.85 7.85 6.95 6.65 3.7207592179 7.15 7.2526087569 7.85 5.9850406063 5.8853397564 7.45 7.45 6.7705960277 1.8343272963 1.3874920661 1.2564102564 14.6 4.3564102564 4.2385891958 15.7417852127 10.9302373727 6.1937128312 7.85 7.75 1.5358404189 1.403030303 1.303030303 1.298142394 4.3777777778 1.4777777778 5.2777777778 4.3777777778 2.4777777778 4.4694840324 5.2311250567 5.2328101159 7.2660289775 7.9094922192 8.35
8.85 11.45 8.95 NaN NaN NaN 4 8.65 8.65 8.65 NaN 9.4558900823 8.65 7.75 7.75 7.75 7.95 10.35 9.8768182948 5.3513641714 5.6666666667 5.1 6.31056489 5.7011704976 30.21898463 9.9570224301 9.2666666667 7.75 7.75 7.75 7.75 4.4727487108 7.1175430751 18.9242242458 10.3393193566 7.55 6.85 7.45 7.55 5.8625444306 12.4570224301 30.4591076631 6.95 2.4328411419 6.0117382165 7.7060112703 7.0236890968 4.7453558739 2.3219010501 4.7115754658 6.6002554047 19.8222222222 7.55 1.3257618163 1.5977602346 7.75 6.5911673208 23.6118446873 8.2356117652 1.8208927697 1.5169517877 1.3222222222 1.2222222222 1.2202728564 1.3083333333 4.2083333333 6.8083333333 1.3083333333 4.2183739396 9.6450715499 4.2758686137 7.3192754236 13.4726779369 11.05 8.55
11.15 11.55 8.55 8.65 8.65 11.25 NaN NaN NaN NaN NaN 8.65 1.7893446036 7.75 8.102378304 7.75 7.85 19.9687796773 7.85 7.95 5.6969040394 6.8252444916 7.7418083139 5.8922860495 6.8665805837 7.5812466759 5.6666666667 7.85 7.75 7.75 7.75 7.85 7.95 7.75 7.55 6.95 6.85 6.85 9.55 7.55 28.638708522 6.2595038309 7.05 6.95 1.7318455014 2.0801158374 3.2326039052 7.3573786367 5.0683086365 7.55 4.4909187831 9.4752543046 5.273998276 1.2847858837 5.6963442264 8.4480057157 6.7101749826 13.2578339874 9.0523409952 7.4870412155 4.5421966066 4.9380952381 11.8380952381 6.8380952381 19.4380952381 4.3450715499 7.25 17.3758686137 7.95 30.1726779369 30.1578685395 20.7716618094 7.9084518793 6.69071197 8.65
13.85 30.55 19.4 8.85 8.85 16.15 18.65 11.45 9.05 8.85 8.95 NaN NaN 7.75 7.75 NaN NaN 7.75 7.75 9.4134491708 9.5915219852 7.75 5.6622501134 6.8340669095 5.4267895821 6.271505315 7.6197773382 7.55 7.85 7.75 7.75 7.95 6.7 9 30.5 6.95 7.65 6.95 7.45 4.3574638207 7.95 30.2993623108 6.05 6.95 6.65 1.9095238095 8.863570706 11.3055575185 1.8194193466 4.7088191311 4.7723311278 1.7248334564 7.6924010611 1.4761904762 5.8501096867 6.2314757273 6.5825157082 16.1 4.8047379305 30.1671695589 4.72568603 7.1833292142 6.65 6.65 4.4703703704 4.5726779369 7.5166666667 4.5578685395 4.5716618094 5.8453558739 6.278511354 30.4333333333 9.2 8.35 12.5245006541
8.95 11.55 8.75 8.95 8.95 11.45 8.35 8.45 11.55 13.85 23.85 17.5297141553 11.35 7.8302373727 NaN NaN 7.75 5.5 11.3570224301 7.75 4.9041568138 8.0347716914 11.0869632333 11.6666666667 6.6782210422 5.903083626 23.2198724248 5.2222222222 7.45 27.95 10.25 30.25 10.45 9.1 7.45 6.95 7.05 7.75 7.75 8.05 7.85 7.45 12.7111111111 6.75 3.8923526966 4.7419755892 5.9590193633 5.5092535051 2.2060112703 7.75 8.7329525334 7.45 6.4632972377 5.8687796773 4.5714285714 1.3333333333 8.1236890968 6.7 8.8240453033 5.5786892072 5.0282174738 6.85 15.9333333333 1.8333333333 29.9333333333 7.4333333333 5.1111111111 10.378511354 7.3333333333 7.6 8.9570224301 22.8540925512 5.6666666667 9.5270461645 8.85
14.35 7.1 9.45 24 5.1 17.2 8.75 8.85 9.05 13.15 7.95 30.35 23.0450715499 8.65 NaN NaN 7.75 5.5 5.5 5.5 7.75 5.4384487607 8.9225890798 6.7578339874 6.0174833192 5.6230658168 5.6504210912 7.65 7.65 7.55 7.55 28.65 7.85 15.35 7.55 7.45 7.45 7.95 7.95 5.4094922192 7.65 10.4333333333 10.0540925512 5.4714045971 NaN 1.647996552 11.6617874766 7.6889883586 4.7467825041 8.1417852127 6.6903557635 6.2146632187 2.9684525146 2.3190387257 6.1487248999 1.9648090607 7.65 11.1911673208 7.25 10.0540925512 4.4134491708 4.6889883586 4.4333333333 7.4333333333 7.3333333333 12.4333333333 5.6666666667 8.2666666667 7.8540925512 4.9453558739 4.547996552 4.5134491708 12.05 9.45 9.25
14.15 9.15 14.65 9.15 9.05 8.95 11.45 7.95 7.6761904762 13.0761904762 30.547996552 30.1666666667 11.2333333333 8.75 NaN 5.5 5.5 5.5 5.5 5.2 5.8669472598 8.5285580409 5.9574333907 5.8326204837 10.8604794146 8.0928362784 4 7.85 NaN 7.75 7.75 8.05 4.1 7.75 7.75 7.75 7.85 30.1 8.05 9.3513641714 4.6666666667 7.1 6.65 NaN 5.2660289775 4.4928371643 1.547996552 7.4883656714 11.9888888889 2.3955834467 1.647996552 4.7595038309 15.3422194537 10.35 7.4042261031 5.5741510037 4.2117159916 5.8268983415 8.8994484251 18.1 2.0393446036 7.55 7.1555555556 4.7555555556 4.1555555556 4.7555555556 5.5270461645 9.5761904762 4.5134491708 30.1615508071 4.3094922192 4.2660289775 10.0328101159 7.3108185325 8.65
9.05 9.15 11.35 10.05 11.85 12.398142394 7.4714045971 10.6245006541 8.15 30.6666666667 8.15 7.2 26.6666666667 NaN 1.4166666667 5.5 5.5 5.5 5.2 5.2 7.45 7.95 7.85 7.55 5.4843909065 5.2032369137 5 11.6 17.65 7.75 4.3 7.85 7.85 7.85 7.75 9 9 30.2 7.55 12.1042261031 5.1245006541 7.1333333333 NaN NaN NaN 4.2660289775 3.9017858479 4.5062672167 4.6306599425 2.1428255525 4.3316790289 7.0524976531 5.5575575791 5.2635231517 4.353428636 3.8289342698 6.6639351726 7.85 2.1708927697 7.85 7.65 12.75 7.45 4.303030303 4.303030303 9.403030303 4.598142394 4.2777777778 7.2635231517 9.65 12.85 10.25 19.2 16.8 9.65
8.95 9.05 8.75 8.75 9.15 9.45 8.95 8.95 9.15 9.35 9.45 NaN 8.85 NaN 1.4042261031 4.7 5.2 7 5.3 5.3 5.3 7.85 9.235702243 7.45 7 9 7.45 7.65 8.05 9 8.05 7.85 7.85 7.85 9.1 21.5 7.45 6.85 6.95 6.95 5.59071197 5.3666666667 11.7969040394 NaN NaN 6.95 3.3217300308 7.75 7.75 2.0480521815 1.2217300308 1.9729948341 7.3333333333 5.2222222222 6.95 4.2 1.2129588438 1.5239042103 9.7804748005 7.75 17.9968852936 10.25 4.3758686137 8.8222222222 4.3222222222 13.9222222222 9.6202728564 15.3083333333 5.3021130107 9 21.8 20.55 10.35 12.95 9.65
8.95 8.75 28.85 8.85 8.75 8.75 8.95 9.25 9.15 9.35 21.35 NaN NaN NaN 1.3135735976 4.8 5.6 5.3 5.2 5.2 5.2 5.1 5 5 7.45 7.65 12.65 6.6 7.95 7.85 4.1 7.75 7.45 7.75 7.85 12.65 7.35 7.05 30.1192754236 15.6716618094 7.55 7.55 NaN NaN NaN NaN 1.2179068435 7.75 7.75 2.0555555556 1.3108185325 4.7666666667 1.4333333333 7.85 19.1 5 4 1.2635231517 4.4134491708 7.85 4.4333333333 7.55 6.75 7.45 1 1 9.25 9.55 12.05 4.1 12.45 10.55 22.95 30.25 14.85
