Outfile_2.asc
NCOLS 201
NROWS 151
XLLCORNER 730592.938286
YLLCORNER 2561222.529137
CELLSIZE 145.176046
NODATA_VALUE NaN
[rows 40 to 79 of 151, columns 91 to 181 of 201]
7.25 7.35 12.45 7.45 14.85 7.75 4.1 30.3 6.75 5.2 7.25 7.05 6.55 19.1 7.05 30.4 17.6 14 24.1 21.1 16 28.1 23 6.55 6.65 30.1 22 30.1 21.6 30.3 7.3 7.3 7.3 7 6.8 30.2 6.7 30.2 7 6.9 6.8 7.3 16.3 16.6 6.9 7 6.9 6.8 6.9 6.6 NaN NaN 6.8 9 30.3 6.9 6.7 4.5 4.3 9.7 NaN NaN NaN NaN NaN NaN NaN NaN NaN NaN NaN NaN NaN NaN NaN NaN NaN NaN NaN NaN NaN NaN NaN NaN NaN NaN NaN NaN NaN NaN NaN
7.25 6.35 7.05 12.55 7.45 6.95 6.45 NaN 30.6 5 30.5 6.85 6.65 28.7 13.8 12.1 18.3 27.7 19.1 6.85 16.1 30.2 30.1 30.2 30.2 30.3 30.3 30.2 7 6.9 7.1 30.3 6.5 6.9 6.7 6.9 6.9 6.7 6.9 30.3 6.8 6.7 30.2 7 6.8 6.4 6.3 6.2 6.8 6.7 6.8 6.6 6.8 7 7 6.6 11.7 6.2 30.1 7.8 NaN NaN NaN NaN NaN NaN NaN NaN NaN NaN NaN NaN NaN NaN NaN NaN NaN NaN NaN NaN NaN NaN NaN NaN NaN NaN NaN NaN NaN NaN NaN
6.85 6.75 6.55 6.45 6.35 7.15 6.95 7.25 7.7 25.3 19.8 30.2 6.35 6.65 30.3 25.7 30.3 14.2 18.6 30.3 30.2 18.1 25.6 25 22 23 21.6 30.1 27.1 30.1 27 7 7 6.8 6.9 6.9 6.9 6.8 7 6.8 6.9 7 7.2 19.7 6.7 6.8 7 6.9 29.3 6.9 30.4 24.1 30.1 9.3 30.4 9.2 7.1 9.9 1.1 6.5 NaN NaN NaN NaN NaN NaN NaN NaN NaN NaN NaN NaN NaN NaN NaN NaN NaN NaN NaN NaN NaN NaN NaN NaN NaN NaN NaN NaN NaN NaN NaN
5.1 6.65 6.95 6.95 6.85 7.25 7.55 7.05 6.75 7.7 6.85 30.3 29.1 30.4 30.4 22.8 17 26.4 21.1 18.6 30.1 19 21 6.55 22 24 30.1 23 30.1 6.8 27.1 6.25 6.35 6.85 6.85 7.05 7.05 9.55 7 6.9 30.3 6.8 30.3 6.8 6.8 6.9 6.8 7.1 7 20.6 6.4 26.6 4 9.1 6.4 6.5 5.3 6.1 24.2 7.8 7.6 NaN NaN NaN NaN NaN NaN NaN NaN NaN NaN NaN NaN NaN NaN NaN NaN NaN NaN NaN NaN NaN NaN NaN NaN NaN NaN NaN NaN NaN NaN
6.65 6.45 6.45 11.8 5.3 6.85 7.45 6.95 6.85 5.1 7.1 30.7 16.7 20.1 7.05 7.15 30.3 6.75 9.55 30.3 30.2 15 22.1 23 25 21 30.1 6.85 7.05 30.2 30.1 6.25 6.35 6.65 27.6 6.55 7.15 7.15 6.85 6.6 6.6 21.1 21.9 7 30.3 7 6.8 6.7 6.9 11.1 18.7 6.5 6.3 6.3 6.2 6.6 22.1 1.3 7.7 7.7 19.8 9.9 NaN NaN NaN NaN NaN NaN NaN NaN NaN NaN NaN NaN NaN NaN NaN NaN NaN NaN NaN NaN NaN NaN NaN NaN NaN NaN NaN NaN NaN
6.35 6.45 12.7 6.55 6.55 7.9 9.65 6.85 7.15 7.05 30.2 28.8 30.5 28.6 6.85 6.95 6.85 6.65 30.4 6.85 6.75 30.2 30.2 6.75 30.2 30.2 6.95 30.2 7.05 7.05 6.25 27.1 27 6.35 25.1 30.2 6.95 7.05 6.85 6.95 6.8 6.9 30.1 6.9 17.1 6.6 6.3 15.2 6.4 6.4 6.4 6.5 6.3 6.1 6.3 14.9 7.2 1 7.1 1.1 30.4 5.3 30.3 NaN NaN NaN NaN NaN NaN NaN NaN NaN NaN NaN NaN NaN NaN NaN NaN NaN NaN NaN NaN NaN NaN NaN NaN NaN NaN NaN NaN
5 6.45 6.55 6.45 6.55 5.2 7.25 6.85 6.85 30.4 7.1 30.5 30.4 24.2 21.1 13 30.3 6.25 6.75 6.75 6.75 6.55 21 30.1 26.6 30.1 30.2 14.95 29.75 19.75 6.35 6.65 6.45 30.1 6.35 30.3 12.25 7.25 6.85 6.85 6.85 6.5 6.4 30.6 12.1 6.6 6.6 13 30.2 30.1 30 9.7 6.1 6.5 6.7 14 6.5 3.7 6.1 1.1 28 16.9 30.6 20.3 NaN NaN NaN NaN NaN NaN NaN NaN NaN NaN NaN NaN NaN NaN NaN NaN NaN NaN NaN NaN NaN NaN NaN NaN NaN NaN NaN
6.45 6.35 6.55 15.1 6.65 7.15 6.9 30.4 15.4 7.7 13.6 26.3 7.8 9 13.1 20.6 30.2 30.2 14.1 30.3 23.8 21.6 24.1 20.1 30.1 30.2 30.3 30.1 30.2 6.45 6.45 30.2 30.1 29.2 21 6.55 30.2 7.15 7.15 6.95 7.15 6.4 30.2 6.3 17.1 17.7 15 13 20.6 18.7 16.1 30.3 19.2 30.3 11.7 12 14.8 6.1 7.2 6.4 6.4 27.4 6.6 30.6 6.3 NaN NaN NaN NaN NaN NaN NaN NaN NaN NaN NaN NaN NaN NaN NaN NaN NaN NaN NaN NaN NaN NaN NaN NaN NaN NaN
5 7.2 9.6 10.3 7.6 17.9 6.8 7.2 11.3 5 8.1 30.2 30.4 26.6 15.1 30.2 27.3 30.5 6.15 5.95 30.4 21.6 15 15 21 30.1 30.4 23 6.85 6.65 6.85 29 6.25 6.45 6.95 7.15 6.75 7.05 6.95 7.05 30.3 21 19 15 17.1 17.7 7 13.2 30.3 30.2 11 11.8 30.3 30.3 9 7.2 22.7 1.2 5 18.6 5.1 12.1 6.3 30.1 30.5 6.8 NaN NaN NaN NaN NaN NaN NaN NaN NaN NaN NaN NaN NaN NaN NaN NaN NaN NaN NaN NaN NaN NaN NaN NaN NaN
5.65 7.6 30.3 17 30.2 4.1 9.7 3.7 3.8 4.3 3.1 9.7 11.7 30.5 11.2 23.6 17.2 30.3 6.05 6.15 30.2 16 30.1 24.1 30.1 30.1 6.75 6.75 30.1 27 6.85 6.65 6.65 6.95 6.75 30.4 6.95 30.2 9.65 30.2 21 30.1 19.1 30.1 6.7 15 6.6 6.9 6.8 6.7 6.7 20.8 30.4 30.2 9.1 30.2 4.1 30.2 4.2 30.2 7 11.7 9.2 9.8 14.7 6.8 NaN NaN NaN NaN NaN NaN NaN NaN NaN NaN NaN NaN NaN NaN NaN NaN NaN NaN 5.1 5 9.1 7.55 5.1 5.2 7.45
7.3 5.65 30.5 5.1 5.9 17.9 30.3 1.2 6.2 1.3 7.2 11.2 3.1 30.4 21.8 13 30.2 30.6 23.1 6.25 17.6 30.1 6.25 30.2 6.65 6.75 6.75 6.85 23 30.1 6.95 6.75 30.2 6.85 30.3 25 30.2 30.3 30.1 30.2 19.6 15 26.6 14.7 6.8 6.8 6.7 18.3 6.9 6.7 6.8 6.4 24.9 7.2 7.1 6.6 30.4 6.2 9.2 30.1 11.6 6.3 6.3 7.1 12.2 6.9 6.7 NaN NaN NaN NaN NaN NaN NaN NaN NaN NaN NaN NaN NaN NaN NaN 5.1 6.3 30.4 7.25 7.15 7.55 7.85 9.85 5.2
10.5 7.9 20.4 5.3 15.2 6.1 6.7 5.2 13.7 1.1 4.1 3 3.3 30.4 10.6 30.6 12.7 15.6 30.1 30.3 30.4 11.2 13.1 29.6 30.2 6.75 6.85 6.65 6.35 6.05 30.2 6.45 30.2 30.2 30.1 30.2 30.2 30.2 30.2 30.3 30.2 30.3 30.2 30.1 6.7 6.6 6.8 11.2 30.6 6.9 7 7 30.2 11.7 6.6 3.9 30.4 30.4 14.8 11.5 16.7 6.2 14.3 14.3 7.1 9 6.9 6.6 NaN NaN NaN NaN NaN NaN NaN NaN NaN NaN NaN NaN NaN NaN NaN 11.4 7.45 7.45 7.45 7.45 12.45 9.7 7.55
27.9 10.3 5.8 5.2 5 5.1 4.1 1.1 3.6 1 11.7 4.3 11.1 26.9 11.7 13.1 30.3 6.5 30.1 13.1 27.2 28.7 30.3 18.6 17.1 16 30.4 6.45 30.2 30.4 25.6 30.2 30.4 30.5 30.4 30.2 30.3 30.2 30.3 29.8 19.1 18.6 30.1 5.9 6.4 30.4 6.6 28.4 16.8 6.7 6.8 7.3 7.2 6.6 6.8 4 27 30.7 30.5 6.5 6.6 30.3 16.7 30.2 6.6 9.7 6.5 6.9 NaN NaN NaN NaN NaN NaN NaN NaN NaN NaN NaN NaN NaN NaN NaN 7.35 7.85 15.15 7.45 7.45 9.95 7.65 6.7
30.3 30.4 5.2 17 1.1 30.2 1 1.2 3.6 4 6.1 5.8 9.7 5.7 10.9 7.7 6.2 6.5 7.4 11.6 30.1 30.6 18.8 6.85 6.85 30.2 30.4 30.4 21 21.1 6.05 6.05 30.3 21.7 21.6 5.95 16.1 19 16 14 30.3 17 17 15 11 13.6 6 19.8 11.6 30.2 6.3 30.5 30.3 6.3 10.1 4.1 5.1 30.4 30.5 30.3 30.4 30.4 7.2 30.3 16.6 6.2 6.3 6.35 6.55 NaN NaN NaN NaN NaN 6.25 NaN NaN NaN NaN NaN NaN NaN 7.45 20.25 7.25 7.25 7.05 7.25 16.9 7.55 7.35
6.7 7.7 7.8 7.1 1.1 5.3 6.1 8.7 1 1.2 1 6.1 4 6.1 13.8 7.7 5.2 7.1 7.2 30.5 11.7 30.2 30.2 30.4 18.7 30.2 13.6 17 6.35 6.55 30.1 13.1 30.3 30.2 21.6 21 21.1 16 15 15 30.1 30.3 30.1 15 13.6 5.9 18.1 18.3 30.1 7.6 6.6 4.2 30.5 4 4.1 4 30.3 5.7 30.2 30.7 30 30.4 14.4 6 30.2 6.5 6.05 6.55 7.3 6.65 6.75 6.45 6.25 6.25 6.35 NaN NaN NaN NaN NaN NaN 3.8 7.35 7.25 7.35 9.75 7.15 7.05 6.95 6.95 12.15
20.3 5.45 30.5 6.1 1.2 5.2 13.7 10.1 1.2 4.2 1.2 14.7 1 1.1 3.2 5.6 5.1 10.6 7.7 24.9 30.5 18 30.3 21.7 6.65 19.9 30.3 25.2 20.1 6.35 6.35 30.2 28.2 6.45 17 5.8 30.1 17 26.1 15.1 17 5.9 5.9 26.1 20.6 6 9.1 30.6 21.8 6.7 6.4 4.1 4.1 6.7 11.6 6.8 11.7 5.9 30.4 11.7 6.4 30.5 30.5 6.1 6.6 6.55 30.5 9.3 6.45 6.65 6.55 6.55 6.35 6.15 6.45 NaN NaN NaN NaN NaN NaN 7.15 7.15 7.25 7.15 7.15 7.15 6.95 6.95 6.95 7.05
5.1 8 30.6 30.3 6.8 NaN 1.1 6.5 NaN 5 5.55 5.25 3.7 3.6 8.8 3.1 3 7.6 30.4 10.2 7.2 10 14.8 30.5 6.85 30.2 18.1 6.35 6.35 22.1 6.45 30.4 30.2 6.65 22.1 5.9 27.1 17 30.3 17 17 17.6 17.2 30.3 30.3 18.2 30.2 7.4 11.7 6.7 6.4 30.1 11.7 24.1 21.8 30.3 4.3 22.4 30.4 30.6 30.3 18.1 6.1 6.2 6.1 6.85 19.1 30.2 6.75 19.4 30.3 6.35 6.25 6.45 6.65 NaN NaN NaN NaN NaN 6.85 6.85 6.65 7.05 1.1 24.75 7.25 6.95 6.95 6.95 7.05
6.35 25.4 30.3 6.8 15.4 30.4 30.1 3.7 5.5 15.2 1 18.7 1.2 1.1 1 3.9 25.8 3 15.7 8.4 30.4 30.5 10.1 23.7 23.8 30.4 19.6 30.2 15.1 19 19.1 26.6 30.3 6.75 20.6 27.7 30.5 30.4 30.4 6 30.2 13.6 11.3 30.2 10.8 5.8 5.8 14.3 9 6 5.9 6 6 19.1 9.3 30.2 30.7 14.5 16.9 12.4 30.5 30.2 23.1 14.8 30.6 6.45 30.5 6.55 6.65 6.75 6.35 6.55 6.65 6.65 6.85 NaN NaN NaN NaN 6.95 6.75 4 6.65 9.3 14.2 7.05 7.15 9.65 7.05 6.95 7.05
30.4 9.7 7.8 17 30.4 10.3 14.2 5 1 1.4 30.5 1.2 6.4 1.3 3.8 1.2 1.2 3.2 16.3 30.3 7.9 8 28.2 30.3 16.2 30.4 6.45 30.3 22.8 22.8 17.6 22.6 30.2 30.6 30.2 30.2 30.2 18.2 17.6 6.1 6.1 6.2 30.5 30.4 6.1 30.4 7.3 14.8 3.8 30.3 6.2 22.7 11.6 10.2 16.9 11.9 30.1 4.1 4 9.7 6.3 6.2 7.8 16.5 6.1 11.7 6.05 9.1 6.35 6.15 6.45 21.9 6.15 6.35 16.2 NaN NaN NaN 7.05 6.95 6.35 30.1 6.75 6.65 6.75 6.45 6.2 7.05 7.15 14.55 7.15
6.25 7.2 7.1 4.1 1.3 1 6.5 1.1 1.1 1.1 1.2 8.7 1.3 3.8 1.3 1.3 3.8 1.2 3.7 20.8 30.4 30.5 14.2 30.4 24.3 30.1 30.2 30.3 30.3 13 13 13 30.1 30.5 13.6 28.1 13 11.1 5.9 5.9 5.8 5.9 5.8 6 5.9 9.2 9.2 6.2 30.5 6.2 12.9 30.7 6 4.2 4.3 7.1 4.1 4.1 6.7 17.3 30.6 14.6 30.5 12.1 12.2 6.1 30.5 30.1 30.5 6.45 9.3 30.4 6.75 6.35 NaN NaN NaN 4.2 30.7 30.4 30.7 9.1 30.5 3.7 6.55 30.3 21.7 6.85 7.15 9.65 7.05
5 7 15.3 6.3 6.7 8.9 6.9 1.1 1.1 16.3 1.2 3.8 3.9 6.4 1.1 1 1.2 1 6.3 1.3 3.1 7.55 13.7 30.3 30.3 30.6 30.3 26.3 7.1 13.1 12.7 13.6 30.3 30.6 11.1 15.7 13.6 23.3 30.1 6 6.1 6 24.8 30.4 6.1 7.7 30.2 30.3 8.8 9.4 30.3 6.1 6.7 15.3 22.9 12.8 14.3 4.1 4.2 10.3 30.5 30.6 9.6 5.9 5.9 30.5 10 26.8 7.1 7 5.95 6.25 6.35 6.65 6.45 NaN NaN 4.2 6.75 6.65 7.25 6.55 30.6 6.65 1 7.35 6.2 15.25 7.65 10.55 7.85
7 7.1 NaN 10.1 1.2 30.4 26 16.5 10.1 3.7 6.1 1 3.7 8.9 1.3 1 1.1 1.1 6.8 1.2 9.6 30.6 30.3 30.3 9 30.3 11.6 30.4 30.2 30.2 13.7 9.2 14.2 30.4 11.9 16.9 23.3 30.3 5.9 5.9 6 6.1 6.1 16.6 10.3 14.3 4.3 12 6 3.9 6 5.1 5.1 10.5 5.1 5 14.1 4 4.2 4 5.3 8 5.2 5.1 6 25.1 6 14.8 12.3 7.7 5.75 9.3 16.8 6.15 NaN 6.65 6.65 4.2 6.25 7.15 30.6 6.65 4.3 9 4.1 7.45 1.2 7.55 7.55 7.45 7.55
NaN NaN NaN NaN NaN 6.45 1.3 4.1 6.4 6.5 1.5 1.3 1.1 1 1.4 8.8 3.8 6.3 11.4 30.35 7.25 5.1 1.3 3 3.1 7 30.3 7.1 30.4 11.7 19.2 6.35 30.2 30.3 26.6 9.4 30.3 7.3 6.1 6.2 24.7 6 5.9 28.1 5.9 14.9 30.2 6.8 3.7 4.2 1.1 9 26.9 6 7 5 4.1 5.8 5.8 30.4 6.1 6.1 5.8 10.2 7.3 9.8 30.3 5.3 22.4 6.05 12.6 9.3 4 4 6.25 6.75 30.6 7 30.4 6.95 30.5 7.15 16.7 7.05 9.4 10.15 7.35 7.55 7.75 7.55 15.25
NaN NaN NaN NaN NaN NaN NaN 6.55 6.6 19.2 1.1 3.9 14 30.4 1.2 30.4 1.4 1.5 6.4 7.35 30.2 3.7 14.1 6.1 1 1 5.7 17.2 7.9 15.7 14.8 17.3 8.7 7.4 10 11.5 7 30.2 6.2 6.2 30.4 6.2 30.6 6.1 5.7 5.8 3.7 1.3 26.7 5.5 3.6 5.8 19.1 5.9 7.6 5 29.7 7.1 6.1 5.9 6 5.8 6.1 7.6 7.2 22.6 12.1 19.2 6.55 9.2 6.55 9.8 5 4 30.3 30.3 29 19.2 4.1 30.1 7.05 12.35 16.9 10.15 9.65 7.05 7.45 7.55 10.25 20.25 7.45
NaN NaN NaN NaN NaN NaN NaN NaN NaN NaN 9.1 4.1 1 3.7 26.4 1.6 4.3 30.4 3.7 7.05 26.2 4.2 30.4 3.6 1.1 6.2 30.5 8.7 5.3 10.4 6.25 7 21.6 9.8 17.9 30.5 30.6 18 4.5 6.2 15.3 7.7 5 5.9 5.6 9.4 3.9 1.3 6.2 6 5.7 5.9 5.1 5.1 7.7 10.2 9.7 6.6 4.4 6.2 6.5 9.8 30.6 6.3 5.2 30.4 6.3 9 4 6.75 6.8 4 9.2 9.7 30.4 30.5 6.75 5.1 6.85 6.65 30.7 7.1 7.35 9.3 30.1 12.45 9.95 7.55 10.3 7.45 9
NaN NaN NaN NaN NaN NaN NaN NaN NaN NaN 6.35 1.2 6.1 1 1 3.7 6.2 10.1 NaN NaN 6.35 30.5 16.6 3.8 4.4 13.8 1.4 6.6 6.3 30.5 8.8 3.8 7.8 30.5 10.4 30.1 5.1 7.1 7.3 7.1 6.9 5 1 6.6 6.7 6.6 30.3 12.8 9.6 6.2 6.4 6 1.1 5.1 4.2 30.2 7.1 12.9 9.6 9.1 17.3 5.1 6.6 6.8 7.6 7.6 7 12.7 13.7 7.4 6.55 6.55 9.6 30.4 5.4 11.9 30.8 6.75 30.2 6.65 7.05 7 12.8 7.25 6.95 7.45 7.55 7.35 7.75 10.15 10.3
NaN NaN NaN NaN NaN NaN NaN NaN NaN NaN 5.85 1.1 1.1 1 1 1.2 3.8 NaN NaN NaN NaN NaN 6.6 6.2 11.2 3.8 12.8 6.3 1.4 1.3 30.3 7.9 5.3 12.3 6 5.1 5.2 7.2 7.6 19.1 6.9 6.8 10.2 6.8 5.1 6.6 6.8 6.8 6.6 7 7.1 10.2 5.1 6.8 6.6 4.2 5.4 30.2 4.1 6.7 6.7 5.2 6.6 22.9 4.1 6.1 7 1 9.1 6.45 22.8 4.4 6.75 10.4 30.5 30.2 9.1 30.2 6.55 6.55 17.35 7.05 22.9 22.2 9.95 7.75 30.2 7.6 7.5 6.9 21.6
NaN NaN NaN NaN NaN NaN NaN NaN NaN 3.7 5.75 4 1 4.2 6.05 5.95 NaN NaN NaN 9.65 7.05 30.2 14.1 13.9 1 6.2 1.2 3.6 6.2 30.2 8.8 11.3 5.1 6.45 30.2 9.1 10.4 7.8 15.2 5 7.7 6.8 6.8 6.6 6.9 6.8 6.9 6.9 7 6.8 6.7 6.8 6.8 6.7 6.8 7.1 6.7 1.3 6.9 3.7 23.9 4 4.2 6.7 4.2 1 1 9.1 5.3 6.5 7.1 9.7 27 6.35 30.8 5 26.8 30.2 6.65 7.2 7.05 6.95 30.2 6.9 7.3 7.6 7.4 7.6 7.4 7.7 10.4
NaN NaN NaN NaN NaN NaN NaN NaN 3.9 30.3 NaN NaN NaN 5.85 5.75 NaN NaN NaN NaN 5.95 7.25 7.15 9.2 3.9 1.1 6.1 1.1 3.6 1 10.2 13.6 19.6 5.2 25.3 5 5.2 17.7 7.6 30.2 1 6.9 6.6 5.1 6.7 6.8 6.6 6.8 6.9 7.1 6.8 6.9 6.9 6.6 6.7 6.7 6.7 4.2 6.7 6.2 12.7 6.5 30.3 1.2 6.7 26.7 4 6.3 6.2 6.2 6.1 6.45 11.6 30.5 30.3 3.9 6.65 6.3 3.7 4.1 3.8 9.8 7.3 7.2 16.8 7.3 6.7 7.1 10 10 18.1 30.6
NaN NaN NaN NaN NaN NaN NaN 30.5 6.75 30.5 9.4 6.25 NaN NaN NaN NaN NaN NaN 5.95 14.2 17.2 4.2 1.1 6.8 3.7 1 6.6 1.1 4.1 5 6.25 11.7 6.35 7.15 22.8 5 5.1 30.2 6.7 6.8 6.7 6.6 6.7 6.7 6.9 6.8 6.8 6.8 6.6 6.8 6.7 7 6.9 6.6 6.6 3.7 1.1 6.7 16.4 7 26.3 1 6.6 6.2 6.5 6.3 6.4 6.3 6.5 6.6 1.4 30.4 1.4 30.5 7.65 7.05 30.4 7.4 25.2 18 7.8 7.6 7.6 30.3 6.9 7.1 7.4 7.8 7.9 7.9 7.4
NaN NaN NaN NaN NaN NaN 16.7 9.1 6.35 3.7 14.9 6.15 30.2 6.05 NaN NaN NaN NaN 5.95 5.75 4.2 4.85 5.1 3.7 4.3 5 22.8 30.2 6.95 7.05 5.15 5.25 5.05 5.05 6.7 7.6 15.3 10.2 5 5 10.2 6.8 12.6 7 30.15 7.05 7.45 17.25 6.7 6.8 6.6 5.3 7 30.2 4.1 1.1 1.1 6.6 11.4 7.9 1.2 9.3 6.7 6.2 6.6 6.4 6.6 6.6 1.2 6.4 6.8 6.8 6.7 30.4 14.2 7.6 7 29.5 12.5 16.8 7.3 15.4 7.5 7.1 7.1 6.8 30.5 7.6 19.5 10.2 7.8
NaN NaN NaN NaN NaN 4.1 6.45 1.1 9.4 9.5 5.55 5.4 6.25 12.3 5.75 NaN NaN 5.95 6.6 5.85 4.75 4.85 4.75 4.95 5.05 4.85 5.65 7.1 5.75 5.55 4.95 30.3 4.25 4.35 5 6.7 1.3 5.85 5.95 6.7 6.8 6.6 4.1 9.85 12.15 7.25 7.25 7.35 6.5 6.4 6.8 6.7 4.3 1 6.7 1 1 6.8 3.7 6.7 6.3 6.5 NaN 1.2 6.7 6.8 6.5 7.1 5.2 6.4 30.2 6.8 6.9 30.8 6.6 7 30.5 30.4 9.8 30.4 6.5 7.2 27.4 30.5 10.1 7.4 12.4 7.5 7.2 7.7 7.9
NaN NaN NaN 1 6.45 6.55 30.4 6.35 6.15 6.25 5.75 5.85 5.85 30.4 NaN NaN 5.95 30.4 5.45 9 4.85 4.85 4.75 30.5 7.4 4.85 6.05 5.55 5.65 5.65 16.6 5.75 19 9.7 7.1 16.3 1.1 22.8 6.05 5.85 7.15 7.05 7.25 7.25 9.85 7.25 7.15 14.55 6.85 6.6 6.4 6.7 4.2 3.6 1.1 1 3.7 11.9 3.7 6.6 6.7 6.7 7 6.1 6.5 10.2 7 6.6 7.1 7.1 7.4 8.1 5.4 6.8 6.2 5.7 7.4 30.4 6 6.6 6.7 6.9 30.3 7.6 10.6 12.6 12.3 7.3 7.2 7.5 10.3
6.25 3.6 3.7 7.7 6.45 6.45 6.45 7.9 30.4 5 22.3 5.75 5.1 NaN 6.05 6.45 17.2 5.75 1 5.45 5.55 5.65 5.55 5.75 5.65 5.95 6.05 5.55 7 5.75 5.55 5.75 5.4 7.7 5 6.8 1.1 5 5.2 5 6.85 6.85 6.85 6.85 6.85 7.6 7.35 6.95 6.85 6.85 5.1 6.4 9.2 6.3 1 1.2 3.7 4 30.3 12.7 6.6 4 30.3 6.5 6.6 7.6 6.7 6.8 9.8 20 5.4 6.8 7.5 9.8 1 5.5 6.7 5.1 11.7 30.2 6.8 30.3 17.2 7.7 7.8 14.9 15.3 7.5 7.6 10 7.4
5.65 20 6.25 5.55 12.4 6.35 6.7 5.2 6.05 4.2 9.1 5.15 5.05 5.95 5.75 5.65 5.75 5.65 5.65 5.55 3.7 5.55 5.55 5.85 5.75 5.85 5.85 5.85 15.1 5.65 5.65 22.9 7.8 5.2 10.3 5.1 6.75 5 5 5.2 6.95 5 6.85 6.95 6.85 6.85 30.3 7.35 6.85 7.05 6.95 7.15 30.1 1.2 30.2 3.9 1.1 4.1 6.9 7.9 7.8 5.3 19.8 7 3.9 3.7 6.8 7.2 7.2 7.5 7.7 7.8 7.4 6.7 17.1 14.1 14.3 5.9 13 6.4 30.3 6.4 7.8 10.4 17.6 8.1 30.1 7.7 12.8 7.6 20.2
20 5.95 7.2 7.8 10.4 5 6.15 9.1 7.6 10.2 5.05 3.7 30.4 5.65 1.1 5.55 5.55 26.6 5.85 7.7 11.8 22.7 6.05 6.15 6.15 6.25 7.8 6.25 5.85 30.2 30.4 29.8 9.2 8.9 5.1 8.7 4.1 5.1 5.1 7.8 7.9 5.2 17.8 6.95 6.95 6.95 6.95 6.95 7.25 1.1 19.7 6.85 7.45 4.1 16.4 1.1 1.1 8.7 17 6.6 6.7 6.7 6.2 30.3 6.6 6.5 6.8 13.8 7.3 4.1 10.1 7.4 7.3 13.1 9.1 24.3 12.3 17.1 7.8 27 9.3 7.1 7.5 30.2 30.3 10.6 30.3 7.6 7.7 17.7 7.6
5.35 5.85 30.3 5.45 7.7 5.95 30.4 17.6 12.6 7.1 11.3 5.55 9.4 1.3 1.1 3.6 4 3.8 5.75 5.85 20.4 5 1.1 5.85 6.25 9.2 5.95 5.85 7.2 5.95 9.9 5 4.1 6.8 5 5.1 7 5 5 7.7 11.6 5.2 5.2 6.95 6.95 7.15 6.95 6.95 4.2 9.3 7.55 12.3 7.8 30.25 1.4 1 1 6.8 30 6.7 13.9 9.2 5 4 1 6.7 7.6 4.3 7.5 7.7 10.1 15 7.1 7.5 11.2 11 23.6 7.5 7.7 14 30.1 6 7.4 7.4 9.7 8.1 8 7.8 7.7 9.8 9.8
5.55 30.3 5.65 5.85 20.2 6.05 9.9 5 3.6 19.1 3.6 27.9 4 1 3.8 1.2 21.6 5.85 6.35 6.35 6.05 4 6.1 6.05 6.25 4 1.3 6.05 4.3 1.1 30.5 10.2 30.2 5.85 11.6 5.2 10.1 4 7.6 17.8 11.8 15.3 10.4 6.85 9.7 6.95 7.9 7.55 5 7.35 7.45 7.45 9.95 5.4 6.6 3.8 4.3 7.1 30.4 7.1 30.5 6.9 6.9 3.3 6.9 7.2 7.4 14.6 10 10 7.2 7.3 12.5 13.8 13.7 9.8 7.9 7.7 9.8 30.6 7.7 12.8 17.3 7.5 7.4 1.4 30.4 19.8 30.2 7.2 7.7
5.45 6.25 5.55 17.8 6.35 30.3 7.6 1.1 5 9 24.3 3.8 6.3 6.1 6.15 5.75 5.75 5.75 5.35 5.45 5.45 30.3 30.4 30.4 30.6 6.15 6.35 6.15 5.2 5.85 5.1 5.95 30.3 6.95 30.3 7.7 7.7 12.3 1.4 20.3 29.5 5.5 5.3 30.2 7.15 22.25 16.65 9.8 7.55 10.15 9.6 7.55 7.75 10.75 7.2 7.1 30.4 14.8 29.1 6.8 6.7 7 3 6.6 6.9 7.3 22.2 30.6 7.5 7.4 7.2 9 7.3 30.2 14.1 7.4 30.3 20.5 19.3 6.8 10.6 7.1 7.4 10.4 9.9 10.3 30.5 7.5 8 7.7 7.6
6.25 14.2 6.25 3.8 18.4 31 1.3 30.3 30.3 6.6 23 4.2 11.5 13.9 7 4 5.35 5.75 5.85 7.3 6.05 5.75 5.95 11.7 11.6 17.8 11.8 4 4.1 5.65 5.65 16.6 30.5 22.9 30.5 5.1 12.6 24.7 6.7 6.7 18 5.2 6.25 15.4 6.25 7.15 1.3 7.55 7.45 21.4 1.1 7.65 12.65 7.75 6.9 11.1 30.4 6.9 6.7 6.7 6.8 6.7 6.8 6.9 11.7 7.1 7 12.9 10 7.4 7.3 7.4 13.2 7.4 30.1 25.1 7.6 30.6 7.4 30.3 7.3 30.3 7.8 7.8 7.8 7.7 7.7 7.8 12.9 7.6 7.5
