Outfile_5.asc
NCOLS 201
NROWS 151
XLLCORNER 733748.947016
YLLCORNER 2561541.418206
CELLSIZE 137.483444
NODATA_VALUE NaN
[rows 0 to 38 of 151, columns 0 to 87 of 201]
NaN NaN NaN NaN NaN NaN NaN NaN NaN NaN NaN NaN NaN NaN NaN NaN NaN NaN NaN NaN NaN NaN NaN NaN NaN NaN NaN NaN NaN NaN NaN NaN NaN NaN NaN NaN NaN NaN NaN NaN 9.7 NaN NaN NaN 18.4 20.9 NaN NaN NaN NaN NaN NaN NaN NaN NaN NaN NaN NaN NaN NaN NaN NaN NaN NaN NaN NaN NaN NaN NaN NaN NaN NaN NaN NaN NaN NaN NaN NaN NaN NaN NaN NaN NaN NaN NaN NaN NaN NaN
NaN NaN NaN NaN NaN NaN NaN NaN NaN NaN NaN NaN NaN NaN NaN NaN NaN NaN NaN NaN NaN NaN NaN NaN NaN NaN NaN NaN NaN NaN NaN NaN NaN NaN NaN NaN NaN NaN NaN 18.5 18.2 13.5 30.3 30.8 30.7 30.4 13.1 NaN NaN NaN NaN NaN NaN NaN NaN NaN NaN NaN NaN NaN NaN NaN NaN NaN NaN NaN NaN NaN NaN NaN NaN NaN NaN NaN NaN NaN NaN NaN NaN NaN NaN NaN NaN NaN NaN NaN NaN NaN
NaN NaN NaN NaN NaN NaN NaN NaN NaN NaN NaN NaN NaN NaN NaN NaN NaN NaN NaN NaN NaN NaN NaN NaN NaN NaN NaN NaN NaN NaN NaN NaN NaN NaN NaN NaN NaN NaN NaN 31.2 16.1 23.4 30.3 30.6 13.6 30.6 15.7 8.2 13.2 8.6 30.5 11.1 13.7 10.9 30.2 NaN NaN NaN NaN NaN NaN NaN NaN NaN NaN NaN NaN NaN NaN NaN NaN NaN NaN NaN NaN NaN NaN NaN NaN NaN NaN NaN NaN NaN NaN NaN NaN NaN
NaN NaN NaN NaN NaN NaN NaN NaN NaN NaN NaN NaN NaN NaN NaN NaN NaN NaN NaN NaN NaN NaN NaN NaN NaN NaN NaN NaN NaN NaN NaN NaN NaN NaN NaN NaN NaN NaN NaN 31 13.6 13.4 13.4 13.6 30.1 8.4 30.6 11 11.1 13.2 8.2 10.7 15.9 8.5 11.2 30.4 NaN NaN NaN NaN NaN NaN NaN NaN NaN NaN NaN NaN NaN NaN NaN NaN NaN 8.4 15.9 15.8 NaN NaN NaN NaN NaN NaN NaN NaN NaN NaN NaN NaN
NaN NaN NaN NaN NaN NaN NaN NaN NaN NaN NaN NaN NaN NaN NaN NaN NaN NaN NaN NaN NaN NaN NaN NaN NaN NaN NaN NaN NaN NaN NaN NaN NaN NaN NaN NaN NaN 10.8 8.5 8.5 30.6 8.2 10.9 30.3 16.1 30.6 11.2 30.2 20.9 28.1 10.6 30.4 10.7 20.8 7.9 30.8 NaN NaN NaN NaN NaN NaN NaN NaN NaN NaN NaN NaN NaN NaN NaN NaN 16 10.9 11.2 13.4 NaN NaN NaN NaN NaN NaN NaN NaN NaN NaN NaN NaN
NaN NaN NaN NaN NaN NaN NaN NaN NaN NaN NaN NaN NaN NaN NaN NaN NaN NaN NaN NaN NaN NaN NaN NaN NaN NaN NaN NaN NaN NaN NaN NaN NaN NaN NaN NaN NaN 10.8 30.4 8.4 15.9 18.3 18.4 30.7 31 18.6 28.5 16.3 8.3 7.1 10.2 10.3 8.3 10.9 7.3 11.1 NaN NaN NaN NaN NaN NaN NaN NaN NaN NaN NaN NaN NaN 15.7 11 13.7 30.5 30.4 8 8.4 23.1 NaN NaN NaN NaN NaN NaN NaN NaN NaN NaN NaN
NaN NaN NaN NaN NaN NaN NaN NaN NaN NaN NaN NaN NaN NaN NaN NaN NaN NaN NaN NaN NaN NaN NaN NaN NaN NaN NaN NaN NaN NaN NaN NaN NaN NaN NaN NaN NaN 15.8 11.3 10.6 30.3 19.1 10.8 30.4 8.4 18.5 10.7 30.7 22.6 30.5 30.7 7.3 7.3 8.6 13.3 11.1 NaN NaN NaN NaN NaN NaN NaN NaN NaN NaN NaN 9.8 13.9 26 30.6 16.3 8.4 10.6 15.7 18.2 30.2 NaN NaN NaN NaN NaN NaN NaN NaN NaN NaN NaN
NaN NaN NaN NaN NaN NaN NaN NaN NaN NaN NaN NaN NaN NaN NaN NaN NaN NaN NaN NaN NaN NaN NaN NaN NaN NaN NaN NaN NaN NaN NaN NaN NaN NaN NaN NaN NaN 10.9 30.2 13.3 30.4 8.1 21.2 16 21.1 16 15.3 7.8 30.6 15.2 25 10.4 6.9 6.9 30.4 8.3 NaN NaN NaN NaN NaN NaN NaN NaN NaN NaN 11.3 31 30.7 13.6 8.8 31.1 20.7 10.8 13.3 30.5 8.2 NaN NaN NaN NaN NaN NaN NaN NaN NaN NaN NaN
NaN NaN NaN NaN NaN NaN NaN NaN NaN NaN NaN NaN NaN NaN NaN NaN NaN NaN NaN NaN NaN NaN NaN NaN NaN NaN NaN NaN NaN NaN NaN NaN NaN NaN NaN NaN NaN 30.3 30.5 10.8 8.1 8 8.2 30.6 30.6 17.7 7.5 7.7 7.7 30.8 7.2 7.4 30.8 6.9 7.8 NaN NaN NaN NaN NaN NaN NaN NaN NaN NaN 30.6 30.6 8.7 30.4 30.2 30.8 10.7 10.5 30.3 7.9 8.1 8.2 8.4 NaN NaN NaN NaN NaN NaN NaN NaN NaN NaN
NaN NaN NaN NaN NaN NaN NaN NaN NaN NaN NaN NaN NaN NaN NaN NaN NaN NaN NaN NaN NaN NaN NaN NaN NaN NaN NaN NaN NaN NaN NaN NaN NaN NaN NaN NaN 28.5 11.4 8.5 8.3 8.3 13.2 15.9 9.9 7.5 7.5 10.3 15.4 15.4 7.4 10 15.1 6.6 6.8 6.9 7.5 NaN NaN NaN NaN NaN NaN NaN NaN NaN 30.5 23.4 30.6 16.2 30.5 30.4 30.8 8.3 8.1 30.2 10.7 15.6 8.4 NaN NaN NaN NaN NaN NaN NaN NaN NaN NaN
NaN NaN NaN NaN NaN NaN NaN NaN NaN NaN NaN NaN NaN NaN NaN NaN NaN NaN NaN NaN NaN NaN NaN NaN NaN NaN NaN NaN NaN NaN NaN NaN NaN NaN NaN 30.5 8.5 31.1 8.5 15.9 8.6 8.3 12.6 7.4 15.2 10.1 10.1 23.2 15 10.1 12.3 7.5 7.1 6.6 6.8 7.1 NaN NaN NaN NaN NaN NaN NaN NaN 8.2 30.6 30.1 5.9 10.9 30.2 8.1 31.2 30.4 5.7 8.2 7.9 8.4 13.3 8 NaN NaN NaN NaN NaN NaN NaN NaN NaN
NaN NaN NaN NaN NaN NaN NaN NaN NaN NaN NaN NaN NaN NaN NaN NaN NaN NaN NaN NaN NaN NaN NaN NaN NaN NaN NaN NaN NaN NaN NaN NaN NaN NaN NaN 30.4 30.4 13.4 30.8 10.8 25.7 7.6 7.6 7.5 30.2 30.4 19.8 7.5 7.1 30.1 7.8 10.1 7.3 6.6 6.7 6.7 NaN NaN NaN 12.5 7.9 30.4 8 8 30.7 30.8 7.9 26 28.1 13.1 7.9 8.1 8.3 30.7 6 30.7 7.9 15.7 13.2 NaN NaN NaN NaN NaN NaN NaN 5.7 7.9
NaN NaN NaN NaN NaN NaN NaN NaN NaN NaN NaN NaN NaN NaN NaN NaN NaN NaN NaN NaN NaN NaN NaN NaN NaN NaN NaN NaN NaN NaN NaN NaN NaN NaN NaN 28.6 23.4 8.2 30.1 13.6 6.9 15.2 7.1 7.3 7.9 7 6.9 6.5 7.3 7.3 30.9 12.8 30.3 7.3 16 6.3 6.6 NaN NaN 7.4 7.8 8.3 15.9 30.2 30.5 23.7 30.3 8.2 30.5 25.9 30.9 15.8 8 30.1 8.1 7.9 7.9 13.1 8.6 8.4 NaN NaN NaN NaN NaN NaN 30.4 7.9
NaN NaN NaN NaN NaN NaN NaN NaN NaN NaN NaN NaN NaN NaN NaN NaN NaN NaN NaN NaN NaN NaN NaN NaN NaN NaN NaN NaN NaN NaN NaN NaN NaN NaN 23.1 30.8 10.7 7.2 6.9 6.9 7.5 15.4 7.6 9.8 9.9 6.4 9.7 6.8 10.2 9.9 7.4 7.2 30.7 12.6 6.6 6.3 6.4 7.2 NaN 12.6 7.8 18.8 30.4 21 8.6 30.7 31.1 30.5 10.7 30.8 18.8 8.6 8.2 28.4 18.7 13 30.5 13.4 11.3 28.6 23.4 NaN NaN NaN NaN 8.4 30.7 30.2
NaN NaN NaN NaN NaN NaN NaN NaN NaN NaN NaN NaN NaN NaN NaN NaN NaN NaN NaN NaN NaN NaN NaN NaN NaN NaN NaN NaN NaN NaN NaN NaN NaN 15.9 7.4 7.8 7.6 12.4 7.1 7.2 9.7 7.3 7.7 18.8 30.2 7.4 10 30.6 30.6 30.4 7.3 7.7 10 6.1 6.8 6.8 5.7 30.4 30.3 7 7.6 9.9 30.7 8.5 30.5 8.4 30.3 30.5 8.1 8 8.1 18.4 13.1 8.1 8.1 20.9 30.5 10.7 16.1 21.1 18.6 30.6 8.6 10.6 30.7 30.8 30.8 16.2
NaN NaN NaN NaN NaN NaN NaN NaN NaN NaN NaN NaN NaN NaN NaN NaN NaN NaN NaN NaN NaN NaN NaN NaN NaN NaN NaN NaN NaN NaN NaN NaN NaN 30.4 7.9 7.7 10.2 7.2 11.2 7 7.3 7.1 3.7 31.1 7.1 9.8 7 30.8 30.6 15.9 31 7.9 8 7.5 30.1 6.8 30.4 6.8 12.7 12.5 7.7 13.3 11 8.3 18.4 26.1 20.8 28.3 30.5 30.6 13.4 13.5 23.6 10.6 21.2 30.4 20.5 15.7 8.1 7.9 26 10.8 21.1 8.6 8.6 30.9 16.2 8.5
NaN NaN NaN NaN NaN NaN NaN NaN NaN NaN NaN NaN NaN NaN NaN NaN NaN NaN NaN NaN NaN NaN NaN NaN NaN NaN NaN NaN NaN NaN NaN NaN NaN 27.7 7.9 30.5 7.5 7.2 6.9 30.2 31 8.7 10.9 30.7 15.3 31.1 7.5 6.6 15.4 18.8 30.9 30.5 7.7 10.1 30.7 31 6.1 30.9 6.4 15 31.1 11 30.4 30.3 30.9 11.2 9 30.2 8.2 18.4 8.2 30.8 8.5 5.4 8.1 8 30.4 8 10.8 30.4 30.5 10.8 11 30.7 31 13.2 13.9 11
NaN NaN NaN NaN NaN NaN NaN NaN NaN NaN NaN NaN NaN NaN NaN NaN NaN NaN NaN NaN NaN NaN NaN NaN NaN NaN NaN NaN NaN NaN NaN NaN 7.1 7.4 7.3 7.5 10.5 12.7 7.3 7.1 7 7.2 7.5 9.9 30.2 8.1 30.4 6.8 19.2 15.5 30.2 24.3 30.3 30.7 7.1 26.1 6.6 6.4 6.4 7.5 30.2 30.7 7.6 11 10.7 30.9 10.9 30.7 7.8 15.6 10.6 8.1 13.4 30.4 18.2 15.8 25.5 30.9 8 30.4 30.5 8 10.9 7.3 30.5 30.7 30.1 9.2
NaN NaN NaN NaN NaN NaN NaN NaN NaN NaN NaN NaN NaN NaN NaN NaN NaN NaN NaN NaN NaN NaN NaN NaN NaN NaN NaN NaN NaN NaN NaN 9.9 12.6 6.9 7.3 7.1 7.3 10.4 30.2 7.3 6.7 7 10 17.4 4.2 30.9 16.6 6.9 8.3 6.2 5.8 15.8 7 25.4 6.8 6.8 12.2 6.5 6.5 5.3 6.3 15 7.3 10.2 30.8 31.1 8.5 30.8 16.1 30.3 30.3 30.3 30.7 30.9 8.6 30.3 30.7 7.9 30.7 12.8 15 7 6.9 6.6 5.9 16.3 30.8 7.1
NaN NaN NaN NaN NaN NaN NaN NaN NaN NaN NaN NaN NaN NaN NaN NaN NaN NaN NaN NaN NaN NaN NaN NaN NaN NaN NaN NaN NaN NaN NaN 20.5 7.3 7.1 9.9 7.1 7 30.8 9.7 9.6 6.7 30.5 7.1 30.4 7 27 30.5 7.1 30.5 6.3 30.7 6.4 6.4 7.3 23.9 7.3 27.6 6.3 6.7 6.5 6.3 7.1 7.5 30.5 30.6 31.1 11 30.7 15.9 7.8 13.1 15.8 30.4 8 30.7 30.3 10 7.6 7.8 25.4 9.8 9.9 7.2 7.3 30.3 7.4 12.4 7.2
NaN NaN NaN NaN NaN NaN NaN NaN NaN NaN NaN NaN NaN NaN NaN NaN NaN NaN NaN NaN NaN NaN NaN NaN NaN NaN NaN NaN NaN NaN 7.1 12.9 7.4 7.2 30.3 7.4 7.4 14.9 7.7 7.9 30.8 7.1 31 30.9 31.2 30.1 18 6 7 14.3 30.8 6.8 6.8 7.1 31.2 6.4 6.5 30.5 6.6 6.2 6.2 6.4 12.2 30.9 16.1 30.4 30.7 8 8.2 10.7 10.9 25.8 8.2 7.9 10.1 7.9 7.5 7.2 10.1 30.6 16.2 12.6 30.4 30.4 9.4 7 7 9.7
NaN NaN NaN NaN NaN NaN NaN NaN NaN NaN NaN NaN NaN NaN NaN NaN NaN NaN NaN NaN NaN NaN NaN NaN NaN NaN NaN NaN NaN NaN 7 19.8 30.1 7 30.8 7.4 7.2 7.2 10.3 6.3 7 7.5 31.4 30.7 1.5 30.5 30.6 11 6.2 6.7 6.5 30.4 7 NaN 12.9 6.5 6.2 16.6 6.6 6.5 4.9 NaN 6.9 30.1 17.6 8 30.5 30.7 8.1 7.9 22.9 26.8 7.7 7.7 20.2 30.7 7.4 7.5 7.5 30.5 30.6 7.5 30.5 26.1 15.2 7.4 12.7 30.4
NaN NaN NaN NaN NaN NaN NaN NaN NaN NaN NaN NaN NaN NaN NaN NaN NaN NaN NaN NaN NaN NaN NaN NaN NaN NaN NaN NaN NaN 7.1 14.9 30.2 7.2 7.3 30.9 7.1 20.7 30.8 30.4 30.4 6.9 27.5 9.9 7.2 30.3 30.6 31 6.2 31.1 6.8 6.5 6.4 6.9 30.7 7 6.8 6 6.2 6.3 6 6.6 NaN 6.6 6.3 30.7 8.3 30.6 10.5 7.9 14.1 23 15.8 7.5 10.3 30.5 7.8 7.7 7.8 30.4 15.6 13.7 30 6 11.3 18.2 30.3 8.3 8.5
NaN NaN NaN NaN NaN NaN NaN NaN NaN NaN NaN NaN NaN NaN NaN NaN NaN NaN NaN NaN NaN NaN NaN NaN NaN NaN NaN NaN 7 7.3 7.2 7.4 24.7 7.3 7.5 9.8 7 12.3 6.8 6.5 17 6.4 6.8 12.4 6.4 6 26.5 6.6 6.9 6.8 7 6.4 6.7 6.4 3.2 6.5 6.8 6.1 5.9 6.5 6.4 30.3 6.6 6.4 NaN 7.4 30.5 10.5 18.7 9.3 8.2 8 13.2 25.1 30.4 7.7 30.6 11.4 30.4 7.4 5.8 30.7 30.7 7.2 30.6 30.9 30.8 30.6
NaN NaN NaN NaN NaN NaN NaN NaN NaN NaN NaN NaN NaN NaN NaN NaN NaN NaN NaN NaN NaN NaN NaN NaN NaN NaN NaN 6.9 7.2 10.2 7.4 9.7 6.4 30.7 10 30.2 30.5 7.2 6.7 6.5 6.9 30.1 6.8 30.9 6.8 5.4 30.3 7.1 7 30.8 7.1 6.5 6.6 6.9 3.9 6.5 7 6.7 30.7 6.1 30.5 9.6 6.6 6.6 9.9 6.3 10.8 18.2 30.2 30.5 30.3 8.3 6.4 7.8 25.7 30.5 30.6 30.5 30.4 15.8 3.1 8.3 30.8 30.3 22.4 30.7 22.8 30.3
NaN NaN NaN NaN NaN NaN NaN NaN NaN NaN NaN NaN NaN NaN NaN NaN NaN NaN NaN NaN NaN NaN NaN NaN NaN NaN 13.8 7.1 6.8 6.5 7.7 6.9 6.4 6.4 7.2 7.3 7.2 7.4 6.3 6.1 15.3 6.3 25.6 30.6 30.9 31.2 6.1 7.1 7 6.7 5.9 6.6 7.1 6.5 30.6 6.6 6.7 6.8 6.3 5.9 6.2 30.6 22.3 31.1 14.9 30.4 7.7 15.1 30.6 30.5 14.9 7.8 7.8 20.6 8.1 30.2 13.4 30.5 30.6 15.1 30.6 3.4 30.5 3.6 30.1 30.5 13.1 8.9
NaN NaN NaN NaN NaN NaN NaN NaN NaN NaN NaN NaN NaN NaN NaN NaN NaN NaN NaN NaN NaN NaN NaN NaN NaN 6.6 7 6.3 7 6.5 22.8 9.8 6.2 6.4 6.4 7.3 6.9 6.4 6.3 7 6.3 6.4 30.8 30.7 23.8 30.8 31.5 6.5 7 7 6.4 6.8 6.9 6.5 11.1 30.9 5.6 6.2 5.4 5.4 5.5 5.8 31.1 30.9 6.6 6.6 6.3 30.9 13.5 3.5 9.1 7.3 9.3 7.8 25.3 7.6 26.9 15.4 12.8 7.2 20.1 9 5.6 30.9 16.5 30.6 7.4 7.2
NaN NaN NaN NaN NaN NaN NaN NaN NaN NaN NaN NaN NaN NaN NaN NaN NaN NaN NaN NaN NaN NaN NaN NaN NaN 6.7 6.6 6.8 6.5 6.9 6.6 6.3 6.2 6.2 6.7 30.8 9.8 7 6.3 1.6 6.5 30.7 6.4 30.7 30.8 30.1 30.7 6.7 30.9 30.4 7.1 8.2 6.7 30.4 30.4 6.2 5.8 5.9 6 5.5 5.5 5.7 30.5 6 6.2 6.4 6.5 6.7 6.6 24.2 6.8 7.3 7.3 7.4 3.2 3.1 30.4 7.8 30.8 7.1 6.1 23.7 31.1 30.4 30.5 21.1 22.8 30.8
NaN NaN NaN NaN NaN NaN NaN NaN NaN NaN NaN NaN NaN NaN NaN NaN NaN NaN NaN NaN NaN NaN NaN NaN 6.8 6.9 6.5 6.7 6.6 6.7 6.1 6.2 6.4 6.7 6.6 7.4 7 9.6 6.8 6.5 6.9 7 30.5 29.1 30.4 30.8 22.1 6.2 30.5 7.1 30.5 9.1 30.5 6 30.5 5.7 6 6.5 5.8 5.6 5.5 6.3 5.4 6.4 11.7 5.7 6.4 6.9 7 7.2 6.9 7 21.9 8.5 7.6 7.7 3.3 7.8 30.6 30.3 8.5 5.7 10.6 30.3 30.2 31.2 15.9 10.6
NaN NaN NaN NaN NaN NaN NaN NaN NaN NaN NaN NaN NaN NaN NaN NaN NaN NaN NaN NaN NaN NaN NaN 6.3 6.5 6.9 7.1 6.8 6.3 6.6 6.5 6.3 6.3 6.5 9.9 7 7.2 7.4 30.4 6.4 6.7 30.9 31 31 30.9 6.6 31 30.6 7.2 7 7 3.5 30.5 6.4 10.6 6.1 23.8 5.8 6.3 5.8 5.5 6 5.2 30.2 5.5 5.2 6.1 6.1 7.2 6.5 6.4 11.9 10 7.2 9.8 7.5 3.3 7.5 6 24.4 13.8 30.7 30.4 30.9 30.6 30.8 30.4 27.5
NaN NaN NaN NaN NaN NaN NaN NaN NaN NaN NaN NaN NaN NaN NaN NaN NaN NaN NaN NaN NaN NaN NaN 6.9 30.7 7.4 12.7 6.8 6.1 6.1 6.4 6.3 5.7 6.5 7.3 14.7 7.6 12.6 7.1 6.8 30.3 31.5 30.8 30.6 1.7 31 6.5 30.8 6.7 6.6 6.7 6.1 5.9 6.2 5.5 6.3 6.1 5.8 6 5.6 30.8 30.5 5.6 5.5 6 5.8 5.5 6.2 6.6 6.5 6.2 30.6 12.5 9.9 7.3 7.5 7.5 30.8 3.4 18.9 30.9 23.7 18.8 30.6 30.2 30.5 26.4 7.6
NaN NaN NaN NaN NaN NaN NaN NaN NaN NaN NaN NaN NaN NaN NaN NaN NaN NaN NaN NaN NaN NaN 6.8 30.8 30.8 8.5 8.9 3.8 6.7 3.5 5.9 6.2 5.9 6.4 9.7 30.3 7 31 31 6.6 6.6 6.6 6.9 6.6 30.7 7.2 7.1 30.4 6.8 6.5 11.3 6.4 31.1 6.2 8.6 6.8 5.8 6.3 6.6 5.8 5.8 6.3 1.7 5.9 5.8 5.9 5.3 6.1 5.9 6.5 6 30.1 6.9 7.2 8.5 8.4 31.2 10.5 7.3 30.5 31 28.9 6.4 30.5 30.5 30.5 19.1 30.5
NaN NaN NaN NaN NaN NaN NaN NaN NaN NaN NaN NaN NaN NaN NaN NaN NaN NaN NaN NaN NaN NaN 6.8 21.1 7.3 30.9 6.5 30.7 11.6 6.9 6.8 6.8 6.1 6.2 16.1 7.1 7.3 31.3 32 30.9 25.9 6.8 6.2 6.4 20.5 9.6 6.4 30.5 30.6 6.8 7.1 9.8 6.3 6.2 30.5 6.9 5.6 6.1 6.6 5.6 5.6 30.4 30.5 5.6 5.9 5.1 4.9 5.7 5.8 6.2 5.9 10.1 7.2 12.7 30.5 30.3 30.8 30.4 9.8 5.3 7 30.5 30.2 3.4 1.4 30.5 14.3 7
NaN NaN NaN NaN NaN NaN NaN NaN NaN NaN NaN NaN NaN NaN NaN NaN NaN NaN NaN NaN NaN NaN NaN 7.1 9.7 12.5 6.1 9 9.2 30.5 7.1 7 6.4 6.8 10.9 19.7 10.3 30.4 7.1 30.6 6.5 6.3 28.7 30.6 6.4 22.7 5.9 6.8 6.9 6.4 6.9 7.3 7.4 6.9 9.7 16.2 7 5.7 5.8 5.8 6 6.1 30.4 5.7 5.6 5 5 5.5 5.6 6.1 30.8 7.8 7.7 12.4 15 30.2 13.8 31.1 5.8 30.8 6.1 6.6 30.6 30.5 10.3 15.6 30.5 30.6
NaN NaN NaN NaN NaN NaN NaN NaN NaN NaN NaN NaN NaN NaN NaN NaN NaN NaN NaN NaN NaN NaN NaN 30.8 7.1 14.1 4.1 6.3 6.6 30.6 7 10 7.2 7.7 7 30.8 31.4 30.6 30.8 28 3.5 30.4 6.9 13.8 30.5 6.4 6.3 6.9 15.9 22.3 8.8 30.5 6.8 6.7 6.5 6.8 7.2 7.3 5.6 6.4 6.1 6.4 5.8 5.7 6 5.3 5.2 6.1 6.2 6 6.5 12.9 7.7 7.8 10.3 10.5 30.9 18.7 23.8 21.2 5.4 7.9 30.6 30.6 8.4 7.2 7.2 12.3
NaN NaN NaN NaN NaN NaN NaN NaN NaN NaN NaN NaN NaN NaN NaN NaN NaN NaN NaN NaN NaN 5.3 5.5 6.4 5.8 6.5 6.8 6.6 7.2 6.2 6.5 6.6 6.8 6.9 7.4 29.4 31.2 31.3 31.1 6.2 7.3 7.1 26.6 30.5 8.6 6.7 6.7 6.9 6.5 6.5 6.6 6.4 6.1 30.4 6.3 6.9 12 7 5.8 6.2 6 6.4 6 5.9 6.2 5.4 5.5 6 6.4 8 3.5 12.9 7.8 7.5 8 8.2 7.6 8.9 16.5 5.2 12.5 30.4 30.4 31 9.7 30.9 30.6 7.2
NaN NaN NaN NaN NaN NaN NaN NaN NaN NaN NaN NaN NaN NaN NaN NaN NaN NaN NaN 7 1 5.4 5.9 30.8 13.9 9.1 7.3 6.8 6.6 18.8 6.4 6.3 6.6 7.4 6.6 16.4 30 30.6 6.8 9.7 31.1 31 6.4 3.5 30.6 6.2 6.7 5.8 6.4 5.8 6.1 6 5.9 6.3 30.7 6.6 7 6 5.8 6.4 6.6 6.1 6.1 5.8 5.3 5.5 5.7 13.1 9.8 7.7 10.6 20.5 10.4 20.2 8 15.1 8 10.5 30 30.2 8.4 8.7 29 8.1 25.1 6.9 6.6 30.5
NaN NaN NaN NaN NaN NaN NaN NaN NaN NaN NaN NaN NaN NaN NaN NaN NaN NaN NaN 13.2 5.7 8.8 6 5.9 3.3 5.8 9.4 6 30.5 6.4 6.4 7.1 7.9 8.2 28.8 6.6 31 6.6 11.9 30.5 30.8 30.7 6.1 30.2 30.2 8.5 6.1 5.8 6.1 5.9 5.5 30.4 6.4 6.5 6.3 6.4 6.4 5.6 6.4 6.9 6.8 6 5.8 5.9 5.4 5.5 6 6.1 6.1 30.3 8.2 10.5 17.7 30.5 7.5 23.2 8 30.5 7.9 11.2 31 30.8 30.5 30.6 7.3 6.7 6.8 8
NaN NaN NaN NaN NaN NaN NaN NaN NaN NaN NaN NaN NaN NaN NaN NaN NaN NaN 6.7 5.6 5.4 5.5 5.8 5.6 30.6 5.9 5.2 5.8 5.5 5.9 6.8 6.8 31 7.4 9.8 7.4 15 6.3 6.6 16.7 6.2 30.7 31 5.6 6 5.5 5.8 5.7 5.9 5.7 5.7 6 6.2 30.7 30.5 6.6 6.1 5.1 30.4 6.2 6 6.4 5.7 5.9 5.1 4.9 5.9 5.9 6.6 7.9 6.5 30.4 8.2 6.8 6.5 6.5 8 6.1 7.8 7.6 20.4 30.8 30.4 18.1 5.4 9.9 6.7 7
