Outfile_5.asc
NCOLS 201
NROWS 151
XLLCORNER 730592.938286
YLLCORNER 2561222.529137
CELLSIZE 145.176046
NODATA_VALUE NaN
[rows 66 to 98 of 151, columns 74 to 147 of 201]
NaN NaN NaN NaN NaN NaN NaN NaN NaN NaN NaN NaN NaN NaN NaN NaN NaN NaN NaN NaN NaN NaN NaN NaN NaN NaN NaN 7.7 4.099076262 3.2006636589 3.3553296488 6.1846975047 3.9900621611 2.8502212362 NaN NaN NaN NaN NaN 6.5374258846 2.6134491708 4.2223216919 2.9611111111 7.1084518793 3.0666666667 2.5055555556 2.6714045971 5.7042261031 6.9615508071 7.5453558739 30.0023333333 7.85 9.0540925512 6.8666666667 11.2666666667 6.7666666667 30.0046666667 14.75 9.85 7.5666666667 10.15 7.7361506991 18.9 9.35 14.9 10.1 9.9 9.05 22.1333333333 7.1166666667 20.0446666667 7.2888888889 7.0149362158 8.0348730697
NaN NaN NaN NaN NaN NaN NaN NaN NaN NaN NaN NaN NaN NaN NaN NaN NaN NaN NaN NaN NaN NaN NaN NaN NaN NaN 2.4205792798 6.35 7.0490906338 4.1761588859 5.6289342698 7.1 6.6 NaN NaN NaN 7.95 9.35 25.0350685946 4.3876160094 3.5374258846 3.8994767825 2.25 4.9833333333 5.4333333333 3.9666666667 5.9040925512 2.8953558739 6.8205792798 7.1227786529 9.3 30.0039346658 20.4227786529 6.5401371761 6.4703703704 6.8703703704 6.6203703704 6.7703703704 8.85 12.45 10.8 8.8 8.6 10.15 10.85 10.8 15.25 11.55 12.75 15.2 11 16.3 29.9784285714 10.65
NaN NaN NaN NaN NaN NaN NaN NaN NaN NaN NaN NaN NaN NaN NaN NaN NaN NaN NaN NaN NaN NaN NaN NaN NaN 4.1769562388 4.1940446391 NaN NaN NaN 6.45 6.6 NaN NaN NaN NaN 6.85 18.3 18.45 6.1859420902 3.5237387429 2.7302830782 2.4166666667 2.8333333333 2.8040925512 4.0166666667 21.3833333333 2.35 30.0014770164 6.9223216919 7.15460281 8.6648090607 6.4783329622 6.3905960329 6.6880952381 6.8880952381 2.6380952381 8.55 11.8 6.3880952381 12.75 9.7 10.95 13.95 9.25 8.3 13.95 28.95 10.35 13.85 9.35 5.8261904762 10.55 6.3421691488
NaN NaN NaN NaN NaN NaN NaN NaN NaN NaN NaN NaN NaN NaN NaN NaN NaN NaN NaN NaN NaN NaN NaN NaN 5.6078685395 8.1 20.4526526899 3.1730769231 6.65 NaN NaN NaN NaN NaN NaN 6.7 25.232 17.085446344 6.6313839675 2.90559494 5.7358309864 2.698142394 2.4333333333 5.3203703704 2.2134491708 5.5261904762 7.7216618094 8.05 30.0024744498 7.65 10.3 10.8381572756 7.0782174738 6.8752416018 13.9635735976 14.15 11.05 7.8 8.6 7.7 7.65 8.1 15.25 15.95 10.75 11.5 10.3 9.15 10.55 18.85 5.9194840324 8.1 3.5533108961 3.2952247076
NaN NaN NaN NaN NaN NaN NaN NaN NaN NaN NaN NaN NaN NaN NaN NaN NaN NaN NaN NaN NaN NaN NaN 5.6899385949 20.1058255781 7.45 6.3351191813 14.988878435 6.75 2.473998276 6.85 NaN NaN NaN NaN 6.75 8.35 21.6681192171 6 6.2615508071 2.2393193566 5.6608185325 6.4742242458 6.4393193566 6.7064102564 12.85 19.9 6.25 6.25 6.7 6 18.9240453033 18.2047379305 13.3013189489 6.7705792798 6.5615508071 6.4768182948 6.5845325216 14.7 6.4 9.3 8.95 11.4 13.4 14.55 7.8 10.1 10.4 6.35 24.4 16.2 5.9 2.8722222222 3.1336139264
NaN NaN NaN NaN NaN NaN NaN NaN NaN NaN NaN NaN NaN NaN NaN NaN NaN NaN NaN NaN NaN NaN 5.65 8.65 3.0853044011 6.2397412037 10.8646632187 6.75 6.6795713869 6.65 19.964 6.35 NaN NaN 6.9 6.3538357466 8.5 6.2 5.95 5.5 6 6.15 6.1 6.55 8.49984391 6.95 7 6.35 6.746856485 5.15 5.4 21.952378304 7.0541611408 2.3635231517 6.95 6.9 9.5 9.85 8.9 5.4047650464 12.7 11.4 10.6 8.7 23.75 9.5 7.3 7.65 10.75 5.3 2.35 5.65 2.9147188482 2.9594922192
NaN NaN NaN NaN NaN NaN NaN NaN NaN NaN NaN NaN NaN NaN NaN NaN NaN NaN NaN NaN 2.2 12.5 12.8 16.2168015807 8.7 6.8 7.7 6.35 6.65 6.55 20.06 NaN NaN 6.95 22.7087251934 6.7 25.0693333333 5.8 5.8 5.85 6.9270461645 25.0606666667 6 6.65 7.85 6.95 6.9 12.1 6.65 30.0038449158 29.806919727 25.8282174738 3.7330646666 3.4306741015 19.6570224301 6.75 7 9.25 29.953 11.4 9.6 10.2 12 12.75 14.05 9.9 7.95 7.15 14.05 5.05 2.35 2.5 2.35 2.8277777778
NaN NaN NaN NaN NaN NaN NaN NaN NaN NaN NaN NaN NaN NaN NaN NaN NaN 7.1 2.4 2.7 6.85 7.4 8.7 11.35 6.9724739802 19.9835834467 6.6084518793 19.7059224131 6.8 6.5712869664 NaN 6.65 6.85 25.0263806577 6.75 2.6705792798 6.55 6.95 6.4 6.5 7.9 7.55 6.95 7.1 6.95 12.2928371643 6.9 6.85 6.55 6.6014076045 6.9994767825 30.0000355763 6.217051395 2.5122501134 7.1453558739 9.9166666667 10.8333333333 9.05 10.65 15.95 11.4 14.2 6.6203703704 19.9 9.8 13.35 16.1 6.8222222222 10.55 5.35 2.6 2.5 2.55 2.2277777778
NaN NaN NaN NaN NaN NaN NaN NaN 7.35 4.85 NaN NaN NaN NaN NaN 2.4 2.55 7 6.65 8.65 10.2 20.0442242458 7.4 5.8428371643 7.2117382165 7.35 7.5301158374 20.0180112703 6.55 6.2 8.85 6.7 7 6.95 7.05 6.7 6.4 3.170674489 6.85 9.75 7.05 6.55 7.15 7.05 6.55 6.5166666667 6.6 6.9 6.153428636 6.8542261031 8.9245006541 6.55 7.0453558739 9 6.6874920661 6.9716618094 7.6111111111 9.4 7.16898463 25.75 10.6 11.75 8.15 7.0833333333 7.75 8 16.2 8.8 10.7 5.25 1.75 2.45 2.2 2.9277777778
NaN NaN NaN NaN 8.7 5.5 5.35 5.1 5.65 5.25 5.05 5 5.3 8.05 7.95 7.8 7 8.95 6.6 14.95 6.8742242458 7.3946277864 6.6767895821 8 7.4070224301 19.8161434492 10.5913293538 6.5 3.6391639897 2.8660740412 6.5 3.1667993852 7 7.2 24.9675927876 6.3 6.569983854 6.5545637691 6.7621827039 7 6.75 6.7 7.55 8.2666666667 7.25 6.45 7.0453558739 12.1267895821 10.6446277864 24.3214045971 3.99071197 13.3833333333 3.3716618094 4.9692754236 6.3602895721 6.9726779369 7.6333333333 5.85 9.2584518793 6.6681050248 22.85 14.8 9.2 9.25 8.35 8.75 2.5333333333 9.9222222222 12.4 9.25 5.55 2.6 2.5 2.7777777778
NaN NaN 7.05 5.15 5.3 4.8 4.65 4.4 5.2 5.6 5.15 6.65 8 7.25 5.5 8 6.5 6.7 6.6 5.7242242458 6.65 7.0267895821 7.3 20.0683333333 7.74071197 7.5666666667 20.0187895821 3.4223216919 6.85 7.4499159511 3.7161994504 2.4135735976 4.4664737863 5.7892557464 2.7428371643 6.6 8.7 6.7647188482 6.5828101159 2.3694840324 7.1 7.75 15.110030303 9.1 9.9 15.04871197 6.7 9.4856743286 6.9267895821 5.9055555556 28.4333333333 9.99071197 6.9714045971 10.7268182948 6.5742242458 7.0333333333 6.7166666667 10.7333333333 7.0540925512 6.7134491708 12.95 21.65 7.9 10.4 11.6 6.1453558739 5.3115508071 12.7 9.05 6.4 16.3 2.25 2.55 2.6277777778
7.05 5.65 4.9 4.85 4.75 4.3 5.2 4.9 5.35 5.2 5.25 8.25 8.65 6.8 7.1 6.45 19.98 6.45 19.933394791 6.2 6.5 6.9856743286 7.85 19.95471197 7.0392557464 3.2428371643 25.1825555291 2.6749319761 9.1627204931 15.3240453033 6.1578339874 3.4787267571 2.9240079158 14.9855508071 6.95 7.05 7.05 7.9 5.55 2.55 10.45 7.6 5.364274771 2.5268182948 7.65 5.7392557464 3.84071197 30.0063333333 7.1359549217 26.0456009364 6.5 6.3487248999 6.3042261031 5.553428636 5.8608185325 6.503030303 7.6055555556 6.7666666667 8.4166666667 6.9261904762 16.55 16.3789342698 9.05 6.9666666667 9.7 6.9333333333 13.7 17.75 12.6 16.35 6.25 5.25 2.6 6.2268182948
5 5.8 4.2 4.25 3.9 4.7 4.95 5.4 5.5 5 5.3 7.3 7.35 6.75 5.6 9.75 6.6 6.35 10.85 6.45 7.6453558739 7.2 9.678511354 7.1705792798 2.6615508071 6.9446277864 25.1415546285 25.3440193633 4.9539264695 5.4611149814 3.8967854397 6.9 6.4 6.7 6.75 6.15 6.1 6.5 15.0449342698 6.7067245426 6.4 15.062 7.05 7.95 6.85 6.5615508071 6.95 8.7787919471 7.2 29.9719494148 11.7 15.0434286252 6.7491289 6.3328101159 11.35 2.1768182948 6.6214045971 6.3869026671 27.0889883586 6.8006271054 14.8138488355 13.75 8.9 16 27.9550633642 10.4 18.25 5.9880952381 10.5 18.4 21.35 9 11.85 5.5564102564
4.2 4.6 4.5 4.65 5 4.65 4.8 5.45 5.45 4.95 5.1 8.15 7.55 6.8 2.45 6.3 6.85 7.25 20.138142394 8.3 4.0166666667 7.84071197 6.8892557464 2.6884487607 17.8135735976 3.0767895821 3.5856743286 25.0654048832 8.2240453033 4.2301158374 3.8153372142 5.7397640738 3.1573155329 6.35 6.6 6.7 14.9534045971 7.35 7.25 6.75 14.9521517174 15.0523279424 7.0098388924 5.9392203723 6.0564102564 5.6618913743 7.05 6.65 6.6669601147 6.9892557464 14.9993557635 14.9982996679 7.0128248883 7.0666087768 11.45 5.7056550252 5.9585207206 6.8917852127 6.5134491708 9 30.0403691019 6.95 13.95 3.3524976531 14.8 9.45 3.1681350989 2.7703703704 9.2 24.05 21.55 9.75 6.1401371761 3.0644313952
4.45 4.45 4.9 4.9 4.6 5.1 5.1 5.05 5.35 5 4.9 7.8 8 6.95 7.8 7.65 7.2 7.15 7.1 8.35 7.05 19.9933333333 2.4928371643 3.0135735976 7.4 11.15 12.2570224301 12.8705455818 10.8 8.6620225406 13.106466985 3.9745602819 7.55 7.6 7 7.2 10.45 8 8.05 7 6.8434849615 15.1405013475 6.6 6.85 6.55 6.1 6.6 6.2 6.85 6.9 5.65 7.2207592179 15.0967379305 5.649404584 5.5087567673 5.8040382048 7.7028909085 8.0159705015 30.0057852127 7.7 8.7 7.35 10.0690047263 7.5095038309 30.0073298853 8.8955834467 3.1248334564 16.5 2.6166666667 5.8666666667 14.7 2.8166666667 2.8274851991 3.7314757273
5.4 4.95 5.05 5.1 5.4 5.25 5.4 5.4 5.2 5 4.8 7.35 8.3 7.2 7.55 7.1 6.65 9 7.8 7.3 6.15 6.3 10.8 9.05 7.55 23.1070224301 9.09071197 9.8 7.8975950733 22.9073786367 14.9733786367 15.1470712638 15.0184849615 15.0356666667 15.0256666667 15.0716666667 10.9 9.5 4.6070224301 15.0535829038 6.95 7.2 6.7 6.6 6.7181192171 5.6229948341 6.55 6.2934562487 6.6 6.3372459465 12.9951780206 2.5705792798 4.1782210422 6.6390396954 6.0682213103 5.843952253 6.9351191813 7.2035521076 20.5903557635 5.8084518793 7.1 5.5573786367 24.9786892072 30.0133298853 29.9823557635 6.7917852127 2.5181050248 2.3374901471 5.1 5.3 5.5 9.05 5.2722222222 12.8666666667
5.35 5.2 4.9 5.4 5.6 5.3 5.2 5.4 5.65 5.55 5.45 7.75 7.15 11.25 2.6 8.2 7.25 7.2 6.6 9 15.185446344 20.1586480027 8.95 10.35 5.4 6.74071197 6.9892557464 8.3 9.4282174738 12.1381572756 15.2037128312 9.45 8.5 9.25 8.3 10.4 11.35 7.7584518793 11.4 11.6723216919 10.15 8.45 6.8240453033 5.35 5.5 5.45 6.55 6.3 15.0386666667 6.75 6.65 6.95 15.0016666667 10.5509114294 3.0958674673 10.85 2.6493623108 7.65 22.4813298853 26.5455834467 9.9302373727 3.3540925512 3.6911673208 10.1455834467 4.1917852127 3.6725890798 7.8 6.5456009364 5.9666666667 3.0666666667 2.9166666667 6.0666666667 15.05 12.35
5.55 5.45 5.2 5.8 5.45 5.45 5.45 5.95 5.55 5.25 5.55 5.25 5 10.55 6.95 6.5 6.7 11.55 10.5 20.1528658549 20.0811192171 3.5707704779 6.7405296316 8.85 6.6292657005 10.95 11.35 8.15 2.819104196 8.1522349452 9.2 10.75 7.8 9.7 13.5 9 14.954 3.3226779369 9.9 7.0590005921 7.6 3.7254153933 6.9 6.95 6.75 6.65 6.55 6.55 14.9656666667 8.1 14.9701154274 6.3742996679 4.4944323581 14.9718120122 3.1975304232 6.4737619586 2.691134965 6.043075142 8.9184525146 7.8958969948 16.75 2.8634491708 3.6893446036 3.5285371601 3.3384753952 2.9588191311 7.85 8.4 5.8833333333 6.1833333333 23.95 2.7333333333 6.2333333333 29.994
5.2 5.4 5.45 5.35 5.7 5.6 5.65 5.9 5.7 5.3 5.4 5.5 5.7 7.2 12.05 7.4 9.2 8.5 7.95 14.4 20.1285834467 20.005507906 3.0428371643 13.426286502 11.5637572938 20.4335203106 20.4 8.2 5.6703703704 6.940057876 7.5 12.6 9 2.6768182948 8.1 8.25 2.9064102564 6.9564102564 10.75 13.1 8.9 9.3 9.85 3.4843572659 7.2 10.1 7.55 2.761450055 6.7 15.0257843887 2.7598879263 6.5821701562 14.9613456956 14.2191643198 12.6987248999 5.7134491708 5.603030303 5.8261904762 22.6245942812 3.5132241218 6.5161434492 6.2389883586 3.3640561799 6.0957042423 2.9255853852 5.6670295079 2.7877707402 5.5222222222 2.4722222222 5.4722222222 5.6222222222 29.919 20.5 18.15
5.85 4.7 4.9 4.85 5.65 5.55 5.95 5.5 5.85 5.4 5.25 5.25 5.15 6.95 8.05 8.25 7.3 6.7768182948 11.1 10.05 20.1629632333 8.2070224301 10.076507906 13.1064484313 19.8685658488 7.8802373727 12.8 8.35 7.7 10.1 14.2768601941 15.041 15.1387387429 3.8246415108 6.1761904762 3.0261904762 2.5666666667 14.6 6.3166666667 3.3419755892 3.3416625669 13.9 15.0898672278 9.5 12.4 2.935446344 7.3 8.1827011897 7.5434982679 2.7423526966 2.7723216919 13.7850892186 6.65 11.4893298864 11.00209398 7.3273168347 7.0630813152 6.55 7.1 6.3111111111 3.4333333333 15.2833333333 3.0055555556 6.253030303 2.1722222222 1.95 6.8 5.25 2.3 8.55 8.6 12.9 15.2 16.5
14.25 6.5 6.15 5.95 5.45 4.95 4.6 4.9 4.75 4.55 5 5.05 4.9 6.85 7.2 5.6547650464 7.8 9.45 9.3 8.8 7.7 18.85 19.9683794978 20.2580453033 25.2301673208 8.2653372142 7.7618805153 25.04298463 6.7422194537 8.4 24.8270461645 8.7302373727 10.95 15.1509026671 7.65 6.4111111111 9.8 11.1 15.027 10.25 8.15 15.0014444444 15.352 14.976 15.1723636364 5.7083333333 8.8 9.55 15.1912244134 3.1876880965 10.25 12.85 7.85 8 15.0744487607 3.3765569041 6.7638991347 3.2239552048 4.4166666667 3.4611111111 3.9611111111 4.8570224301 2.897996552 6.95 5.5717300308 6.75 4.8 9.8 5.3067245426 5.3484520197 2.5581667897 2.5634491708 6.1906649427 8.2
NaN 6.2 6.65 5.25 6.6 6.15 14.5 6.7 6.75 6.4 5.15 5.2 5.65 5.15 7.3 7.4 8.3 10.05 15.05 6.7268182948 7.497178591 18.7348537679 14.763570706 8.2040925512 10.6641856825 12.3471596063 12.89984391 8.5 24.9964525146 25.0973298853 24.9940453033 12.25 7.8134491708 14.9509883586 10.75 15.0360224301 15.1913333333 15.1103333333 14.9413333333 15.0049860233 4.0644437802 9.95 7.8 8.55 7.25 10.9 12.25 12.35 7.75 5.7815230842 6.1532244134 6.6694011491 7.1305354371 7.3838046346 8.6799677164 12.375118546 3.7476254443 6.1356826954 10.1313855149 3.9111111111 3.7611111111 14.9666666667 29.985 5.7777777778 8.7 2.6064102564 7.15 5.6564102564 7.8 16.4 5.7714045971 8.85 4.646961025 19.6937398861
NaN NaN 2.75 6.85 6.7 6.75 5.9 6.8 6.6 6.35 6.75 6.65 8.85 17.2 19.915 7.9 7.4 20.12471197 10.85 7.8353191866 20.045476147 13.9598811283 8.4578339874 14.45 8.0591218061 7.55 15.0360406063 7.7266136648 11.3458969948 7.75 13.7620225406 15.0286890968 8.7393446036 7.85 9.9294273899 6.147996552 3.2555555556 7.2 6.5555555556 15.0392830782 7.5 7.65 5.9085392229 5.9339733804 7.45 5.9115508071 6.2829332032 3.8093499059 15.0310013082 12.1 11.6 15.0427344001 6.5603794978 2.5181050248 6.5917852127 4.7570224301 6.7621722674 6.0078695051 7.7383966975 6.6611111111 6.8611111111 4.2666666667 2.9761904762 5.9901371761 8.4 9.4 7.15 8.7 8.45 8.5 8.75 12.95 6.79071197 6.0089232249
NaN NaN NaN 6.8 6.05 20.078 6.7 6.6 6.35 5.65 19.4 19.95 6.45 19.901 17.25 8.4 10.25 8.85 7.05 8.8122501134 8.7 8.25 8.2 15.0003216919 8.3760343862 9.35 7.2 6.8042261031 14.9351991882 6.6 6.95 7.2 10.4001731634 11.7440446391 14.9534119078 10.7084518793 5.8666666667 2.8469040394 2.5401371761 15.1004922192 5.9694840324 8.85 7.95 5.6766010238 9.3 11.75 6.0471540342 3.5873355562 6.2176752738 13.8617989856 8.9 14.9757592179 3.4802373727 6.1248334564 6.1678056689 7.838708522 4.2934562487 6.1548156164 6.9229948341 3.6611111111 19.25 13.25 12.75 8.95 3.2611111111 3.2611111111 6.2611111111 3.8111111111 9.8 7.35 8.1 7.75 8.15 6.0115508071
NaN NaN NaN 7.05 2.95 7.2 6.65 6.55 6.7 6.95 20.227 20.048 6.5 19.978 8.15 9.4 8.95 7.5 9.7 8.15 13.4 14.95 12 12.5040925512 6.6134491708 6.3768182948 6.4758686137 7.6533326691 15.0035834467 7.85 9.95 3.9166666667 13.8777777778 15.0263333333 15.1277435897 6.8 7.1 7 7.7084518793 10.237864697 15.015208726 15.0681472445 8.5 2.6800971077 5.303030303 6.148142394 15.0288182948 10.05 13.65 12.6 15.0530112703 3.2219010501 11.35 6.7335203106 2.7574638207 3.2471417218 5.7758686137 3.428316797 4.0233912093 16.6158761576 9.4584518793 7.1 9.0333333333 7 7.0666666667 4.1666666667 3.8166666667 4.0166666667 7.0666666667 8.5166666667 16.3245006541 8.35 8.35 8.95
9.15 NaN NaN NaN 6.35 7.15 NaN 6.65 6 14.1 19.903 12.6 10.25 14.45 7.3078685395 18.95 14 14.9920461645 5.4884487607 10.6 9.55 14.05 9.25 15.012 6.8115508071 6.3946277864 6.8767895821 7.16898463 8.678511354 7.15 15.0291587328 9.05 7.1 15.0485231453 14.6948749122 7.35 15.0923333333 6.7666666667 2.9567245426 14.4434849615 3.2811298163 6.55 6.6 9.9 7.7 7.95 6.9397785367 15.284521847 7.25 14.963 3.8235829038 10.25 9.75 15.0109342698 5.7116052299 15.0759737791 14.9697382165 14.98468603 4.3648090607 6.9 6.9 8.95 6.85 2.6055555556 2.5770461645 7.55 6.85 7.1761904762 5.9761904762 6.9261904762 2.9876880965 6.9635735976 7.6311250567 6.9
9.05 8.55 10.2 NaN NaN 6.6 6.85 7.3 17.1 20.166 5.9 19.956 6.9742242458 20.021 12.45 19.967 10.05 NaN 2.4347858837 7.2 7.05 7.7 15.1123333333 6.9037203881 6.4816790289 6.4767895821 6.6356743286 14.9443333333 14.9583333333 13.05 15.016 8.4 11.7 9.75 3.5062672167 12.7 7.2 6.8 8.85 7.1 7.1 5.2207592179 7 5.9526087569 11.3 7.4350406063 6.9353397564 7.75 9 10.0205960277 3.2343272963 2.7374920661 2.6564102564 15.094 5.7564102564 3.1385891958 15.1357852127 15.1172373727 7.4437128312 8.85 9.35 3.0358404189 2.753030303 2.903030303 2.848142394 5.4277777778 2.5277777778 6.4277777778 5.7277777778 2.9277777778 5.5694840324 6.7311250567 6.6328101159 23.3160289775
16.8 11.3 10.7 8.85 NaN NaN NaN 5.65 20.078 16.1 12.75 NaN 17.4558900823 17.55 12.35 8.65 8.25 8.95 8.8 14.9778182948 6.5513641714 7.9166666667 6.5 14.11056489 6.9511704976 6.46898463 14.9420224301 10.8166666667 8 9.05 7.95 11.7 5.7727487108 5.9175430751 2.7242242458 6.6893193566 9.65 6.65 9.5 7.55 9.9625444306 13.7570224301 14.9091076631 6.8 3.5828411419 10.4617382165 14.9390112703 14.3736890968 6.0953558739 3.5719010501 6.4115754658 3.2002554047 15.0112222222 11.1 3.0257618163 3.1977602346 14.5 9.8411673208 15.0938446873 4.5856117652 3.0708927697 2.6669517877 2.6722222222 2.8222222222 2.3702728564 2.8083333333 5.8083333333 5.7583333333 2.6583333333 5.8683739396 5.6450715499 5.8758686137 24.5192754236 11.6726779369
11.65 9.35 20.006 14.05 9.5 13.5 11.85 NaN NaN NaN NaN NaN 10.45 2.7393446036 7.45 14.978378304 8.9 9.8 14.9627796773 10.85 10.2 6.5969040394 14.4252444916 14.9508083139 7.2422860495 7.6665805837 10.7812466759 6.9666666667 7.75 11.9 10.4 9.25 8.5 9.9 8.8 10.25 6.9 7.05 7 6.85 7.35 15.171708522 9.1095038309 7.65 6.9 2.9818455014 3.4301158374 4.7326039052 14.9973786367 6.4683086365 7.45 6.1909187831 15.1622543046 6.473998276 2.4347858837 6.9463442264 7.7980057157 9.2101749826 15.0648339874 7.4023409952 5.9870412155 5.5921966066 2.2380952381 5.6880952381 5.4380952381 5.4380952381 6.1950715499 7.4 29.9308686137 13.8 4.1726779369 11.5578685395 5.9216618094 11.0584518793
17.65 10.95 13.65 5.35 17.8 15.9 20.157 8.1 20.009 11.35 8.85 15.15 NaN NaN 8.65 8.15 NaN NaN 7.9 8.9 14.9554491708 15.0095219852 7.5 6.7122501134 14.9390669095 6.9767895821 7.371505315 14.7197773382 7.1 11.2 9.45 15.018 15.07 5.45 14.991 14.91 6.9 7.3 6.75 7.85 3.0074638207 7.9 15.0883623108 6.25 8.25 6.85 3.0595238095 9.113570706 15.0015575185 3.5194193466 6.0088191311 6.1723311278 3.3748334564 14.9964010611 3.1261904762 6.9001096867 9.0814757273 9.7825157082 15.004 5.7547379305 6.1671695589 5.82568603 5.8833292142 6.45 6.55 5.6703703704 5.9726779369 6.0166666667 6.1078685395 6.3216618094 8.1453558739 7.678511354 24.3833333333 26.95
10.4 9.35 11.6 13.9 11.05 17.6 8.9 12.75 11.85 16.3 13.85 9.2 16.9797141553 8.3 12.8302373727 NaN NaN 6.95 5.3 15.0290224301 10.55 6.1041568138 14.4847716914 15.0499632333 15.0436666667 7.8782210422 6.853083626 6.8698724248 6.8222222222 7.9 12.25 9.6 7.2 12.25 15.132 7.4 6.95 7 9.3 9.95 10.5 8.85 8.7 15.0811111111 6.8 2.7423526966 5.8919755892 6.9090193633 6.7092535051 3.5060112703 10.7 15.0469525334 7.9 12.9132972377 8.7187796773 6.1214285714 2.4333333333 17.7736890968 5.35 13.0740453033 6.8286892072 6.1782174738 6.8 7.0833333333 3.3333333333 6.1833333333 6.0833333333 6.4111111111 7.028511354 14.2333333333 6.5 7.9570224301 6.3040925512 6.9666666667
14.35 11.95 12.5 10 20.086 5.95 8.45 7.9 11.5 16.9 7.95 7.55 8.25 6.5950715499 14.55 NaN NaN 7.1 4.85 5.15 5.05 8.1 6.4384487607 14.9785890798 10.3078339874 7.2174833192 9.8730658168 7.1504210912 8 7.85 7.8 7.4 9.15 9.15 8.2 9.7 8.5 7.6 11.5 10.5 6.6094922192 8.65 15.0583333333 14.9710925512 6.3214045971 NaN 3.047996552 8.2117874766 10.1889883586 5.8967825041 15.0097852127 9.6903557635 9.8646632187 4.1684525146 3.4690387257 7.8987248999 3.3648090607 7.95 17.8411673208 8.55 23.6540925512 5.7634491708 5.7889883586 5.6833333333 11.7833333333 9.2833333333 24.9943333333 7.7166666667 7.2166666667 6.5040925512 6.3453558739 6.247996552 5.5634491708 11.2
13.35 9.25 16.7 11.15 10.8 7.85 8.95 9.4 7.55 10.9761904762 10.7261904762 20.035996552 15.0666666667 19.9343333333 11.7 NaN 4.65 4.85 5.2 5.35 4.6 8.6169472598 7.3285580409 7.2074333907 8.2826204837 7.3604794146 7.5428362784 4.9 9.1 NaN 7.25 8.05 8.3 5.45 10.8 8.15 9.85 8.4 15.052 9.75 15.0303641714 5.9666666667 12.45 6.4 NaN 6.0660289775 5.3928371643 2.397996552 6.1883656714 2.8888888889 3.1955834467 2.197996552 2.9095038309 14.4422194537 8.4 24.9152261031 7.7741510037 3.2617159916 6.9268983415 17.4494484251 24.936 3.3893446036 8.6 5.6555555556 5.8055555556 2.6555555556 6.2055555556 6.7770461645 6.0261904762 6.0634491708 6.0115508071 5.3094922192 5.6160289775 21.7828101159
