Outfile_2.asc
ncols         201
nrows         151
xllcorner     733748.947016
yllcorner     2561541.418206
cellsize      137.483444
NODATA_value  -9999
[rows 96 to 127 of 151, columns 72 to 143 of 201]
10.95 15.75 11.45 7.95 12.85 7.15 7.55 7.65 7.65 7.45 7.45 7.75 13.05 7.75 10.0297141553 13.15 28.3302373727 -9999 -9999 6.85 4.8 30.5570224301 6.85 5.1041568138 13.1347716914 10.9869632333 11.8666666667 30.3782210422 11.103083626 5.7198724248 5.3222222222 6.45 6.75 6.55 6.55 6.85 30.7 6.65 6.05 6.15 6.95 7.25 6.95 6.95 6.65 10.1111111111 5.85 16.1923526966 25.0419755892 8.5590193633 5.4092535051 2.4060112703 6.85 30.4329525334 6.45 6.5632972377 6.0687796773 4.6714285714 1.5333333333 8.1236890968 6.6 8.8240453033 5.6786892072 7.7282174738 5.65 28.6333333333 7.2333333333 30.2333333333 30.4333333333 30.6111111111 5.478511354 22.6333333333
20.45 7.75 30.35 12.95 7.2 7.95 30.7 12.7 7.1 7.25 7.65 7.95 6.95 7.15 6.95 20.6450715499 7.95 -9999 -9999 6.75 4.7 4.6 4.7 6.95 28.0384487607 8.9225890798 9.3578339874 8.8174833192 5.6230658168 8.0504210912 6.65 6.55 6.55 6.55 7.15 7.05 6.95 6.65 6.45 6.55 9.55 6.95 7.9094922192 6.75 30.2333333333 15.2540925512 30.4714045971 -9999 1.747996552 30.3617874766 10.1889883586 4.7467825041 23.2417852127 6.6903557635 9.1146632187 2.9684525146 2.3190387257 6.2487248999 4.9648090607 6.65 8.6911673208 6.25 12.6540925512 4.5134491708 12.2889883586 4.4333333333 7.5333333333 27.5333333333 22.7333333333 11.0666666667 8.6666666667 10.3540925512
7.65 7.65 15.45 30.55 30.05 13.15 7.65 10.05 7.55 7.65 7.05 7.7761904762 10.3761904762 30.147996552 30.6666666667 8.5333333333 7.65 -9999 4.5 4.5 4.6 4.6 4.3 8.6669472598 5.9285580409 6.2574333907 6.1326204837 5.6604794146 14.7928362784 4 6.85 -9999 6.75 6.85 7.15 4.3 6.95 6.75 6.75 6.95 30.4 7.05 19.5513641714 5.0666666667 30.5 6.05 -9999 5.4660289775 7.0928371643 1.647996552 4.9883656714 2.0888888889 2.2955834467 1.647996552 2.0595038309 30.4422194537 6.75 18.6042261031 5.6741510037 4.3117159916 30.6268983415 30.1994484251 30.4 2.0393446036 6.65 4.5555555556 12.1555555556 4.4555555556 24.8555555556 10.7270461645 7.3761904762 4.8134491708
10.55 12.95 7.85 15.25 10.45 7.45 7.75 7.85 19.898142394 7.5714045971 15.6245006541 6.95 30.6666666667 7.15 27.4 13.9666666667 -9999 1.4166666667 4.5 4.5 4.6 4.4 4.7 6.75 7.05 7.45 6.95 30.3843909065 15.5032369137 30.5 16.8 6.65 6.65 6.8 9.95 9.75 6.85 6.95 30.5 30.6 30.2 6.85 13.8042261031 20.4245006541 4.6333333333 -9999 -9999 -9999 6.9660289775 3.9017858479 7.2062672167 7.3306599425 4.9428255525 7.0316790289 1.9524976531 5.5575575791 5.4635231517 6.953428636 1.4289342698 1.4639351726 7.15 14.8708927697 7.15 6.45 6.65 6.45 4.603030303 9.503030303 9.603030303 7.098142394 30.3777777778 30.0635231517
8.35 18.25 7.95 7.55 10.45 7.45 7.45 7.75 8.05 7.65 7.85 7.85 15.75 10.75 -9999 7.75 -9999 4.0042261031 3.9 4.4 29.8 4.2 4.3 4.4 6.85 9.335702243 6.85 9.7 30.6 6.45 6.85 6.85 26.7 7.15 6.95 9.75 6.95 30.2 30.3 6.95 6.05 5.95 6.15 10.69071197 5.2666666667 1.5969040394 -9999 -9999 6.25 4.0217300308 6.75 6.95 2.0480521815 4.0217300308 14.8729948341 7.4333333333 5.3222222222 6.05 26.9 9.0129588438 1.7239042103 30.3804748005 6.85 30.1968852936 6.75 6.8758686137 1.3222222222 4.4222222222 29.7222222222 4.6202728564 30.2083333333 5.5021130107
10.85 8.15 8.05 15.45 7.55 7.75 12.65 7.75 7.85 15.25 18.15 7.85 7.95 7.95 -9999 -9999 -9999 1.3135735976 3.7 4.5 4.3 4.2 4.2 4.5 7.6 30.3 7.7 6.65 6.65 6.95 6.7 6.95 19.65 9.2 6.85 6.65 6.85 7.05 6.65 6.35 6.15 5.4192754236 5.6716618094 6.55 6.45 -9999 -9999 -9999 -9999 3.9179068435 7.05 6.95 2.1555555556 1.2108185325 4.6666666667 4.1333333333 9.65 30.2 7.8 6.8 11.4635231517 9.5134491708 6.85 9.7333333333 6.95 5.75 6.75 30.6 6.5 10.15 7.85 10.55
28.55 7.95 12.65 7.75 7.65 10.35 7.7333333333 7.55 5.278511354 8.05 7.95 7.75 7.65 -9999 -9999 -9999 -9999 -9999 5.95 4.5 4.6 4.2 4.2 4.5 6.75 6.95 6.75 7.25 6.85 6.85 6.55 6.95 6.95 6.55 5.95 6.05 6.05 30.3 6.85 6.15 6.95 18.1681050248 7.4084518793 6.6 -9999 -9999 -9999 -9999 -9999 -9999 11.7810980619 1.8969842853 2.4666666667 4.398142394 4.9023689097 4.5333333333 8.0222222222 17.8 10.4 6.7 7.0328101159 7.7384487607 15.4537203881 7.2333333333 7.5333333333 12.7901371761 5.75 7.65 13.45 7.85 5.2 10.45
8.05 10.2453558739 30.59071197 15.4333333333 5 4.2 7.75 8.3333333333 10.25 7.65 7.55 7.65 7.45 7.85 9.2 -9999 -9999 -9999 -9999 6.25 4.6 4.6 4.5 4.6 4.5 -9999 -9999 -9999 -9999 19.2 6.55 6.75 6.65 6.65 6.15 -9999 -9999 6.45 6.55 6.55 5.95 30.0703703704 7.15 6.65 -9999 -9999 -9999 -9999 -9999 6.15 9.6904286252 7.5659351537 3.6333333333 30.1284270273 28.917127024 4.6376787265 5.3202728564 7.7 28 30.4 7.0063281674 14.4923526966 4.5969040394 2.8666666667 14.85 14.75 27.7192754236 5.95 30.5 30.3 7.75 30.2
10.45 5 2.8666666667 7.85 7.55 4.6666666667 4.7716618094 12.95 22.55 7.75 7.95 7.75 7.85 7.75 7.85 8.05 6.75 -9999 -9999 -9999 -9999 6.65 4.6 4.2 6.65 -9999 -9999 -9999 -9999 6.05 6.45 -9999 5.85 6.15 6.15 -9999 -9999 5.95 6.05 6.05 6.75 7.4703703704 30.1333333333 30.1333333333 6.15 -9999 -9999 -9999 -9999 6.15 6.05 30.0333333333 11.9 30.9 15.9467825041 4.7952995056 23.0013740557 17 4.1 4.2 9.4 14.6564102564 4.5901371761 5.0333333333 7.7333333333 14.9537203881 7.05 9.75 6.25 11.7 7.25 6.95
19.6570224301 8.0245006541 22.4270461645 10.55 7.0681050248 7.85 30.55 4.503030303 7.65 9.2635231517 7.65 7.95 7.65 7.75 7.75 7.85 -9999 6.85 -9999 -9999 -9999 -9999 -9999 -9999 -9999 -9999 -9999 -9999 -9999 6.65 -9999 -9999 -9999 -9999 -9999 -9999 -9999 -9999 7.05 5 7.3380952381 6.85 10.7622676031 10.6708234805 7.7743996038 6.25 30.29071197 4.4333333333 5.69071197 21.4534349239 8.3051154274 5.5559224131 4.9333333333 14.0450799339 30.0137183223 5.5681474842 19.3 4.1 4.3 30.6 22.25 7.15 7.35 17.61898463 30.1333333333 7.05 7.05 7.15 6.45 5.95 6.95 7.15
8.25 17.95 12.85 10.75 10.35 7.95 7.95 7.85 7.95 7.75 7.85 7.95 8.05 7.85 10.45 10.25 7.55 7.05 7.15 7.15 -9999 -9999 -9999 -9999 -9999 -9999 -9999 -9999 5.85 6.55 -9999 -9999 -9999 -9999 -9999 -9999 -9999 -9999 6.95 7.05 7.05 30.4322617446 8.2717820941 23.4014383581 6.15 15.5047871587 6.7 5.1245006541 23.247996552 7.5581491326 18.3520285504 4.9101105702 7.8037037037 2.4348730697 5.6644313952 12.0564102564 11.7 11.7 11.7 4.2 9.85 30.2063281674 7.15 7.9969040394 8.59071197 30.4666666667 7.05 7.15 30.2188440482 6.05 6.75 30.5
14.25 7.65 7.65 7.95 12.95 7.75 29.2 7.75 8.05 10.35 7.95 7.75 7.85 10.25 7.65 7.75 17.75 6.85 6.95 7.25 7.55 -9999 -9999 -9999 -9999 -9999 -9999 5.65 5.85 -9999 -9999 -9999 -9999 -9999 -9999 -9999 -9999 -9999 6.75 6.95 12.2670295079 7.05 7.05 30.4417852127 4.3192725435 11.1002041892 5.0600747221 9.6714045971 6.25 5.673998276 4.5033108961 4.7844898253 15.1714285714 5.7149362158 6.35 4.3768182948 7.9067245426 4.1 5.3 5.5 6.85 9.55 6.95 9.5901371761 10.6333333333 30.1333333333 30.4084518793 6.35 9.85 7.15 6.55 6.05
30.45 7.85 15.45 30.4 7.85 30.45 8.05 30.5 4 7.65 7.85 7.85 7.75 7.95 7.95 7.95 7.95 9.55 9.65 7.35 7.65 -9999 -9999 -9999 -9999 -9999 -9999 -9999 -9999 -9999 -9999 -9999 -9999 -9999 -9999 -9999 -9999 4.1 6.05 5.1 5.5755853852 30.0384753952 15.9417852127 20.0903557635 6.15 5.0983456956 7.4145671951 7.998142394 6.55 6.55 5.3768182948 5.4714045971 8.09071197 30.4333333333 6.45 9.4615508071 7.9484520197 30.4 5.2 6.95 7.15 6.95 1.2242242458 6.85 6.85 30.1333333333 30.6954770164 7.35 6.85 30.5513641714 6.25 5.95
13.15 10.55 12.95 8.15 8.05 10.55 30.45 30.85 15.55 4.4 7.65 7.45 10.25 7.75 6.7 7.65 7.65 6.85 7.05 -9999 7.65 7.45 -9999 -9999 -9999 -9999 -9999 -9999 -9999 -9999 -9999 -9999 -9999 -9999 -9999 -9999 -9999 -9999 6.05 30.2 6.45 6.45 10.82891678 9.847996552 6.25 19.9786681507 7.35 27.6183739396 6.85 6.65 6.95 6.85 4.8666666667 30.4570224301 10.69071197 22.3205792798 7.0094922192 13.0222222222 15.3 30.3 7.15 7.05 30.1013740557 7.15 6.95 30.5235829038 30.92568603 7.75 12.65 6.75 6.15 6.55
13.25 -9999 -9999 -9999 -9999 -9999 -9999 19.4 8.15 10.05 7.65 10.05 7.45 7.45 10.55 7.75 7.75 6.95 6.55 -9999 -9999 -9999 -9999 -9999 -9999 -9999 -9999 -9999 -9999 -9999 -9999 -9999 -9999 -9999 -9999 -9999 -9999 -9999 -9999 -9999 -9999 6.65 6.35 6.95 6.15 6.15 9.2380952381 19.7 7.05 6.75 4.2108185325 7.05 6.95 30.3084518793 4.1 15.0084518793 4.5134491708 7.3635231517 5.1 5.1 7.15 6.75 6.95 6.95 7.25 7.35 17.35 7.35 7.55 7.15 9.95 6.15
-9999 -9999 -9999 -9999 -9999 -9999 -9999 -9999 -9999 7.35 7.35 7.45 7.2 7.55 7.55 7.35 7.35 -9999 -9999 -9999 -9999 -9999 -9999 5.8 -9999 -9999 -9999 -9999 -9999 -9999 7.65 10.05 -9999 -9999 -9999 -9999 -9999 -9999 -9999 -9999 -9999 6.25 6.35 7.15 6.05 5.95 6.25 6.75 6.8 6.75 6.75 6.65 6.55 7.1969040394 8.29071197 16.3666666667 10.0761904762 5.3777777778 6.75 6.75 12.2 7.05 6.95 29.0188440482 9.686310514 7.45 7.45 30.49071197 30.9380712638 30.4101516281 9.9716618094 19.9761904762
-9999 -9999 -9999 -9999 -9999 -9999 -9999 -9999 -9999 -9999 -9999 7.45 7.35 7.35 7.65 7.65 -9999 7.35 -9999 -9999 7.35 -9999 5.3 5.9 -9999 -9999 -9999 -9999 -9999 7.85 30.65 17.65 -9999 -9999 -9999 -9999 -9999 -9999 -9999 -9999 -9999 6.25 1.6555555556 6.05 6.05 6.35 6.35 6.25 6.75 6.55 6.35 30.5 7.05 12.2166666667 30.4111111111 20.0570224301 30.247996552 9.4681050248 5.4081667897 21.8477647286 4.4 7.05 7.25 7.05 7.25 7.05 30.3941262079 30.4245006541 7.35 7.25 7.4237619586 9.9777777778
-9999 -9999 -9999 -9999 -9999 -9999 -9999 -9999 -9999 -9999 -9999 -9999 -9999 -9999 -9999 7.45 10.55 7.65 30.75 5.4 -9999 -9999 5.7 6.2 5.9 5.6 10.35 -9999 7.85 30.15 30.25 6.95 7.15 -9999 -9999 -9999 -9999 -9999 -9999 -9999 -9999 6.05 4.5555555556 6.05 5.95 6.25 6.35 6.45 6.45 27.7 7.25 30.8 10.4635231517 30.4726779369 25.9333333333 17.8333333333 9.8666666667 7.7537203881 7.4267895821 27.598142394 30.2108185325 6.85 9.6 30.6 30.0710636516 6.95 23.3091218061 30.1375594364 7.15 7.05 25.2694840324 6.55
-9999 -9999 -9999 -9999 -9999 -9999 -9999 -9999 -9999 -9999 -9999 -9999 -9999 -9999 -9999 -9999 9.95 7.45 7.85 5.6 -9999 5.8 5.8 5.6 5.4 5.5 10.55 10.35 30.1 7.25 7.25 7.15 14.95 6.85 -9999 -9999 -9999 -9999 -9999 -9999 -9999 -9999 -9999 -9999 -9999 -9999 -9999 6.25 6.35 30.4 7.35 27.9 9.44984391 30.1513641714 15.3666666667 17.9 17.3 30.5333333333 9.75 17.0333333333 7.05 7.85 10.45 7.15 7.15 12.2165163336 6.75 7.15 30.35 6.45 27.3192754236 29.9188440482
-9999 -9999 -9999 -9999 -9999 -9999 -9999 -9999 -9999 -9999 -9999 -9999 6.95 6.85 7.15 7.25 30.35 8.15 8.05 5.6 5.7 5.7 5.5 5.3 5.5 5.4 5.5 4.95 10.8 9.65 7.45 7.05 9.75 6.95 -9999 -9999 -9999 -9999 -9999 -9999 -9999 -9999 -9999 -9999 -9999 -9999 -9999 -9999 9.95 15.5 14.75 30 30.8289342698 6.95 30.4205792798 24.85 10.05 30.6333333333 8.5537203881 7.15 7.15 30.7 18.25 7.85 6.95 17.0564102564 9.75 30.0666666667 9.5 22.4084518793 30.3901371761 6.95
-9999 -9999 -9999 -9999 -9999 -9999 -9999 -9999 -9999 -9999 -9999 -9999 6.85 30.3 7.75 9.95 7.35 30.45 12.45 5.5 5.6 5.6 5.7 6 5.8 5.4 5.55 5.45 20.9 6.95 6.9 6.25 6.15 10.4 -9999 -9999 -9999 -9999 -9999 -9999 -9999 -9999 -9999 -9999 -9999 -9999 -9999 7.35 7.55 20.1 7.05 14.3 11.9002805931 12.65 7.65 1.5703703704 30.41898463 30.5333333333 7.35 30.25 25.45 13.15 15.55 30.3 7.15 9.6242242458 7.15 9.75 7.35 30.2666666667 30.5716618094 6.85
-9999 -9999 -9999 -9999 -9999 -9999 -9999 -9999 -9999 -9999 -9999 -9999 7.35 20.25 7.75 12.65 7.75 10.45 5.7 5.5 5.7 4.8 5.8 5.8 5.7 5.45 4.85 7.5 7.15 18.7 6.35 6.35 6.25 -9999 -9999 -9999 -9999 -9999 -9999 -9999 -9999 -9999 -9999 -9999 -9999 -9999 -9999 10.05 7.45 7.35 7.45 14.95 7.45 7.05 7.25 7.45 30.4622501134 30.278511354 30.1333333333 7.25 30.6333333333 30.3222222222 30.35 30.8 8.05 7.25 9.75 7.85 10.05 30.3333333333 30.15 6.85
-9999 -9999 -9999 -9999 -9999 -9999 -9999 -9999 -9999 -9999 -9999 -9999 7.45 30.15 7.55 7.65 30.25 5.3 5.9 5.9 6.5 5.5 5.3 5.65 5.55 5.15 5.05 7.3 15.3 6.35 6.45 6.55 6.05 -9999 -9999 -9999 -9999 -9999 -9999 -9999 -9999 -9999 -9999 -9999 -9999 -9999 -9999 -9999 30.2 30.15 10.25 9.75 6.85 6.75 7.05 7.25 11.7703703704 30.1333333333 6.95 5.0666666667 22.95 10.65 6.9 30.4 30.5 7.25 30.6108185325 9.75 7.45 7.35 30.4333333333 30.6666666667
-9999 -9999 -9999 -9999 -9999 -9999 -9999 -9999 -9999 -9999 -9999 -9999 5.1 4.8 5.2 5.5 5.4 30.1 30.5 6 5.8 5.65 5.55 5.65 5.35 6.05 5.85 9.8 6.35 6.25 6.75 -9999 -9999 -9999 -9999 -9999 -9999 -9999 -9999 -9999 -9999 -9999 -9999 -9999 -9999 -9999 -9999 -9999 -9999 -9999 6.85 7.15 7.25 6.95 14.8 14.7380952381 30.3703703704 17.6333333333 7.15 7.25 30.1615508071 9.335702243 7.95 7.65 25.3 7.25 9.95 30.3450715499 7.45 7.65 30.3333333333 12.978511354
-9999 -9999 -9999 -9999 -9999 -9999 -9999 -9999 -9999 -9999 -9999 5.5 5.5 5.1 5.2 6 5.75 6.35 5.65 5.85 5.95 5.95 5.55 5.45 6.05 5.45 5.35 5.75 6.55 6.75 6.65 -9999 -9999 -9999 -9999 -9999 -9999 -9999 -9999 -9999 -9999 -9999 -9999 -9999 -9999 -9999 -9999 -9999 -9999 -9999 -9999 -9999 30.05 30.6 9.65 30.2374901471 30.2681050248 30.3084518793 30.5 7.35 7.05 7.05 8.05 7.85 7.75 21.8 12.05 7.05 7.15 7.45 7.35 1.5
-9999 -9999 -9999 -9999 -9999 -9999 -9999 -9999 -9999 -9999 -9999 7.75 8.25 11.65 5.8 12.3 6.25 5.55 5.45 5.75 6.05 6.05 5.85 5.95 6.25 6.25 5.75 5.85 12.45 6.75 6.85 -9999 -9999 -9999 -9999 -9999 -9999 -9999 -9999 -9999 -9999 -9999 -9999 -9999 -9999 -9999 -9999 -9999 -9999 -9999 -9999 -9999 7.05 7.05 7.05 16.9635231517 15.35 30.3453558739 30.1333333333 11.478511354 9.7969040394 30.198142394 7.95 7.75 7.85 30.4 6.85 7.35 30.15 7.45 9.75 30.29071197
-9999 -9999 -9999 -9999 -9999 -9999 -9999 -9999 -9999 -9999 -9999 8.05 30.35 7.85 10.55 30.6 13.6 5.95 6.15 6.15 6.05 6.35 6.15 6.15 5.75 5.55 5.15 5.65 4.2 6.55 6.85 -9999 -9999 -9999 -9999 -9999 -9999 -9999 -9999 -9999 -9999 -9999 -9999 -9999 -9999 -9999 -9999 -9999 -9999 -9999 -9999 -9999 4.5108185325 9.4618913743 7.35 9.5134491708 6.95 30.0666666667 30.7540925512 30.3 7.15 30.2615508071 14.535702243 7.75 7.85 7.1 7.15 8.05 7.95 7.95 7.75 30.45
-9999 -9999 -9999 -9999 -9999 -9999 -9999 -9999 -9999 -9999 -9999 13.15 10.95 30.15 12.9 13.3 7.9 5.55 5.55 5.45 5.75 5.65 6.25 6.15 6.05 5.55 5.85 5.55 4.5 4.4 6.95 6.75 -9999 -9999 -9999 -9999 -9999 -9999 -9999 -9999 -9999 -9999 -9999 -9999 -9999 -9999 -9999 -9999 -9999 -9999 -9999 -9999 -9999 7.45 7.45 27.45 20.55 10.25 6.95 30.1666666667 7.05 30.3615508071 30.35 7.85 10.15 9.75 30.1 7.45 22.6 11.05 10.55 7.75
-9999 -9999 -9999 -9999 -9999 -9999 -9999 -9999 -9999 -9999 -9999 -9999 8.05 15.3 18.2 6.7 5.55 5.35 5.15 5.15 5.55 5.45 31.2 5.85 5.45 5.95 6.05 5.55 4.3 4.6 6.95 6.65 -9999 -9999 -9999 -9999 -9999 -9999 -9999 -9999 -9999 -9999 -9999 -9999 -9999 -9999 -9999 -9999 -9999 -9999 -9999 -9999 -9999 -9999 14.25 30.55 7.75 12.6084518793 7.95 7.35 9.85 30.6923526966 7.95 7.85 18.05 13.25 15.55 10.55 10.85 30.35 25.75 15.35
-9999 -9999 -9999 -9999 -9999 -9999 -9999 -9999 -9999 -9999 -9999 -9999 -9999 -9999 7.9 30.5 5.35 5.55 5.35 5.25 5.65 5.55 30.3 6.15 5.65 5.85 5.65 5.55 4.3 4.5 4.5 -9999 -9999 -9999 -9999 -9999 -9999 -9999 -9999 -9999 -9999 -9999 -9999 -9999 -9999 -9999 -9999 -9999 -9999 -9999 -9999 -9999 -9999 -9999 28.6590193633 7.65 15.35 7.95 20.75 8.05 30.3635231517 30.3222222222 9.3 13.05 10.75 25.75 8.05 8.05 10.75 20.65 10.65 15.65
-9999 -9999 -9999 -9999 -9999 -9999 -9999 -9999 -9999 -9999 -9999 -9999 -9999 -9999 -9999 -9999 5.35 5.45 5.35 5.25 5.85 5.65 7.1 5.75 -9999 -9999 -9999 -9999 -9999 -9999 -9999 -9999 -9999 -9999 -9999 -9999 -9999 -9999 -9999 -9999 -9999 -9999 -9999 -9999 -9999 -9999 -9999 -9999 -9999 -9999 -9999 -9999 -9999 -9999 30.2969040394 23.05 30.35 13.05 10.45 30.2202728564 9.8021130107 21.8 30.55 10.65 13.15 12.85 12.85 16.9 7.75 30.25 7.95 15.55
-9999 -9999 -9999 -9999 -9999 -9999 -9999 -9999 -9999 -9999 -9999 -9999 -9999 -9999 -9999 -9999 -9999 5.35 6.8 5.75 5.85 5.75 5.55 -9999 -9999 -9999 -9999 -9999 -9999 -9999 -9999 -9999 -9999 -9999 -9999 -9999 -9999 -9999 -9999 -9999 -9999 -9999 -9999 -9999 -9999 -9999 -9999 -9999 -9999 -9999 -9999 -9999 -9999 -9999 10.15 12.95 8.05 7.95 12.75 7.95 7.05 7.25 13.05 8.05 10.35 14.1 10.75 30.85 18.05 7.95 10.85 7.95
