Outfile_3.asc
ncols         201
nrows         151
xllcorner     733748.947016
yllcorner     2561541.418206
cellsize      137.483444
NODATA_value  -9999
[rows 74 to 110 of 151, columns 84 to 167 of 201]
6.2 30.4 5.3 9 3.6 4.1 1.4 8.4 17.1 6.2 5.7 5.3 6.3 5.5 5.7 5.7 30.6 5.5 5.4 30.2 5.4 30.4 30.2 3.2 3.3 10.7 12.7 30.2 6.4 7.9 7.8 20.4 15.3 5.2 30.5 6.6 6.5 6.4 6.6 6.6 13.3 30.4 6.5 9.7 30.5 7.2 6.3 30.5 1.4 3.1 8.4 30.5 6.35 11.1 3.2 20.8 30.2 6.4 6.25 6.75 6.3 9.75 7.55 7.65 30.55 6.95 6.85 9.3 30.5 8.2 31.4 30.3 30.5 30.8 30.5 7.25 7 20.25 30.7 30.35 12.85 3.4 7.85 7.05
6.3 5.3 10.8 9.1 16.3 6.3 5.1 7.7 30.4 5.8 5.8 5.5 1.2 30.5 6.1 30.7 18.8 3.8 15.4 1.2 5.4 30.5 20.4 5.1 5.3 30.3 10.6 30.3 8.3 5.3 5.1 10.2 19.7 9.8 30.3 6.7 6.5 30.5 6.4 9.9 30.6 7.6 10.1 7.3 6.4 19.3 11 30.7 3.4 6.35 9.6 5.7 30.1 6.35 6.25 20.9 15.9 6.35 6.75 6.85 30.7 7.35 30.45 9.85 30.05 7.35 6.95 14.5 15.05 7.45 8.55 27.2 30.6 30.9 27.45 11.8 7.05 30.9 6.4 7.05 30.5 31 30.5 6.95
5.4 8.7 16.6 3.9 20.9 5.5 5.5 5.5 5.5 5.2 5.1 5.8 30.5 5.5 5.8 3.6 8.6 8.3 6 5.1 5.4 30.9 30.5 5.3 6.8 12.6 25.5 13 10.8 1.3 12.8 14.8 6.2 30.8 30.6 30.7 6.7 6.8 15.1 7.7 7.3 7.6 30.5 9.8 9.8 10.7 26.2 3.8 6.55 6.75 22.4 30.5 6.45 6.55 6.55 6.75 6.45 6.25 8 7.15 7.55 30.2 9.65 7.35 7.45 30.05 30.7 7.45 9.65 30.25 30.15 31.3 7.05 9.75 25.65 30.75 27.05 30.8 13.15 10.3 9.65 9.85 9.65 10.25
6 8.5 28.9 6.4 5.4 4.7 4.5 4.8 4.9 5.1 5.3 5.3 30.8 30.5 30.2 30.4 30.5 30.2 5.8 5.6 5.7 6 5.5 5.2 13.1 7.1 10.6 30.5 28.1 7.9 30.5 18 30.5 30.3 30.5 6.3 30.2 6.8 17.7 7.5 12.6 14.7 30.6 7.1 9.7 12.9 6.45 5.7 8.2 6.05 6.35 6.45 6.35 6.25 3.4 6.65 6.25 6.65 6.75 7.05 30.7 7.55 7.45 9.85 7.05 8.6 28.25 30.15 7.05 7.25 8.05 30.9 30.3 7.15 8.05 7.55 8.25 30.95 17.65 10.15 30.35 15.85 10.35 7.75
20.9 3.1 1.1 9 3.6 7 5.1 19.3 5.4 5.2 5.9 5.6 4.8 30.2 9.3 30.6 5.2 3.3 5 30.4 13 5.3 3.2 18.5 6.6 30.5 30.7 12.7 30.6 3.2 1 30.7 5.3 10.3 5.2 6.6 6.3 7.2 12.2 7.2 7.2 1.1 30.1 30.3 12.1 30.1 30.7 8.3 1.3 8.3 6.55 6.35 6.15 6.15 6.65 6.95 6.65 7.05 7.05 6.95 7.8 7.15 7.45 7.15 7.25 15.5 14.4 30.1 30.5 30.9 12.45 7.75 7.75 30.4 30.4 14.95 15.45 8.45 30.8 20.65 7.65 7.75 7.95 7.55
6.6 6.1 5.8 3.4 6.1 3 11.3 6.4 6 6 5.5 6.2 5.5 5.4 4.8 7.2 4.5 5.3 5.5 5.3 5.3 5.3 5.4 13.6 7.7 8.8 30.6 30.6 13.4 6 25.6 12.8 30.5 6.1 6.2 30.3 14.8 7.2 30.4 30.2 1.4 13.9 7.1 30.2 30.4 7.8 8.9 30.7 24 30.8 6.55 1.3 6.45 6.55 6.65 3 7.45 9.65 7.35 7.05 30.5 30.9 8 7.15 7.35 14.65 30.6 29.3 26.8 30.2 30.5 30.5 12.95 7.75 22.75 17.85 30.8 12.35 11.15 30.55 7.55 30.25 7.85 15.55
7.8 12.7 30.6 30.3 6.3 6.1 6.6 30.8 10 6.3 6.1 6 5.4 6.1 5.5 5.4 5.5 5.3 5.3 8.2 20.3 5.3 30.3 3.2 5.1 3.6 30.3 30.8 30.7 7 1.5 7.9 10.2 6.2 21.1 6.2 6 6.7 3.9 30.5 13.7 1.1 30.4 13.7 30.5 6.2 9.9 5.8 8.5 9.85 6.35 6.45 6.55 6.35 7.25 10.9 12.65 12.65 7.35 9.75 9.2 7.45 7.25 25.25 30.5 7.9 14.4 12.4 30.4 30.9 6.75 7.85 7.85 13.05 30.8 30.35 23.25 7.35 7.55 7.55 30.45 7.65 15.35 30.05
5.5 15.4 30.4 30.5 6.5 6.6 6.7 14.1 7.3 6.2 6.1 6.1 6.2 6.1 6.4 9.1 5.5 7.2 4.8 4.8 4.7 5.6 5.6 12.8 3.3 3.7 6 30.9 30.3 19.2 6.6 12.1 14.3 17 5.3 6.2 30.7 8.3 13.6 30.4 30.4 30.4 9.8 6.1 1.3 10.4 5.9 22.65 5.9 7.35 30.45 12.45 7.35 7.45 9.95 7.55 9.85 9.55 7.05 7.05 12.9 17.7 7.25 10.05 30.05 19.95 7.3 14.9 30.7 30.8 6.65 22.7 30.5 30.1 30.3 30.5 16.15 30.8 8.25 15.35 30.5 8.25 12.65 30.35
6.6 7 6.9 6.3 30.5 6.6 6.8 6.5 6.4 3.8 6.2 6.2 6.3 6.3 14.2 6.6 30.2 3.8 6.1 6.1 14.3 30.7 10.3 6.1 5.7 6.3 1.4 3.7 1.2 1.3 5.6 30.7 13.5 11.6 11.8 3.4 16.4 6.6 30.8 30.4 8.7 6.3 8.9 7.2 3.4 6.85 7.25 7.25 7.65 10.05 25.05 11 7.45 7.55 7.05 6.95 6.95 7.15 6.85 14.65 7.25 1.3 3.7 7.25 7.25 30.75 10 30.5 12.4 30.8 6.95 18.3 26.8 6.65 9.55 10.05 7.35 22.75 10.15 3.8 30.6 30.7 30.3 7.75
6.8 6.5 30.3 6.5 6.3 6.4 30.2 6.4 6.3 8.8 6.3 6.5 6.4 6.2 6.4 6.5 6.3 6.6 6.2 3.9 10.3 6.1 5.4 30.2 5.8 5.8 20 30.2 3.8 23.3 26.1 12.8 4.95 5.85 5.95 10.2 6.85 26 9.1 8.3 16.7 3.1 3.1 9.9 7.25 7.15 9.65 7.35 7.25 7.35 10.8 30.6 6.3 24.75 9.55 7.55 7.05 6.85 6.95 7.15 12.35 6.6 6.4 7.05 7.15 15.15 11.1 14.7 30.2 30.3 30.2 30.8 6.75 6.05 6.45 6.95 7.25 7.55 7.25 30.25 7.65 30.5 13.05 7.75
6.4 5.2 6.6 30.3 6.2 26.9 1.3 3.2 3.9 16.5 27.4 8.2 1 6 6.7 30.8 19.3 6.5 6.3 26.3 6.3 30.5 12.6 3.7 1.2 20.1 6.1 30.8 30.9 30.1 14.1 5.65 5.65 23.4 1.2 8.6 6.4 4 30.1 30.6 30.7 6.35 15.6 3.7 10.15 12.25 7.3 6.85 28.2 7.15 6.4 12.25 7.45 5.2 7.05 6.95 7.75 6.95 6.95 6.85 19.75 17.25 7.15 7.05 7.05 7.55 30.45 27 24.6 30.6 9.9 7.05 30.4 28 6.15 7.65 6.95 8.45 8.05 15.95 14.4 7.65 7.75 30.75
6.7 6.4 6.5 14.5 30.5 6.2 30.3 5.7 6.3 6.7 6.1 1 6.1 6.3 6.7 5.9 30.8 6.5 3.4 6.4 6.4 6.5 30.6 23.8 6.5 6.5 6.5 15.5 6.7 11.7 15.4 1.5 3.1 6.3 6.3 3.6 9 6.4 30.5 5.8 6.65 3.4 7.15 11 20.9 3.9 4 8.1 3.1 15.8 29.1 1.2 7.05 6.95 6.95 7.05 9.75 10.55 7.75 7.55 6.85 30.3 17.3 14.95 7.35 7.35 30.7 30.6 30.1 9.75 7.05 6.95 7.05 30.5 30.6 25.15 10.05 9.85 13.05 8.35 8.05 7.75 10.05 31
30.6 7.5 6.35 30.4 6.45 27.9 30.5 6.65 17.3 16 30.4 6.4 30.2 30.4 6.6 6.25 5.85 6.05 6.15 30.5 6.35 6.45 6.55 6.3 5.8 30.5 30.7 6.95 16.1 13.6 4 11.1 3.8 1.1 1.3 6.2 1.1 30.8 6.05 5.5 8.8 6.7 10.9 6.75 7.15 13.4 7.15 3.3 6.75 1.3 24 3.7 3.8 6.85 7.05 17.25 7.05 9.2 25.55 12.45 7.6 30.3 7.8 30.5 30.6 30.6 16.8 7.35 6.5 30.8 9.2 6.95 21.2 7.25 30.4 7.45 21.4 7.25 7.15 10.55 31.05 30.35 30.5 7.45
5.3 5.1 6.25 30.6 30.3 30.6 6.35 7.7 13.4 1.6 7.6 7.7 30.9 6.6 6.25 6.25 6.35 6.05 30.5 8.2 5.4 5 7.8 7.05 6.95 30.3 6.7 6.7 3.6 3.8 30.5 5.8 30.2 3.2 13.4 11 1.3 6.45 6.55 6.35 30.4 6.45 7.15 6.85 6.85 6.85 7.25 3.4 6.85 30.1 21.3 14 6.95 5.2 3.8 7.6 7.15 12.35 8.15 9.85 6.95 7.55 12.2 30.2 30.3 7.45 14.3 30.6 7.45 30.1 30.5 30.5 30.6 30.5 6.85 7.15 7.35 30.4 9.95 7.95 15.85 8.15 30.9 10.35
30.6 5.75 13 5.95 6.25 30.3 5.6 30.5 5.4 18.7 11.4 8 30.4 9.9 6.25 5.65 6.05 3.2 6.75 6.25 30.9 6.75 13.6 30.3 6.85 5.9 1.3 15.9 30.3 5.9 8.9 30.6 6.6 10.9 3.8 6.35 6.35 6.45 3.8 6.55 30.4 3.8 30.2 7.15 6.85 7.05 6.65 6.95 6.85 5.2 30.6 7.05 6.45 6.55 5.1 3.9 21.5 11.7 30.2 10.15 7.25 17.45 30.4 19.2 30.6 30.6 20.15 10.8 7.25 7.25 7.05 6.75 6.65 6.75 6.95 6.85 30.9 19.95 7.55 23.15 8.05 30.55 15.5 15.35
20.4 7.3 6.25 6.15 23.7 8.1 30.5 19.8 5.95 6.15 7.7 10.6 30.5 30.6 30.6 6.25 6.25 21.5 6.15 6.35 6.05 6.65 6.45 6.35 30.5 14.1 6.65 30.5 30.5 30.5 11.6 24 16.5 3.7 5.95 5.95 3.2 6.25 6.15 30.3 3.6 6.25 21.6 30.3 23.9 30.4 6.95 6.55 30.4 6.75 6.75 7.25 6.35 1.3 6.95 9.1 8.5 30.6 6.75 19.3 16.4 30.4 1.4 6.4 14.1 30.7 30.4 30.8 30.4 7.05 6.65 6.95 6.45 6.65 6.95 7.05 9.65 30.4 7.15 7.55 15.35 10.15 28.15 7.35
16.4 6.05 9.7 6.55 6.45 5.35 7.8 7.9 11.7 30.2 18.3 18 17.4 6.25 6.05 5.75 6.75 6.85 30.5 30.6 20.3 5.1 30.3 6.15 30.6 30.2 5.5 7.2 1.2 7.1 30.5 30.5 30.4 4 6.35 6.35 30.5 6.25 24 6.4 6.15 30.6 10.6 30.4 22 9.1 8 1.1 6.55 30.4 6.55 30.5 7.15 26 6.1 30.7 8.9 30.6 12.15 7.05 6.55 6.95 6.55 6.65 22.45 22.95 7.65 31.2 30.6 6.55 6.75 6.75 6.35 6.35 30.65 9.75 30.8 6.85 12.45 30.55 7.05 30.3 21.3 30.95
30.7 30.4 6.95 6.55 6.45 6.55 6.15 5.3 3.4 6.55 5.85 6.35 6.25 5.95 11.3 11.7 6.25 6.45 7.8 6.75 5.8 24.3 30.6 16.1 14.1 6.15 6.05 29.6 5.6 1 3.8 30.2 6.4 1.2 6.25 6.35 8.8 21.3 6.7 9.3 1.2 9.1 30.7 1.8 1.5 1.2 16.3 5.1 27.8 30.7 6.85 7.15 22.45 12.15 6.95 6.85 6.75 3.2 7.15 7.3 6.95 7.75 7.25 7.05 12.65 8.05 30.5 7.25 6.35 6.65 6.45 30.55 25.05 6.55 7.05 6.65 6.45 30.3 9.75 9.75 7.85 30.15 30.2 6.05
10.6 6.75 6.55 6.35 6.45 28.3 6.45 6.3 6.65 30.8 5.85 6.55 6.55 6 10.3 5.55 8.7 6.35 6.5 30.2 3.3 30.4 12.7 30.4 14 6.2 21.7 27.4 1.1 4.1 5.7 3.1 16.2 9.2 1.3 6.75 1.1 1 1.3 1.3 26.4 6.25 6.75 11.3 30.6 6 3.5 8.2 3.9 30.4 6.25 30.9 30.45 30.7 15 30.5 11.5 5.7 6.85 30 6.95 9.75 7.55 7.25 11.1 30.15 22.75 30.45 12.55 6.45 9.75 20.05 18.05 30.2 6.85 16.7 30.5 30.4 7.35 6.95 5.25 6.55 4.95 5.25
6.55 6.65 6.25 6.55 6.55 6.55 6.25 6.25 30.3 30.5 5.45 6.55 19.2 3.8 14.3 8.4 19.1 6.15 6.15 30 6.5 30.4 30.6 30.5 30.5 8.3 9.2 12.2 5.9 1.2 17.7 30.3 30.3 3.7 8.3 5.6 18.9 3 30.4 30.4 11.2 5.9 6.25 25.3 30.3 6 12.4 30.5 3 5 6.75 30.05 30.7 6.4 30.5 4 3.9 1 30.5 7.55 6.75 7.35 30.6 7.75 7.15 30.7 14.65 6.95 6.55 8.15 7.35 7.35 12.45 31.2 6.55 30.4 30.4 30.6 31.3 30.9 5.25 5.7 5.3 30.6
18.9 6.15 6.35 6.45 6.35 6.25 8.3 9.2 9.2 5.75 6.45 5.95 11 6.75 6.15 5.95 3.1 6.05 6.25 30.5 5.2 20.7 30.7 3.7 3.1 6.25 3.8 30.6 3.9 16.9 7.6 6.45 30.5 16.5 1.2 3.7 5.9 5.9 6.05 6.25 5.6 30.3 5.8 30.5 18.1 5.3 25.4 25.3 10.7 30.3 11.8 30.35 7.15 1.1 3.6 7.55 7.85 30.7 17.8 9.85 7.15 6.95 7.15 10.15 10.15 10.15 12.95 6.65 6.55 8.25 30.05 7.05 17 7.65 6.45 6.85 9.65 31.1 7.35 12.15 5.4 5.5 5.8 -9999
14.4 6.05 5.95 6.65 5.95 6.25 6.25 30.1 30.4 4 6.05 6.15 6.35 18.5 6.45 6.25 27.8 5.85 5.75 6.55 3.3 3.7 30.5 6.55 10.6 11 8.5 5.2 7 7.9 7.8 11.8 6.5 5.8 3.4 30.3 5.55 5.75 6.25 6.5 30.3 11.1 30.6 13.3 10.9 30.5 30.6 30.5 6.85 30.5 7.15 7.05 30.55 3.8 3.7 9.2 10.1 9 30.5 11.8 13 6.75 12.05 7.95 7.75 30.25 7.85 15.75 18.05 15.55 10.45 10.75 17.45 13.5 7.55 6.85 30.55 6.95 30.7 5.35 5.5 5.4 5.5 -9999
18.1 30.5 6.25 5.95 10.4 6.15 7.7 6.35 6.15 5.95 6.55 6.45 6.45 6.25 6.45 6.25 5.3 6.05 5.85 6.4 3.4 3.8 8.3 3.9 1 28.9 18.5 6.65 6.35 30.5 3.9 6.35 3.9 6.45 5.85 5.65 3.7 30.6 30.9 23.5 28.3 30.3 5.7 5.7 30.6 30.3 30.4 30.3 6.95 6.75 7.65 6.95 7.05 6.9 3.6 7.45 12.35 7.85 7.65 10.2 17.4 7.05 30.7 6.65 7.45 8.05 7.7 10.25 8.05 7.85 7.85 13.05 15.95 30.45 30.65 31 7.85 5.65 5.75 5.5 5.3 5.9 -9999 -9999
6.45 6.55 -9999 6.25 17.8 21.5 6.35 6.25 6.05 5.95 6.15 3.9 6.35 9.2 5.35 3.2 8.3 5.85 -9999 30.5 3.3 6 3.1 4 5.8 3.6 1.1 6.7 1.2 5.1 12.7 27.3 30.4 30.3 30.5 30.6 9.1 8.9 30.4 16.1 10.8 3.5 3.1 8.2 25.8 6.1 8.8 30.1 7.15 6.4 10.65 30.5 10.35 6.3 6.4 7.25 7.85 7.75 30.5 29.6 30.6 6.55 6.85 6.85 8.25 7.95 8.05 7.65 7.85 10.25 7.95 12.95 30.45 30.05 7.75 6.45 6.45 5.55 5.65 6.2 5.9 5.5 -9999 -9999
8.3 30.3 6.15 5 6.45 6.85 6.15 6.35 6.45 22 30.4 29.7 6.75 6.05 30.2 15.2 6.15 -9999 5.75 30.4 6.2 30.7 10.9 5.9 1.3 11.1 1.2 5.8 6.75 4 5.2 1.1 7.9 30.4 6.85 30.1 6.45 6.55 4.3 11.1 5.8 18.5 7.8 5.8 7.8 30.4 6.3 13.65 30.1 7.05 19.1 8.25 7.95 6.1 30.9 10.85 8.25 9.85 30.5 15.05 11.05 1.6 21.3 25.95 10.75 10.85 9.2 15.55 10.85 30.4 7.85 10.55 8.35 10.45 5.65 31.1 5.35 5.45 5.7 5.8 5.5 -9999 -9999 -9999
30.3 30.3 6.35 6.25 28.5 6.65 6.65 6.65 6.35 11.6 30.2 19.2 6.35 29.6 8.3 7.2 1.1 -9999 -9999 -9999 30.8 11.6 30.8 30.4 1.1 3.2 6.2 30.4 17.9 30.5 6.65 1.6 4.2 6.45 30.6 18.8 6.05 6.05 20.9 26.4 30.1 21.2 23.4 18.5 27.4 6.85 30.6 26.75 16.25 6.4 20.55 8.15 10.25 7.85 8.35 8.35 8.35 8.35 8.05 15.95 8.05 30.55 30.55 16.15 26.35 10.85 30.7 8.05 30.25 15.95 7.85 7.85 30.15 6.15 5.85 5.85 4.95 5.35 5.7 5.8 5.7 -9999 -9999 -9999
9.5 13 6.55 7.1 6.25 6.35 6.25 6.45 6.45 14.2 6.25 5.25 7.8 5.65 14.1 10.7 -9999 -9999 -9999 -9999 6.55 11.1 30.6 6.75 30.5 30.4 12.9 30.1 30.2 8.1 30.6 8.2 30.4 6.4 6.95 1.1 8.9 6.55 30.2 3.3 10.8 16 30.5 23.4 5.2 7.35 14.5 31.2 8.95 16.15 8.05 30.15 7.95 13.15 7.75 8.55 27.15 8.25 11.25 10.75 30.55 8.75 10.65 8.85 13.55 8.05 7.7 13.15 30.8 30.35 7.95 10.55 6.55 30.6 5.65 5.05 5.15 5.8 5.3 6 5.9 -9999 -9999 -9999
6.05 6.15 6.65 6.65 6.35 6.35 6.15 5.95 6.45 6.25 5.55 6.15 30.4 5.3 7.1 5.85 -9999 -9999 -9999 -9999 -9999 6.65 6.65 6.35 30.4 30.4 8.8 30.9 20.3 5.1 10.3 30.1 6.4 21.7 30.7 30.1 30.6 6.45 5.75 6.15 24.1 7.15 12.45 6.95 7.35 7.35 30.7 30.4 30.9 23.05 8.25 30.2 10.95 10.55 7.85 30.4 8.45 10.85 8.05 28.65 30.25 11.05 8.75 8.35 8.35 7.85 30.5 8.15 5.4 13.55 30.05 13.65 30.4 18 4.95 4.65 4.75 5.3 5.7 6.1 -9999 -9999 -9999 -9999
6.05 6.05 6.45 6.55 6.25 5.75 5.45 5.65 30.5 6.35 5.75 6.15 9.8 7.2 5.6 -9999 -9999 -9999 -9999 -9999 -9999 6.2 30.5 12 30.6 30.4 8.5 13.6 5.2 10.5 30.6 30.9 6.6 30.5 18.5 6.35 11.4 4.1 6.35 12.2 7.05 6.8 9.85 9.95 7.05 6.95 9.55 29.15 8.05 8.35 10.55 30.15 30.55 9.85 7.45 7.15 31.1 30.8 30.6 8.35 21.25 23.75 8.15 10.65 13.35 30.35 5.8 30.1 23.55 30.25 13.35 6.65 4.45 5.15 5.05 4.65 5.1 5.3 5.2 5.6 -9999 -9999 -9999 -9999
6.15 6.45 6.15 6.55 30.4 5.65 -9999 6.05 5.65 6.45 6.25 5.1 30.2 9.8 6.45 6.15 -9999 -9999 -9999 -9999 -9999 6.05 4 14.1 30.4 15.9 3.6 13.9 5.1 7.8 5.6 30.3 30.2 21.1 30.5 6.85 6.5 6.65 6.45 6.15 6.75 9.8 6.95 7.15 29.8 6.15 6.05 30.4 30.8 6.45 6.55 7.15 7.35 20.15 7.25 30.55 30.05 7.35 12.55 13.65 30.5 18.85 8.75 16.35 26.25 8.15 30.5 26.05 21.8 13.45 5.45 4.25 5.15 5.05 4.95 4.75 4.9 5.1 5.4 5.8 -9999 -9999 -9999 -9999
3.3 5.95 5.55 5.95 5.85 5.35 -9999 -9999 5.45 5.45 5.65 5.95 30.5 27.3 30.7 30.4 5.95 -9999 -9999 -9999 -9999 5.95 6.05 8.4 3.2 7.1 28 31.2 15.4 8.3 5.6 3.2 5.8 30.3 7.7 11 12.5 13.6 6.75 6.35 6.15 6.15 30.5 6.15 6.15 6.15 30.3 6.05 30.7 31.3 6.35 30.1 5.3 7.25 7.35 30.7 7.25 7.15 30.05 7.25 7.55 8.55 30.9 8.35 30.05 30.8 30.15 8.05 8.25 6.75 3.95 5.15 5.15 4.95 5.45 4.9 5.2 5.4 5.1 5.7 -9999 -9999 -9999 -9999
6.05 -9999 -9999 -9999 5.35 -9999 -9999 -9999 -9999 6.65 6.65 25 19.2 5.1 17.5 6.55 6.15 1.2 -9999 8.7 30.3 12.8 17.1 8.3 8.3 17.8 10.7 30.6 18.8 30.6 6.1 8.2 30.5 7.6 6.65 9.3 1.3 30.7 6.7 6.25 5.95 5.45 5.95 6.05 6.15 6.15 30.7 30.4 30.1 30.9 6.15 30.95 20.55 10.05 7.15 30.4 6.95 30.8 6.85 7.45 30.8 7.65 20.55 30.35 10.55 7.95 8.05 8.15 10.95 3.95 5.45 5.35 5.05 5.05 5.05 5.2 5.7 5.3 5.6 5.4 -9999 -9999 -9999 -9999
-9999 -9999 -9999 -9999 -9999 -9999 -9999 -9999 -9999 6.35 6.85 6.65 12.5 7.2 9.7 5.95 5.85 6.2 10.7 3.1 5.85 3.2 5 3.1 3.3 11.5 23 30.5 5.8 30.5 6.3 23.2 6.65 23.4 6.55 6.75 8.4 30.7 5.95 6.15 6.05 6.05 5.55 6.05 7.3 6.05 30.8 30.9 18 6.05 6.35 30.75 25.15 7.55 30.25 12.15 9.75 5.35 6.95 7.45 17.25 9.75 9.95 7.35 7.25 7.05 13.05 20.95 27.65 4.55 5.75 5.05 6.45 6.35 4.95 5.3 5.2 5.3 5.3 -9999 -9999 -9999 -9999 -9999
-9999 -9999 -9999 -9999 -9999 -9999 -9999 -9999 -9999 6.75 6.55 6.75 30.7 30.1 30.8 22 30.8 30.6 20.9 30.9 5.95 22.9 5.8 10.6 30.6 30.4 5.95 5.9 30.5 8.4 5.2 6.65 15.9 6.55 6.25 6.35 6.05 9.1 30.3 30.4 5.45 6.05 6.25 5.85 5.85 6.05 19.5 30.6 5.65 6.2 30.7 6.45 6.05 30 6.15 19.9 9 5.15 9.85 6.75 9.75 5.4 6.45 6.95 6.55 6.75 10.45 7.05 6.85 6.95 5.15 -9999 -9999 -9999 -9999 -9999 -9999 -9999 -9999 -9999 -9999 -9999 -9999 -9999
-9999 -9999 -9999 -9999 -9999 -9999 -9999 -9999 -9999 6.25 5.95 30.4 6.35 30.4 6.35 6.35 5.9 5.8 8.5 30.5 5.95 5.2 5.3 30.4 5.8 30.7 6.05 3.4 3.5 12.7 30.8 7.1 7.15 6.75 6.65 6.25 6.55 6.25 30.1 6.55 6.15 5.95 6.2 5.75 5.35 6.35 5.5 30.7 6.45 30.7 6.15 6.15 30.3 5.75 5.85 5.95 30.4 5.55 5.95 23.1 5.35 6.95 6.65 6.85 6.75 6.65 6.95 5.35 5.35 5.35 -9999 -9999 -9999 -9999 -9999 -9999 -9999 -9999 -9999 -9999 -9999 -9999 -9999 -9999
-9999 -9999 -9999 -9999 -9999 -9999 -9999 -9999 -9999 5.95 6.25 6.35 5.95 30.6 6.55 6.45 6.55 7.25 30.2 30.5 5.65 6.45 6.75 6.45 6.55 30.4 15.9 10.9 30.5 20.2 5.3 30.5 6.95 17.15 6.05 6.25 6.45 6.15 6.25 6.35 5.95 5.95 30.6 5.35 5.85 5.7 7.9 31 30 30.8 30.2 30.6 30.9 5.55 30.3 5.65 30.8 6.25 5.35 5.35 5.25 5.35 7.3 5.65 5.45 5.35 5.35 22.7 5.35 -9999 -9999 -9999 -9999 -9999 -9999 -9999 -9999 -9999 -9999 -9999 -9999 -9999 -9999 -9999
-9999 -9999 -9999 -9999 -9999 -9999 -9999 -9999 -9999 -9999 -9999 -9999 6.15 30.3 6.25 6.45 6.25 6.65 30.2 6.35 6.05 6.55 5.8 6.25 6.65 6.35 5.7 3.3 16.4 7.4 5.3 14 6.75 6.15 6.15 6.25 11.1 6.55 30.5 30.4 6.15 6.05 5.95 6.05 5.35 5.65 30.4 5.45 6.25 30.6 30.7 30.7 6.35 30.7 5.85 19.7 5.75 6.15 5.75 5.95 6.25 5.95 25.1 20 8.2 30.3 5.45 5.35 -9999 -9999 -9999 -9999 -9999 -9999 -9999 -9999 -9999 -9999 -9999 -9999 -9999 -9999 -9999 -9999
