Outfile_1.asc
NCOLS 201
NROWS 151
XLLCORNER 730592.938286
YLLCORNER 2561222.529137
CELLSIZE 145.176046
NODATA_VALUE NaN
[rows 82 to 122 of 151, columns 92 to 183 of 201]
5.55 6.05 5 9.7 6.25 6.35 6.8 6.8 5.1 6.65 12.8 5.2 11.7 6.45 6.45 6.55 6.45 6.55 6.55 5.2 6.75 5.1 6.45 6.05 1 4.85 4.95 4.85 5.55 5.55 10.1 5.55 5.65 5.95 6.7 28.7 1.1 6.95 1 6.05 9.1 30.3 5 1.1 1.1 12.2 5.6 3 5.8 8 8 5 7 15.3 7.4 7.4 7.4 7.3 7.8 7.7 7.5 30.3 7.5 7.4 10.2 7.5 7.6 18.1 7.4 17 7.4 17.1 9 15 19.6 17 7 7.5 30.1 17.1 30.1 7.6 7.8 7.3 7.5 7.5 7.5 7.8 7.6 7.5 10.3 4.2
6.15 24.7 15.1 1.3 6.6 6.65 6.8 6.75 6.55 6.45 1 5.1 6.45 6.45 6.45 6.55 6.45 6.45 6.55 1 6.75 5.1 6.45 1 5.65 5.65 5.55 5.65 5.65 5.55 7 6.45 11.6 14.4 6.2 11.8 3.9 5.2 3.7 9.2 4.2 17.8 30.1 8.2 5.6 5.7 5.2 5.2 5.8 6.85 12.6 22.6 7.65 9.7 30.2 7.5 7.6 10.3 9.1 7.5 7.6 7.6 7.2 7.5 24.7 7.4 7.6 11.1 30.1 7.4 7.3 7.3 19 21.6 17 19 7.1 7.2 19 19 7.3 7.2 24.1 7.8 7.7 7.6 7.6 7.7 8 7.7 7.5 7.6
6.05 6.15 10.2 9.7 1.1 5.3 5 7 6.45 6.55 9.1 4.1 6.45 6.45 6.45 1.1 6.45 6.45 1.1 5.4 6.55 6.45 6.35 6.35 6.45 1 6.45 6.55 6.55 1.1 5.35 5.7 1.1 10.3 30.2 30.3 5 4.1 4.2 4.3 30.2 1.2 4 3.1 3 10.6 5.1 8 7 10 7 12 12 7.5 7.4 7.6 30.3 14.1 17 16.1 7.2 7.5 14.8 7.3 7.5 7.6 7.4 11 11 7.3 7.3 7.3 14 15.1 19 21 7.4 30.1 21.1 6.3 6.8 6.9 7.2 7.2 16.7 7.5 15 7.6 10.2 7.8 7.6 7.5
6.6 6.55 21.5 6.7 5.3 5.1 30.2 7.6 6.45 6.45 6.55 6.45 7 6.05 9 1 9.2 1.1 1.1 6.75 4.5 1.1 1.1 6.55 7.1 6.45 6.35 1.1 6.35 5.1 5.1 1 3.9 29.6 5.45 7.7 5.3 5.1 30.4 5.2 5.9 4 3 8.7 5.1 21.2 7 7 5.7 12 9 6.6 6.6 6.6 7.6 7.7 11.1 21.1 10.2 7.1 15 7.1 7.5 7.4 7.3 7.4 7.3 7.3 7.3 7.3 7.3 7.3 19 19.1 21 30.2 7.4 21 6.9 16 6.3 7.1 7.6 10.1 12.9 7.7 7.6 25.3 18.1 7.8 7.8 7.5
6.6 6.45 6.65 6.85 5.1 20.7 7 5 5 9 9.1 6.35 11.6 10.1 6.15 29.1 6.15 6.6 6.85 6.95 6.65 6.45 6.35 4.1 9 6.5 7 4 6.45 6.35 7 21.3 7.05 6.65 6.15 6.05 21.7 1.2 7.7 6.4 1.5 3.1 5.6 5 5.2 5.9 10 5.7 12 6.6 12 14 11 21.2 19.2 6.8 13.1 13.1 30.1 7.1 7.1 7.1 7.3 7.7 12.8 7.5 7 21 19 7.3 7.3 7.3 21.6 23 23 19 6.9 7.2 21 6.9 28.6 9.7 14 7.5 7.7 7.6 7.6 20.2 15 7.4 13.1 10.1
6.6 5.1 17.8 9.6 5 10.1 5 5.1 7.1 6.3 9.6 5.1 17.2 6.3 5 7 6.5 7 6.8 7 14.4 30.1 1.1 6.2 5.9 5.9 5.9 6.2 6.4 6.6 6.6 8.9 30.4 5.4 5.2 17.8 4.2 5.2 1.1 6.6 13.7 30.2 3 8 6.8 30.1 5.7 9 5.7 12 6.6 6.6 24.2 6.7 30.2 17 13 18.1 13 7.1 7.1 15.6 7.4 7.1 7.7 6.6 30.1 23 19 21 21 23 30.1 6.8 6.8 19 6.9 6.8 7.2 7.3 7.2 20.6 13 7.1 7.6 7.7 10.1 30.1 7.3 7.3 7.6 7.4
6.6 7.8 12.4 12.2 5.1 6.7 5.1 6.5 7 5 5 6.2 7 5 5.1 5.7 5 6.7 1.2 5.7 30.3 7.3 6 5.9 4 4 6.2 6.6 12.3 1.1 20.3 6.7 7 7.8 8.7 1 1 1 4.1 4.1 6.1 6 15.7 7.7 7.3 30.3 6.5 6.5 5.7 6.6 6.6 6.8 6.7 6.6 16.1 16 18 15 20.6 7.2 22.6 7.2 7.2 9.8 7.5 7.4 6.7 7.4 21 18 25 6.8 28.1 30.1 6.8 6.8 20.1 25 6.8 30.1 7.2 7.3 8.8 7.1 7.6 7.7 7.5 30.2 7.3 7 12.6 16.8
6.3 5.1 6.6 6.6 6.4 5 5 6.5 5.7 5 7 5.4 5.4 5.7 5.1 7.6 5.1 12.7 4.1 1 1.3 9.1 12 6.1 6.3 6.6 6.6 6.2 6.6 8.8 6.9 15.2 6.9 4.1 6.1 4 4.1 4.1 1 30.2 6 5 6.5 6.7 6.6 6.7 19.2 11 14 11.1 6.8 6.6 6.6 6.3 6.4 18 18 18 6.9 7 21 30.1 17 24.7 7.3 7.3 6.5 6.5 30.1 30.1 25 25 6.9 17 6.9 6.9 30.1 25 6.9 6.8 6.9 7.2 7.3 13.1 7.6 7.5 7.3 20.7 12.4 7.4 7.7 7.5
6 6.4 6.6 6.7 6.2 7 5 5 5 5 7 5.7 5.7 1 4 5.1 9.7 5.8 5.9 5.8 30.4 5.2 7.2 7.1 6.2 1 4 5 19.7 7 6.6 6.6 6.7 1 6.6 7.7 8.6 1 4 3.1 3 11 16.6 5.8 12.7 5.9 19.6 28.7 11 30.3 16 19 21 6.3 6.3 6.4 20 6.9 6.9 20 7 19.6 30.2 30.1 6.9 23 6.1 27 19 19 27 27 27 27 6.5 6.6 7 6.9 6.9 6.8 20.1 23 6.8 7.1 7 10 7.3 7.4 12.5 12.4 7.4 5.35
4.1 6.2 6.7 6.7 6.3 6.5 5 5 5 5 5 5.7 15.1 6.6 5.7 9.7 5.2 6 30.2 30.1 1.1 10.2 1 5.6 5.5 6.5 6.6 6.8 15.4 9.1 6.5 6.3 1.2 6.5 6.5 30.3 4 22.1 7 9.6 5 5.8 5.9 5.8 5.9 9 13.6 5.9 5.8 17 18 19 15 21 21 23.1 21 6.9 19 22 6.9 19 27.1 22 6.9 6.9 6.9 6.5 6.1 6.1 6.5 6.9 27 29 6.5 6.5 6.7 6.6 6.6 27 6.9 25 21 6.7 7 7.1 30.1 12.2 7.4 30.3 5.05 4.75
1.2 5.9 6.1 5.9 10.2 7.6 5 10.1 10.1 4.1 5.1 6.6 6.5 6.6 6.6 6.2 1.1 6.6 6.3 5.8 6.6 5.9 5.4 6.2 6.1 11.2 6.6 4.3 6.6 6.3 6.2 4 6.3 1.2 3.3 9.7 29.4 1.2 12.1 9.2 8.1 6.6 6.5 19.6 9 9 30.2 30.1 13 17 18 15 22.6 30.1 21 25 23 6.1 7.3 7.2 27 21.6 19 NaN 6.9 27 6.9 7.3 23.6 6.5 6.5 6.5 6.9 6.9 6.5 6.5 6.7 6.9 6.9 6.5 6.7 25 23 16 6.7 7.3 5.35 30.1 5.05 4.85 4.75 4.75
6.7 7 5.2 5 7.7 10.2 22.7 5 5 5 6.5 6.5 6.5 6.6 4 4.1 1 7.6 6.4 5.8 6.3 6.5 6.7 5.2 7.1 6 18.9 6.7 4.1 4.2 6.6 23.7 4.2 1 7.1 6.2 1.1 2.4 6.9 6.2 8 5.1 7 9.6 9 11 11 18.1 26.1 18 20.1 30.1 20 22 25 25 6.1 6.1 7.3 25 21 30.1 21 27 25 27 6.9 7.3 21.1 7.3 6.5 6.5 6.9 6.9 6.5 7.1 6.9 6.7 6.7 6.8 6.3 6.8 27.1 30.1 6.7 4.65 5.1 4.9 4.9 4.9 4.9 NaN
11.6 6.6 6.7 5 5 15.2 5 10.1 5.1 5 6.5 6.5 6.6 6.5 6.5 6.6 6.6 6.4 5.7 5.7 6.2 6 6.5 14.1 6.7 6.1 6.1 1 6.1 1 4 4.1 6.2 4.1 9.1 5 1 5 30.3 9.7 15.7 23.1 15.1 10.2 9 14 14 16 30.2 5.8 23 6.6 19 25 24 27 25 6.1 6.5 7.3 28.1 23 26 23 23 27 31 31 7.4 7.3 6.5 23 6.5 6.5 6.5 7.5 31 29 30.1 6.8 6.3 21 6.7 6.8 28.6 4.35 5.4 5 30.3 NaN NaN NaN
6.6 6.7 30.1 9 6.5 5 10.1 5 5 7.1 6.4 6.8 6.6 6.6 6.7 30.2 11.8 30.4 5.7 6.4 5.8 6.5 1.2 6.5 21.7 5 5.8 5.8 1 4 7 1.1 4 6.6 1.1 7 1 5 7.1 7.3 23.6 5 10 27.1 22.1 5.6 5.5 30.2 16 18 20 20 23 23 25 29 6.1 31 6.5 7.3 23 7.6 7.6 26 27 7.2 27 6.9 7 26 7.3 6.8 6.9 6.5 10 7.2 7.1 6.7 6.8 6.7 6.3 25 30.1 6.6 6.7 5 5.1 5.1 NaN NaN NaN NaN
4.25 21.8 6.6 4 7 11.5 30.2 5.1 7.6 5.1 5.1 6.3 6.6 6.2 6.3 6.5 11.6 6.4 5.9 5.6 6.5 6.8 6.6 6.7 6.5 16.7 5.5 1.1 4.1 4 4 1.1 6.5 7.1 6.3 5 4 2.6 3 30.4 13.1 8 10 14.6 5.4 30.1 11.1 22.2 16.1 25.6 22.6 20 23 22 24 25 31 6.5 6.5 6.5 23 27 27 26 29 29 27 29 7 27 7.3 6.9 6.9 7.4 7.1 7.2 7.1 7.1 6.8 6.7 6.7 7 6.6 7 4.75 4.9 5.1 5.2 NaN NaN NaN NaN
4.35 4.35 4.45 6.5 5 5.1 5.1 5 5 5.1 6.2 6.2 6.3 6.3 6.6 6.7 6.6 6.2 6.3 6.4 6.5 6.8 7.6 6.5 30.2 16.7 5 NaN 1.2 4.1 4 1.1 4 1.1 4.1 1 1 5 15.6 6.5 13.6 6.1 15 25.1 9 11 19.1 16 16 18 18 30.1 30.1 22 24 7.2 7.2 6.9 6.9 6.5 23 7.3 7.3 7.3 7.3 31 31 6.9 7 6.9 7.7 6.9 7 7.1 7.1 9.7 7.1 7.1 7.2 6.7 25 4.75 4.35 4.75 5 5 4.9 NaN NaN NaN NaN NaN
4.45 4.35 4.15 5 5 5.1 5 8.6 5.1 4.1 6.5 NaN 6.3 6.4 6.7 4.2 6.5 6.5 6.5 6.6 30.1 6.6 24.2 4.1 7 5.6 NaN 5 6.6 1 4.1 3.6 1 3.6 1 7.1 6.5 7 14.6 3.1 26.6 11.1 15.1 7.1 6.2 14 14.1 13 16 19 18 20 20 22 24 27 29 6.4 6.9 6.9 23 23 7.3 7.3 7.3 7.3 31 23 23.1 7.7 7.7 7.2 6.8 7.1 7.1 7.2 7.1 9.7 7.1 6.7 4.75 4.75 4.75 4.75 5 4.9 4.9 NaN NaN NaN NaN NaN
4.35 4.15 4.05 6.3 6.6 6.5 6.2 10.1 5 5 9 6.4 6.3 14.1 6.5 6.6 6.6 6.6 14 30.2 9.1 6.4 6.6 4.2 1 NaN NaN NaN 4 1.2 4.1 4.1 1 4.1 1 5.1 5 6.6 3 3.1 6.5 5.1 6.5 6.4 6.2 6.3 14 16 16 18 18 23 7.2 8 8 29 31 7.2 6.9 6.9 23 7.7 7.7 7.7 7.3 7.7 7.7 7.7 7.8 7.7 7.7 7.1 7 31 7.4 7.5 7.1 7.2 27 4.45 4.75 4.35 4.85 5 4.9 4.9 NaN NaN NaN NaN NaN NaN
12.2 4.15 4.05 4.05 6.6 9 6.2 30.1 9 6.4 6.4 6.6 29.2 6.6 6.6 6.7 6.6 30.1 30.3 6.5 5.7 6 5.8 6.6 1.1 1 NaN NaN 5.7 1 6.7 6.6 1.1 1.1 1 9.6 5 5.8 6.1 3.1 5 30.1 6.5 20.7 6.2 14.1 11 16 16 18 21 21 27 27 8 8 8 7.2 31 6.9 6.9 7.7 7.7 7.7 7.7 7.7 7.7 7.7 7.8 7.7 7.9 7.1 27 7.4 27 7.5 7.1 7.2 4.85 23 4.85 4.45 4.75 4.9 4.9 4.9 NaN NaN NaN NaN NaN NaN
4.55 4.15 4.25 4.15 10.2 5.2 12.8 6.4 6.4 6.2 4 6.5 6.6 4 6.6 6.2 6.5 6.6 6.3 5.7 5.9 5.3 10.2 6.3 6.3 NaN NaN NaN NaN 1 6.6 6.6 1 3.7 4 3.6 6.6 12.1 12.1 6.1 5 8 6.7 9.6 6.4 5.4 6.2 13 13 6.9 7.2 7.2 22 7.2 8 8 8 7.2 31 6.9 6.9 6.9 7.7 7.7 7.7 7.7 7.7 7.7 7.8 7.8 7.9 7 30.1 27 27 7.5 10 4.25 4.85 4.35 4.45 4.35 4.9 4.9 4.9 4.9 NaN NaN NaN NaN NaN NaN
4.65 4.35 4.25 4.05 6.5 6.4 6.2 6.5 6.5 6.2 5.9 6.5 6.5 6.3 5.7 5.6 5.6 9.1 6.2 5.6 6.3 17.9 30.2 4.1 NaN NaN NaN NaN NaN NaN 8.6 1.1 1 9.2 4 24.1 5.1 5.1 7 8.7 8 11 15.6 14.9 9 17 5.4 7.1 7.2 7.2 19 7.2 7.2 7.2 8 29 7.1 6.3 31 6.3 6 6 31 31 31 7.7 7.7 7.7 12.9 7.9 7.8 7.1 27 27 7.4 7.5 7.5 4.25 4.45 4.45 4.35 4.35 4.9 4.9 4.9 4.9 NaN NaN NaN NaN NaN NaN
4.85 4.55 4.35 4.15 4.45 NaN NaN NaN NaN 4 6.2 6.2 6.2 6.3 5.7 NaN NaN 6.3 6.2 6.2 5.6 7.5 7 6.4 NaN NaN NaN NaN NaN 5.8 1.1 1 3.6 6.6 1.1 4.3 5 5.1 6 6.1 15.8 10.6 15.6 9.8 6.6 6.5 17 5.2 19 21.6 7.2 23 6.3 27 29 29 6.3 7.1 6.3 6.3 6.3 6.3 6 31 31 7.7 31 7.8 7.9 7.9 7.8 9.6 7 29 7.4 7.2 4.45 4.15 4.35 4.35 4.35 4.9 4.9 4.9 4.9 NaN NaN NaN NaN NaN NaN NaN
NaN 6.5 4.65 4.65 6.6 NaN NaN NaN NaN 5.6 6.2 NaN 5.6 5.7 5.6 NaN NaN 5.8 5.8 5.8 6.4 9.6 11.8 9.1 5.7 NaN NaN NaN NaN 5.8 5.9 4.1 6.6 27.2 5.1 4.3 5 4.1 4 6.2 8 8.1 20.2 12.6 22.2 9 6.4 6.3 5.3 16 6.3 6.3 6.3 27 27 29 6.3 6.3 29 6.3 6.1 29 5.8 5.8 5.8 6.1 6.9 7.8 30.2 7.8 7.1 29 30.1 7.4 7.4 4.45 4.15 4.35 4.35 4.35 4.35 4.9 4.9 4.9 4.9 NaN NaN NaN NaN NaN NaN NaN
NaN NaN NaN NaN NaN NaN NaN NaN NaN 6.2 NaN NaN NaN NaN NaN NaN NaN NaN 6.6 5 9.6 6.6 29.8 7 12.2 5.8 1.1 16.3 6.8 7.6 19.7 4 4.2 5.2 14.1 5 9.2 6.7 9.1 6.2 6.5 6.5 6.8 22.7 11.5 6.3 6.3 6.5 5.7 5.5 6.3 6.3 6.3 30.1 23 23 29 6.1 29 6.9 6.1 29 5.8 29 29 5.8 6.1 7.1 7 6.1 7.1 7 9.6 23 4.35 4.35 4.35 4.35 4.35 4.35 4.35 4.9 4.9 4.9 4.9 NaN NaN NaN NaN NaN NaN NaN
NaN NaN NaN NaN NaN NaN NaN NaN 5.6 6.2 NaN NaN NaN NaN NaN NaN NaN NaN 6.6 6.7 6.6 7 12.2 30.2 5.7 7.7 4 9.4 7.8 6.7 5.1 4.1 4.1 11.4 5.2 4 9.2 6.8 4 6.1 6.5 28.2 6.8 7.2 19.1 17 6.3 6.4 19 5.7 6.3 21 6.3 30.2 23 23 6.1 6.1 22 27 6.9 6.9 6.1 5.8 27 5.8 27.1 6.2 6.1 6.2 6.1 6.1 7.2 7.2 5.7 4.55 4.35 6.6 6.6 4.35 4.35 4.9 4.9 4.9 NaN NaN NaN NaN NaN NaN NaN NaN
7 NaN NaN NaN NaN NaN NaN 5.4 5.6 NaN NaN NaN NaN NaN NaN NaN NaN NaN 6.6 6.6 9 6.5 6.6 30.3 3.6 4 6.7 6.8 6 20.3 4.1 4 4 24.3 6.2 16.7 5.2 6.6 15.1 5.1 6.6 6.5 6.8 30.3 13 30.2 30.1 5.6 6.3 6.3 5.6 5.5 6.2 25 25.1 6.1 6.1 25 23 25 25 23 21 5 5.3 5.8 5.9 30.1 5.5 5.7 5.5 5.8 21 6.3 6.4 6.7 4.35 NaN NaN NaN NaN NaN NaN NaN NaN NaN NaN NaN NaN NaN NaN NaN
7 NaN NaN NaN NaN NaN NaN NaN NaN NaN NaN NaN NaN NaN NaN NaN NaN 4 5.7 22.6 5.1 9 30.1 9.1 5.8 4 4.2 7.8 6.2 6.5 20.3 10.1 16.6 11.7 6.1 4.3 7.8 30.5 5.1 6.9 6.7 6.6 10.4 6.3 6.5 15 20.1 6.4 5.5 23.1 5.5 5.4 6.2 21.6 30.3 21 23 6.2 30.1 25 5.8 23 23 23 5.3 30.1 21 5.9 5.6 6 5.9 5.6 5.8 5 5.5 NaN NaN NaN NaN NaN NaN NaN NaN NaN NaN NaN NaN NaN NaN NaN NaN NaN
7.3 7.1 NaN NaN NaN NaN NaN NaN NaN NaN NaN NaN NaN NaN NaN NaN NaN NaN 5.7 4 5.7 5.8 7.1 4 5.9 4.1 6.8 12.2 6.3 6.3 6.7 6.7 6.9 6.7 4 4 11.8 5.1 5.2 30.1 6.7 6.6 17.8 6.5 6.5 30.3 30.1 6.5 6.4 5.6 5.6 5.4 30.2 30.2 26.6 30.1 23.1 6.2 23 5.8 20.1 19 21 21 21 5.1 5 30.1 30.2 29.1 5 5.1 5 19 NaN NaN NaN NaN NaN NaN NaN NaN NaN NaN NaN NaN NaN NaN NaN NaN NaN NaN
NaN NaN NaN NaN NaN NaN NaN NaN NaN NaN NaN NaN NaN NaN NaN NaN NaN NaN NaN NaN NaN 5.7 5.7 6.6 5.8 5.7 30.4 9.7 6.3 6.3 4.2 6.8 6.5 7.7 4.4 4 11.6 27.2 5 15.4 6.5 6.4 6.6 6.4 6.4 6.4 6.4 6.3 6.4 6.3 6.5 5.4 28.6 21 5.4 6.3 30.2 21.1 23.6 6 6.1 23 23 6.3 6.5 6.3 6.3 5.9 19 19 30.2 24.1 5 5 NaN NaN NaN NaN NaN NaN NaN NaN NaN NaN NaN NaN NaN NaN NaN NaN NaN NaN
NaN NaN NaN 5.05 NaN NaN NaN NaN NaN NaN 6.6 6.6 NaN NaN NaN NaN NaN NaN NaN NaN NaN 5.7 5.7 6.5 5.9 5.9 6.1 6.5 4.3 6.4 6.2 6.1 6.3 4.1 4 5.2 14.6 7.8 6.6 6.4 7.1 6.7 6.9 18.3 13.1 6.4 6.5 30.3 19.8 30.4 21.7 30.2 6.3 6.2 21 30.3 21 6.3 6.4 28.6 6.5 6.3 6.3 6.4 6.3 21 17.1 6.5 19 5.6 19 24.6 5 NaN NaN NaN NaN NaN NaN NaN NaN NaN NaN NaN NaN NaN NaN NaN NaN NaN NaN NaN
7 NaN 4.55 4.75 NaN NaN NaN NaN NaN 6.6 6.6 6.6 NaN NaN NaN NaN NaN NaN NaN NaN NaN 5.7 1 5.7 5.8 6.2 6.2 6 6.3 6.1 6.1 5.3 6.1 12.1 5.2 5.1 5.3 9.6 7.8 6.8 6.8 6.7 6.6 6.8 6.4 6.4 15 25.1 6.6 6.4 15 17 19 30.1 6.4 5.6 5.5 6.3 6.3 21 6.4 6.4 6.5 6.3 6.4 6.4 6.4 24.2 6.4 15 6.3 5.4 NaN NaN NaN NaN NaN NaN NaN NaN NaN NaN NaN NaN NaN NaN NaN NaN NaN NaN NaN NaN
NaN NaN 4.75 5.05 5.05 5.05 7 NaN 6.8 6.6 6.4 6.4 6.4 NaN NaN NaN NaN NaN NaN NaN NaN 5.7 4 5.7 5.8 6.1 6.4 6.1 6.2 5.3 6.8 30.3 30.4 7.1 7.2 9.3 6.8 12.3 30.4 30.2 19.2 6.3 30.2 6.1 7.7 6.4 13 12.2 6.5 6.5 15 5.9 5.5 5.7 5.6 5.5 5.7 30.1 5.5 19 30.1 6.3 6.4 6.6 6.4 19 6.5 6.4 6.3 6.3 6.3 6.2 NaN NaN NaN NaN NaN NaN NaN NaN NaN NaN NaN NaN NaN NaN NaN NaN NaN NaN NaN NaN
NaN 4.75 4.75 4.75 4.75 4.75 7 7 6.85 6.6 6.4 6.4 6.4 6.4 NaN NaN NaN NaN NaN NaN NaN NaN NaN NaN NaN NaN NaN 6.1 6.3 30.3 6.8 5.1 11.5 19.7 7.4 5.1 12.1 30.4 6.5 30.6 6.4 7.3 9.9 6.4 6.3 20.7 6.5 6.5 6.3 6.1 10 12 6 6 5.5 5.7 17.1 5.6 17 17 27.6 6.4 6.4 17 6.3 6.6 6.5 5.6 6.3 6.3 6.4 17 NaN NaN NaN NaN NaN NaN NaN NaN NaN NaN NaN NaN NaN NaN NaN NaN NaN NaN NaN NaN
4.75 4.75 4.75 4.55 4.55 4.55 4.55 4.1 7.45 6.4 6.4 6.4 6.4 6.4 NaN NaN NaN NaN NaN NaN NaN NaN NaN NaN NaN NaN NaN NaN 7.1 5.2 6.9 28.3 5.3 6.9 30.4 6.7 6.6 16.8 25.3 6.5 6.5 21.6 7.3 7.3 6.5 11.1 6.3 13.1 13.1 30.1 30.2 6.1 30.1 5.9 30.3 15.1 5.7 5.6 5.5 17 5.7 5.8 15 6.4 6.4 6.4 6.3 17.3 5.6 6.3 6.4 6.1 NaN NaN NaN NaN NaN NaN NaN NaN NaN NaN NaN NaN NaN NaN NaN NaN NaN NaN NaN NaN
4.55 4.55 4.85 4.85 4.85 4.85 4.7 4.1 7.45 6.4 4 5.6 5.6 5 NaN NaN NaN NaN NaN NaN NaN NaN NaN NaN NaN NaN NaN 6.8 7.1 7.6 7.1 30.2 30.4 6.7 6.6 1.1 19.3 30.8 6.6 13.3 7.3 7.1 7.3 27.2 6.5 11.3 6.8 6.5 6.5 18.3 30.2 6.2 13 23.2 13 15 5.6 5.8 5.7 30.3 10.1 13.6 5.5 15.1 30.4 6.4 6.4 21.2 5.6 6.4 6.4 NaN NaN NaN NaN NaN NaN NaN NaN NaN NaN NaN NaN NaN NaN NaN NaN NaN NaN NaN NaN NaN
4.55 3.65 4.85 4.85 4.85 4.7 4.1 6.35 6.4 5 5.6 5.6 5.6 NaN NaN NaN NaN NaN NaN NaN NaN NaN NaN NaN NaN NaN NaN 6.7 7.2 7.1 7.1 9.6 6.9 7 6.9 6.7 21.6 30.5 9.1 6.8 11.8 30.4 10 9.2 7.2 6.6 6.3 6.5 6.6 30.4 6.6 6.1 11.2 6 18.1 6 6.9 30.1 30.3 5.7 5.5 5.7 5.6 30.2 5.9 13.1 6.3 6.5 5.5 NaN 6.3 NaN NaN NaN NaN NaN NaN NaN NaN NaN NaN NaN NaN NaN NaN NaN NaN NaN NaN NaN NaN NaN
4.55 4.55 4.55 5 4.7 4.1 4.1 6.45 5 5.4 5.6 5.6 5.6 NaN NaN NaN NaN NaN NaN NaN NaN NaN NaN NaN NaN NaN NaN NaN 30.2 7 6.9 7 6.6 6.5 6.8 6.8 30.3 30.3 6.7 6.8 7.2 7.3 6.8 30.4 30.2 6.3 30.6 6.4 6.5 6.6 30.3 15.4 6.3 30.3 6.8 5.9 6.8 6.8 7.1 30.2 5.6 18.9 5.7 20.7 13.1 11 13.2 15.6 NaN NaN NaN NaN NaN NaN NaN NaN NaN NaN NaN NaN NaN NaN NaN NaN NaN NaN NaN NaN NaN NaN NaN NaN
4.55 4.7 4.7 4.7 4.1 4.7 5 6.45 5.4 5.4 5.4 NaN NaN NaN NaN NaN NaN NaN NaN NaN NaN NaN NaN NaN NaN NaN NaN NaN NaN NaN 6.6 6.5 6.5 6.8 9.7 11.7 21.7 30.3 6.7 6.5 13.6 11.6 7.4 7.4 5.3 6.4 6.4 30.3 6.5 6.7 30.6 30.3 6.2 6.2 7.1 7 6.8 6.8 30.5 9.7 26.3 11.1 11 6.2 5.6 30.3 5.6 NaN NaN NaN NaN NaN NaN NaN NaN NaN NaN NaN NaN NaN NaN NaN NaN NaN NaN NaN NaN NaN NaN NaN NaN NaN
4.7 4.7 4.7 4.7 4.7 4.4 4.4 4.7 5.4 5.4 5.6 NaN NaN NaN NaN NaN NaN NaN NaN NaN NaN NaN NaN NaN NaN NaN NaN NaN NaN NaN NaN NaN 6.4 30.4 6.6 4.1 9.1 30.2 29.2 6.5 6.3 6.6 7.6 7.5 9.9 30.6 6.5 6.7 6.4 6.4 6.5 30.5 6.5 7 7.2 6.9 30.3 30.3 9.8 30.5 6.9 7.1 30.3 30.3 5.7 30.2 NaN NaN NaN NaN NaN NaN NaN NaN NaN NaN NaN NaN NaN NaN NaN NaN NaN NaN NaN NaN NaN NaN NaN NaN NaN NaN
4.7 4.7 4.7 4.7 4.7 4.7 4.4 4.7 6.2 5.6 5.6 NaN NaN NaN NaN NaN NaN NaN NaN NaN NaN NaN NaN NaN NaN NaN NaN NaN NaN NaN NaN NaN 6.5 6.6 6.4 9 7.5 9 6.6 5 30.5 9 9.7 15.2 9.9 14.9 6.4 9.1 7.4 6.6 6.4 30.5 30.2 11.8 9.2 30.3 30.4 7.1 7 11.8 30.2 7.2 30.5 7.1 6.9 12.3 NaN NaN NaN NaN NaN NaN NaN NaN NaN NaN NaN NaN NaN NaN NaN NaN NaN NaN NaN NaN NaN NaN NaN NaN NaN NaN
4.7 4.7 4.7 4.7 4.7 4.7 4.4 4.7 3.35 5.6 5.9 NaN NaN NaN NaN NaN NaN NaN NaN NaN NaN NaN NaN NaN NaN NaN NaN NaN NaN NaN NaN NaN 30.4 11.7 7 9 6.8 9.2 11.6 30.3 6.6 30.4 30.5 10.1 7.6 7.3 6.5 7.2 7.5 7.4 12.4 17.6 7.7 7.3 6.9 7.1 6.9 6.7 7 7.1 9.9 30.7 10.2 6.9 9.2 30.2 6.3 6.9 NaN NaN NaN NaN NaN NaN NaN NaN NaN NaN NaN NaN NaN NaN NaN NaN NaN NaN NaN NaN NaN NaN NaN NaN
