Outfile_1.asc
NCOLS 201
NROWS 151
XLLCORNER 730592.938286
YLLCORNER 2561222.529137
CELLSIZE 145.176046
NODATA_VALUE NaN
[rows 102 to 135 of 151, columns 75 to 149 of 201]
7.35 7.35 7.35 7.8333333333 7.35 8.278511354 7.75 7.75 8.45 7.35 NaN NaN NaN NaN NaN 5.95 4.5 4.6 4.2 4.3 4.3 6.65 6.75 6.75 6.85 6.75 6.45 6.25 6.85 6.75 6.75 6.05 5.85 5.85 1 6.45 5.85 6.45 5.3681050248 7.8084518793 7 NaN NaN NaN NaN NaN NaN 14.7810980619 9.6969842853 10.1666666667 7.298142394 7.9023689097 7.4333333333 7.8222222222 5.2 17.6 7 9.9328101159 3.3384487607 3.6537203881 12.3333333333 9.8333333333 3.3901371761 5.95 7.45 12.75 10.25 5.3 8.05 7.85 7.65 8.55 1.2 7.75 6.85
6.3333333333 5 7.1 7.75 10.9333333333 7.85 7.45 7.35 7.35 7.35 7.65 7 NaN NaN NaN NaN 6.25 4.6 4.8 4.4 4.3 4.2 NaN NaN NaN NaN 7 6.55 6.55 6.45 6.65 6.05 NaN NaN 6.45 6.45 6.45 5.85 3.3703703704 6.75 6.45 NaN NaN NaN NaN NaN 5.95 12.5904286252 10.3659351537 11.3333333333 9.8284270273 9.917127024 7.5376787265 5.2202728564 20.1 7.2 9.8 7.3063281674 7.2923526966 12.5969040394 25.7666666667 6.85 7.05 15.9192754236 5.75 30.3 17.2 7.75 3.1 6.85 1.2 3.7 1.2 6.95 7.65
7.75 7.45 7.6666666667 7.5716618094 7.65 7.35 7.35 7.75 7.65 7.65 7.65 7.65 7.65 6.55 NaN NaN NaN NaN 6.65 4.5 4.2 6.45 NaN NaN NaN NaN 5.85 6.55 NaN 5.85 5.95 5.95 NaN NaN 5.85 5.85 5.85 6.45 3.3703703704 7.8333333333 4.3333333333 6.05 NaN NaN NaN NaN 5.95 5.95 10.5333333333 7 4.5 5.7467825041 7.4952995056 5.2013740557 9.6 19.7 9.6 7.2 10.0564102564 7.5901371761 7.9333333333 23.0333333333 30.3537203881 6.85 6.95 5.85 30.2 6.95 6.95 6.85 6.1 1.1 1.1 6.75 6.75
7.65 7.3681050248 7.65 7.65 7.303030303 7.35 1.2635231517 7.75 7.75 7.65 7.65 7.65 7.65 NaN 6.55 NaN NaN NaN NaN NaN NaN NaN NaN NaN NaN NaN 6.45 NaN NaN NaN NaN NaN NaN NaN NaN 6.75 5 3.2380952381 6.85 4.1622676031 6.6708234805 3.8743996038 5.95 10.49071197 12.3333333333 8.49071197 6.1534349239 4.0051154274 8.2559224131 30.2333333333 6.4450799339 7.7137183223 5.4681474842 8.6 9.6 7.1 7.1 6.85 6.85 6.95 30.61898463 30.2333333333 7.05 6.95 6.85 6.05 6.15 6.75 6.85 6.85 3.6 5 5 1 6.35
7.65 7.65 7.65 7.65 7.65 7.65 7.65 7.65 7.65 7.75 7.65 7.65 7.35 7.35 6.85 6.85 6.55 NaN NaN NaN NaN NaN NaN NaN NaN 5.85 6.45 NaN NaN NaN NaN NaN NaN NaN NaN 6.75 6.75 6.95 3.6322617446 4.1717820941 9.3014383581 5.95 7.6047871587 7 7.9245006541 5.547996552 7.6581491326 5.6520285504 7.9101105702 10.7037037037 28.2348730697 5.7644313952 7.3564102564 7.1 7 7 7.1 6.85 19.8063281674 6.95 9.5969040394 4.49071197 5.4666666667 6.85 6.85 3.2188440482 5.95 6.85 3.1 6.75 7.8202728564 5.2450715499 5.2564102564 6.35 6.35
7.65 7.65 7.65 1 7.65 7.65 7.65 7.65 7.65 7.75 7.65 7.65 7.65 7.65 6.85 6.85 6.85 7.35 NaN NaN NaN NaN NaN NaN 5.65 5.85 NaN NaN NaN NaN NaN NaN NaN NaN NaN 6.85 6.85 1.4670295079 6.75 6.75 7.2417852127 11.8192725435 8.8002041892 7.9600747221 7.4714045971 6.15 12.873998276 10.1033108961 7.8844898253 13.1714285714 8.8149362158 6.25 7.2768182948 5.2067245426 7 5 5 6.85 6.85 6.85 12.4901371761 19.0333333333 4.5333333333 1.8084518793 5.95 6.75 6.85 5.95 5.65 6.45 1.3268601941 1.3726779369 6.45 6.45 1.5166666667
3 7.65 7.65 7.65 1 7 7.35 7.65 7.65 7.65 7.75 7.75 7.65 7.65 6.85 6.85 6.85 7.35 NaN NaN NaN NaN NaN NaN NaN NaN NaN NaN NaN NaN NaN NaN NaN NaN 17.1 6.05 7.6 5.5755853852 1.7384753952 2.6417852127 9.2903557635 5.95 13.0983456956 27.7145671951 12.898142394 6.55 6.45 5.2768182948 5.4714045971 8.49071197 4.3333333333 6.35 9.9615508071 5.2484520197 5 5.1 6.95 6.85 7.05 9.4242242458 6.85 6.75 6.4333333333 4.6954770164 6.85 6.05 7.3513641714 6.05 5.55 6.35 13.21898463 3.8453558739 6.1111111111 4.1111111111 6.35
7.65 7.65 7.65 7.65 7.65 7.65 7 7.35 7.35 7.65 7.65 7.1 7.65 7.65 6.85 6.85 NaN 7.65 7.45 NaN NaN NaN NaN NaN NaN NaN NaN NaN NaN NaN NaN NaN NaN NaN NaN 5.95 7 5.95 6.15 9.42891678 29.747996552 6.05 7.6786681507 6.95 3.2183739396 6.45 6.45 6.75 6.75 7.6666666667 9.3570224301 11.09071197 7.5205792798 15.0094922192 7.8222222222 5 1.1 17.15 6.75 9.2013740557 6.75 6.75 4.5235829038 4.72568603 6.85 6.75 6.05 5.65 5.55 9.2666666667 30.6333333333 5 5.3570224301 2.6666666667 6.35
NaN NaN NaN NaN 7 7.65 7.35 7.35 7.35 7.35 7.35 7.65 7.75 7.65 6.85 6.35 NaN NaN NaN NaN NaN NaN NaN NaN NaN NaN NaN NaN NaN NaN NaN NaN NaN NaN NaN NaN NaN NaN 6.05 6.05 6.75 5.95 5.95 1.2380952381 3 6.45 6.45 7.2108185325 6.75 6.75 5.8084518793 20.6 8.0084518793 12.6134491708 3.2635231517 30.2 7.8 6.75 6.75 6.75 6.75 6.75 6.95 6.75 6.75 6.85 6.75 6.85 5.65 2.1111111111 1.8333333333 5.85 6.35 1.4761904762 3.4761904762
NaN NaN NaN NaN NaN NaN 7.35 7.35 7.35 3 7.35 7.35 7.35 7.55 NaN NaN NaN NaN NaN NaN 5.3 NaN NaN NaN NaN NaN NaN 6.95 6.95 NaN NaN NaN NaN NaN NaN NaN NaN NaN 6.05 6.05 6.75 5.95 5.95 6.15 6.65 7 6.15 6.15 6.15 6.45 7.4969040394 8.49071197 6.6666666667 23.2761904762 10.5777777778 7.05 6.75 3 6.75 6.75 9.8188440482 1.686310514 6.85 6.75 2.59071197 5.8380712638 8.2101516281 7.5716618094 1.4761904762 6.35 6.35 3.9384487607 3.9094922192 1.2777777778 6.85
NaN NaN NaN NaN NaN NaN NaN NaN 7.35 7.35 7.35 7.35 7.35 NaN 7.45 NaN NaN 7.35 NaN 5.2 5.2 NaN NaN NaN NaN NaN 6.95 6.95 6.95 NaN NaN NaN NaN NaN NaN NaN NaN NaN 6.05 9.6555555556 5.95 5.95 6.15 6.15 6.15 6.35 6.15 6.15 5 6.15 15.0166666667 28.7111111111 12.4570224301 5.547996552 14.9681050248 5.4081667897 7.2477647286 7 6.75 6.85 6.85 6.75 6.85 5.2941262079 4.5245006541 6.75 6.75 3.3237619586 3.2777777778 1.2635231517 1.2450715499 6.75 6.15 5.95 6.85
NaN NaN NaN NaN NaN NaN NaN NaN NaN NaN NaN NaN 7.15 7.35 7.05 7.45 5.1 NaN NaN 5.2 5.4 5.5 5.4 7.45 NaN 7.15 6.95 6.75 6.75 6.75 NaN NaN NaN NaN NaN NaN NaN NaN 6.05 13.7555555556 6.05 5.95 6.15 6.15 6.15 6.15 5 6.95 1.1 5.3635231517 3.3726779369 3.8333333333 10.3333333333 30.2666666667 3.6537203881 3.4267895821 5.898142394 1.2108185325 6.85 3 7 9.4710636516 7.25 4.0091218061 12.7375594364 6.75 6.75 3.2694840324 6.35 5.95 5.95 5.95 6.05 6.15 6.1
NaN NaN NaN NaN NaN NaN NaN NaN NaN NaN NaN NaN NaN 6.85 7.15 7.25 5 NaN 5.1 5.1 5.2 5.1 5.6 7.55 10.05 9.8 6.95 6.75 6.75 6.75 6.75 NaN NaN NaN NaN NaN NaN NaN NaN NaN NaN NaN NaN NaN 6.15 6.15 1 7.05 5.1 1.24984391 1.3513641714 3.6666666667 15.1 3.1 4.3333333333 6.75 1.4333333333 7.05 7.55 7.55 6.85 7.05 1.5165163336 6.75 6.75 6.75 6.35 7.3192754236 7.2188440482 6.35 6.35 5.95 6.15 1.2 6.05
NaN NaN NaN NaN NaN NaN NaN NaN NaN 6.95 6.95 7.05 6.85 6.85 7.15 7.15 4.9 5.2 5.1 5.1 5.1 5.2 4.9 5.1 4.65 7.9 6.75 6.75 6.75 6.75 6.75 NaN NaN NaN NaN NaN NaN NaN NaN NaN NaN NaN NaN NaN NaN 7.05 7.6 6.95 1 5.2289342698 6.75 1.6205792798 6.75 6.75 4.3333333333 5.7537203881 6.85 6.85 3.7 7.75 7.65 6.85 1.2564102564 6.75 7.6666666667 1 1.8084518793 1.3901371761 6.35 1.2067245426 6.35 5.6 3 6.05 6.25
NaN NaN NaN NaN NaN NaN NaN NaN NaN 6.95 7.1 7.15 7.15 7.15 7.15 7.15 5 5.1 5 5.3 5.4 5.2 5.2 5.25 4.65 7.9 6.75 7 5.95 5.95 5 NaN NaN NaN NaN NaN NaN NaN NaN NaN NaN NaN NaN NaN 7.05 6.95 5 6.95 1 1.2002805931 6.75 7.05 9.3703703704 1.61898463 6.9333333333 6.85 15.15 7.55 7.55 7.75 1 6.85 1.2242242458 6.75 6.75 6.75 2.6666666667 1.5716618094 6.35 3.2484520197 3 5.6 11.1 6.15 6.15
NaN NaN NaN NaN NaN NaN NaN NaN NaN 7.35 7.35 7.25 7.25 7.35 7.35 5 4.9 4.9 4.1 5.4 5.3 7.8 5.05 4.55 7 6.85 5 5.95 5.95 5.95 NaN NaN NaN NaN NaN NaN NaN NaN NaN NaN NaN NaN NaN NaN 7.05 7.05 7.05 6.95 6.95 7.05 7.05 6.95 7.05 1.5622501134 2.278511354 4.4333333333 6.75 1.4333333333 30.3222222222 7.65 1.1 7.65 6.75 6.75 6.75 6.75 6.3333333333 6.75 6.35 5.9094922192 6.45 3.1 6.35 7.15 3.8
NaN NaN NaN NaN NaN NaN NaN NaN NaN 7.35 7.45 7.35 9.85 7.25 5 5 4.7 5 5.1 5.1 5.45 5.25 4.55 4.65 7.1 5.1 5.95 5.95 5.95 5.95 NaN NaN NaN NaN NaN NaN NaN NaN NaN NaN NaN NaN NaN NaN NaN 1 6.95 7.15 6.95 6.75 6.65 7.05 7.15 1.4703703704 1.8333333333 6.75 7.6666666667 7.65 7.55 7 1 6.2 6.75 1.2108185325 6.75 6.75 6.75 4.3333333333 9.6666666667 6.45 5.8660289775 7.25 6.35 7.25 7.15
NaN NaN NaN NaN NaN NaN NaN NaN NaN 5.4 4.7 5 5 5 1 1 5 5.1 5.25 5.15 5.25 4.65 5.25 5.45 7.1 5.95 6.05 5.85 NaN NaN NaN NaN NaN NaN NaN NaN NaN NaN NaN NaN NaN NaN NaN NaN NaN NaN NaN 6.65 6.85 6.75 6.95 3.1 1.2380952381 1.3703703704 1.8333333333 6.85 6.85 1.3615508071 1.235702243 7.55 7.55 10.2 6.75 6.75 3.2450715499 6.75 6.75 4.3333333333 2.278511354 6.45 6.35 7.15 7.15 7.25 7.15
NaN NaN NaN NaN NaN NaN NaN NaN 5.4 5.5 4.7 4.7 5 5.15 5.15 5.15 5.25 5.15 5.15 5.15 5.15 5.35 5.05 4.85 5.35 5.85 6.05 6.05 NaN NaN NaN NaN NaN NaN NaN NaN NaN NaN NaN NaN NaN NaN NaN NaN NaN NaN NaN NaN NaN 6.95 1 6.75 7.3374901471 1.3681050248 4.4084518793 1 6.75 6.75 6.75 7.55 7.55 30.15 3.6 6.45 6.75 6.75 6.75 6.85 24.2 6.75 7.15 7.15 7.15 3.6 1
NaN NaN NaN NaN NaN NaN NaN NaN 7.65 7.75 7.25 5 7 5.15 5.15 5.15 5.25 5.15 5.15 5.15 5.15 5.15 5.45 4.95 5.25 6.65 6.15 6.15 NaN NaN NaN NaN NaN NaN NaN NaN NaN NaN NaN NaN NaN NaN NaN NaN NaN NaN NaN NaN NaN 6.65 6.75 6.65 1.2635231517 7.65 4.4453558739 12.9333333333 6.178511354 1.4969040394 1.298142394 7.55 7.55 7.65 3 6.45 7.15 7.55 6.95 6.95 2.59071197 4.3333333333 7.6666666667 1.3533326691 1.2450715499 1.1 7.15
NaN NaN NaN NaN NaN NaN NaN NaN 17.75 7.65 7.25 7.25 7.4 7.4 5.25 5.25 5.15 5.15 5.15 5.15 5.15 5.15 5.25 5.15 5.25 3.8 6.15 6.45 NaN NaN NaN NaN NaN NaN NaN NaN NaN NaN NaN NaN NaN NaN NaN NaN NaN NaN NaN NaN NaN 7.2108185325 1.3618913743 7.25 1.5134491708 6.85 1.6666666667 2.0540925512 6.1 6.85 1.3615508071 1.235702243 7.55 7.65 3 6.75 10.15 7.75 7.55 7.65 7.55 7.55 7.55 7.15 7.15 7.25 7.15
NaN NaN NaN NaN NaN NaN NaN NaN 7.65 7.65 7.25 7.4 7.4 7.4 5.25 5.15 5.15 5.15 5.15 5.15 5.15 5.15 4.95 5.45 5.05 3.8 4.2 6.35 6.45 NaN NaN NaN NaN NaN NaN NaN NaN NaN NaN NaN NaN NaN NaN NaN NaN NaN NaN NaN NaN NaN 7.25 7.45 7.25 7.55 7.55 6.75 2.6666666667 6.85 1.4615508071 7.65 7.55 7.65 6.75 3 6.95 9.7 7.55 7.65 7.55 7.55 1 1.8084518793 1.3928371643 7.25 7.15
NaN NaN NaN NaN NaN NaN NaN NaN NaN 7.65 7.5 7.5 6.5 5.25 5.15 5.15 5.15 5.15 5.15 7 5.15 5.15 5.25 5.35 5.25 4.2 4.2 6.35 6.45 NaN NaN NaN NaN NaN NaN NaN NaN NaN NaN NaN NaN NaN NaN NaN NaN NaN NaN NaN NaN NaN NaN 7.45 7.35 7.75 1.9084518793 7.65 6.75 6.75 1.2923526966 7.55 7.65 7.75 7.55 7.65 7.75 7.55 7.75 7.55 7.55 7.55 7.55 3.3570224301 9.85 1.3333333333 1.3345325216
NaN NaN NaN NaN NaN NaN NaN NaN NaN NaN NaN 7.4 7.7 5.25 5.25 5.25 5.15 5.15 5.15 1 5.15 5.15 5.35 5.35 5.45 4.4 4.3 4.2 NaN NaN NaN NaN NaN NaN NaN NaN NaN NaN NaN NaN NaN NaN NaN NaN NaN NaN NaN NaN NaN NaN NaN 8.9590193633 7.45 7.55 7.65 7.55 7.65 6.4635231517 1.3222222222 1 7.65 10.25 7.75 7.65 7.55 7.65 7.55 7.55 7.55 1.3726779369 1.6666666667 7.55 7.65 7.15 7.25
NaN NaN NaN NaN NaN NaN NaN NaN NaN NaN NaN NaN NaN 5.15 5.15 5.15 5.15 5.15 5.15 7 5.15 NaN NaN NaN NaN NaN NaN NaN NaN NaN NaN NaN NaN NaN NaN NaN NaN NaN NaN NaN NaN NaN NaN NaN NaN NaN NaN NaN NaN NaN NaN 1.4969040394 7.55 7.65 7.65 7.55 1.2202728564 1.2021130107 1 7.65 7.85 7.75 7.75 7.65 1 10.15 7.55 7.55 7.55 7.55 6.75 6.75 7.75 7.65 6.35
NaN NaN NaN NaN NaN NaN NaN NaN NaN NaN NaN NaN NaN NaN 5.15 7 5.15 5.15 5.15 5.15 NaN NaN NaN NaN NaN NaN NaN NaN NaN NaN NaN NaN NaN NaN NaN NaN NaN NaN NaN NaN NaN NaN NaN NaN NaN NaN NaN NaN NaN NaN NaN 7.25 7.55 7.55 7.75 7.55 7.55 6.75 6.75 12.65 7.65 7.55 1.1 7.55 27.75 7.65 7.65 7.65 7.55 7.55 7.55 1.61898463 6.85 6.178511354 6.35
NaN NaN NaN NaN NaN NaN NaN NaN NaN NaN NaN NaN NaN NaN 5.15 5.15 5.15 5.15 NaN NaN NaN NaN NaN NaN NaN NaN NaN NaN NaN NaN NaN NaN NaN NaN NaN NaN NaN NaN NaN NaN NaN NaN NaN NaN NaN NaN NaN NaN NaN NaN NaN NaN NaN NaN 7.65 7.65 7.55 7.65 3.6 1 7.75 7.65 1 7.55 7.65 7.55 7.55 7.55 7.65 7.65 1.3758686137 12.75 6.75 1 3.7856743286
NaN NaN NaN NaN NaN NaN NaN NaN NaN NaN NaN NaN NaN NaN 5.15 5.15 5.15 NaN NaN NaN NaN NaN NaN NaN NaN NaN NaN NaN NaN NaN NaN NaN NaN NaN NaN NaN NaN NaN NaN NaN NaN NaN NaN NaN NaN NaN NaN NaN NaN NaN NaN NaN 7.55 7.55 6.75 6.95 1 1.1 1 7.55 6.2 7.55 7.55 7.65 7.55 7.55 7.55 1 7.55 7.55 7.75 7.55 7.65 7.65 8.4570224301
NaN NaN NaN NaN NaN NaN NaN NaN NaN NaN NaN NaN NaN NaN NaN NaN NaN NaN NaN NaN NaN NaN NaN NaN NaN NaN NaN NaN NaN NaN NaN NaN NaN NaN NaN NaN NaN NaN NaN NaN NaN NaN NaN NaN NaN NaN NaN NaN NaN NaN NaN NaN 7.55 7.55 1 6.95 1.1 7.55 1 7.65 7.65 1 1 7.65 7.55 7.55 7.55 7.55 7.55 7.65 7.55 7.55 7.55 1.6666666667 7.55
NaN NaN NaN NaN NaN NaN NaN NaN NaN NaN NaN NaN NaN NaN NaN NaN NaN NaN NaN NaN NaN NaN NaN NaN NaN NaN NaN NaN NaN NaN NaN NaN NaN NaN NaN NaN NaN NaN NaN NaN NaN NaN NaN NaN NaN NaN NaN NaN NaN NaN NaN NaN NaN NaN NaN NaN NaN NaN NaN NaN NaN NaN 7.55 7.75 7.55 7.55 7.55 7.55 10.25 7.55 7.55 7.55 7.55 1.4267895821 4.1084518793
NaN NaN NaN NaN NaN NaN NaN NaN NaN NaN NaN NaN NaN NaN NaN NaN NaN NaN NaN NaN NaN NaN NaN NaN NaN NaN NaN NaN NaN NaN NaN NaN NaN NaN NaN NaN NaN NaN NaN NaN NaN NaN NaN NaN NaN NaN NaN NaN NaN NaN NaN NaN NaN NaN NaN NaN NaN NaN NaN NaN NaN NaN NaN NaN 7.65 7.65 7.55 1.1 7.55 7.55 7.55 7.55 7.55 7.65 7.65
NaN NaN NaN NaN NaN NaN NaN NaN NaN NaN NaN NaN NaN NaN NaN NaN NaN NaN NaN NaN NaN NaN NaN NaN NaN NaN NaN NaN NaN NaN NaN NaN NaN NaN NaN NaN NaN NaN NaN NaN NaN NaN NaN NaN NaN NaN NaN NaN NaN NaN NaN NaN NaN NaN NaN NaN NaN NaN NaN NaN NaN NaN NaN NaN NaN 1 7.75 7.65 7.55 7.55 7.55 7.55 7.65 7.65 7.55
NaN NaN NaN NaN NaN NaN NaN NaN NaN NaN NaN NaN NaN NaN NaN NaN NaN NaN NaN NaN NaN NaN NaN NaN NaN NaN NaN NaN NaN NaN NaN NaN NaN NaN NaN NaN NaN NaN NaN NaN NaN NaN NaN NaN NaN NaN NaN NaN NaN NaN NaN NaN NaN NaN NaN NaN NaN NaN NaN NaN NaN NaN NaN NaN NaN 7.75 7.55 7.55 8.7 7.55 7.55 7.55 7.65 7.65 3.8768182948
NaN NaN NaN NaN NaN NaN NaN NaN NaN NaN NaN NaN NaN NaN NaN NaN NaN NaN NaN NaN NaN NaN NaN NaN NaN NaN NaN NaN NaN NaN NaN NaN NaN NaN NaN NaN NaN NaN NaN NaN NaN NaN NaN NaN NaN NaN NaN NaN NaN NaN NaN NaN NaN NaN NaN NaN NaN NaN NaN NaN NaN NaN NaN NaN 7.65 7.55 7.55 7.55 7.55 12.65 7.65 7.65 7.65 7.55 10.15
