Outfile_2.asc
NCOLS 201
NROWS 151
XLLCORNER 730592.938286
YLLCORNER 2561222.529137
CELLSIZE 145.176046
NODATA_VALUE NaN
[rows 66 to 98 of 151, columns 74 to 147 of 201]
NaN NaN NaN NaN NaN NaN NaN NaN NaN NaN NaN NaN NaN NaN NaN NaN NaN NaN NaN NaN NaN NaN NaN NaN NaN NaN NaN 6.45 10.049076262 6.0006636589 5.6553296488 22.6346975047 3.5400621611 2.5002212362 NaN NaN NaN NaN NaN 9.2374258846 10.8634491708 6.2723216919 3.4611111111 9.8084518793 2.5166666667 5.1055555556 5.0714045971 7.1042261031 15.3615508071 12.2953558739 30.2833333333 6.6 9.8040925512 10.0166666667 30.1166666667 11.3666666667 20.0166666667 7.05 6.9 11.0166666667 6.95 8.7861506991 7.05 6.8 6.95 7 7 6.95 13.8333333333 22.9166666667 30.1666666667 16.3388888889 8.1149362158 21.8848730697
NaN NaN NaN NaN NaN NaN NaN NaN NaN NaN NaN NaN NaN NaN NaN NaN NaN NaN NaN NaN NaN NaN NaN NaN NaN NaN 2.8705792798 6.25 13.4990906338 5.8261588859 15.5289342698 6.55 6.6 NaN NaN NaN 8.7 8.8 18.7340685946 4.6876160094 5.1374258846 6.2994767825 1.2 12.3833333333 10.7333333333 12.1666666667 10.0040925512 5.8453558739 11.4705792798 6.4227786529 6.7 30.1919346658 30.4227786529 7.4401371761 11.1203703704 21.0203703704 6.6703703704 8.2203703704 7.05 6.9 7.05 7.75 6.9 7 6.9 6.9 7 6.85 6.95 7.65 7.25 7.7 30.1714285714 6.9
NaN NaN NaN NaN NaN NaN NaN NaN NaN NaN NaN NaN NaN NaN NaN NaN NaN NaN NaN NaN NaN NaN NaN NaN NaN 4.6769562388 7.7440446391 NaN NaN NaN 6.2 6.45 NaN NaN NaN NaN 6.15 7.25 7.4 15.4359420902 6.3237387429 4.1802830782 4.7166666667 2.0833333333 5.2540925512 5.7666666667 20.3333333333 2 12.9954770164 17.9223216919 9.65460281 12.1648090607 7.8283329622 13.8905960329 12.3380952381 30.1380952381 4.4380952381 6.75 7.55 7.1880952381 7.05 6.95 6.95 7.05 6.9 6.95 6.9 6.9 6.75 7.05 7.05 9.1261904762 7.25 8.6421691488
NaN NaN NaN NaN NaN NaN NaN NaN NaN NaN NaN NaN NaN NaN NaN NaN NaN NaN NaN NaN NaN NaN NaN NaN 12.8078685395 6.95 21.7226526899 3.0730769231 5.95 NaN NaN NaN NaN NaN NaN 6.2 12.125 30.135446344 8.4813839675 2.30559494 5.5858309864 3.698142394 5.3333333333 6.3703703704 11.6634491708 14.7261904762 17.7216618094 6.6 29.0554744498 6.65 7.45 14.0881572756 12.5782174738 30.1252416018 23.2135735976 7.4 7.75 7.6 6.8 8.15 7 6.9 6.85 6.85 7 7 7 6.8 8.15 7 7.7194840324 7.05 6.0533108961 6.3952247076
NaN NaN NaN NaN NaN NaN NaN NaN NaN NaN NaN NaN NaN NaN NaN NaN NaN NaN NaN NaN NaN NaN NaN 6.6899385949 30.0758255781 6.65 8.5851191813 30.138878435 6.1 2.473998276 6.15 NaN NaN NaN NaN 6.1 6.15 24.0181192171 4.85 6.1115508071 3.4893193566 5.9108185325 10.2242242458 10.3893193566 8.3564102564 8.05 7.45 5.65 5.65 5.7 5.3 25.4740453033 18.4047379305 16.9013189489 9.0705792798 12.4615508071 13.6768182948 7.7345325216 7.25 12.4 6.9 7.85 9.9 7.4 8.6 6.8 7.05 6.9 10.55 16.05 9.45 8.5 4.5722222222 6.1336139264
NaN NaN NaN NaN NaN NaN NaN NaN NaN NaN NaN NaN NaN NaN NaN NaN NaN NaN NaN NaN NaN NaN 6.4 6.3 6.5353044011 7.2397412037 15.8146632187 5.95 6.9795713869 6.1 9.95 5.95 NaN NaN 6.2 12.9038357466 5.9 5.1 4.9 4.9 5.05 5.15 4.95 5.95 8.84984391 6 6.2 5.6 30.046856485 4.55 4.65 12.202378304 7.8041611408 4.8635231517 6.3 6.1 7.6 6.95 7.65 7.2547650464 8.55 7.95 7.4 9.5 7.55 6.75 6.6 6.85 7 4.8 3.35 7.9 3.5647188482 2.7594922192
NaN NaN NaN NaN NaN NaN NaN NaN NaN NaN NaN NaN NaN NaN NaN NaN NaN NaN NaN NaN 4.8 6.5 6.75 24.6168015807 6.45 6.35 6.2 6 6.4 6.2 9.7 NaN NaN 6.15 22.7587251934 6.05 21.7833333333 5.25 5 5.1 6.1770461645 18.3666666667 5.2 5.95 5.95 6.25 5.8 15.35 6.05 20.5518449158 27.606919727 16.9282174738 5.0830646666 3.4806741015 15.3570224301 6.55 6.4 7.45 7.45 7.95 12.3 7.85 8.65 8.25 7.7 7 6.65 6.6 6.8 4.8 6.9 5.05 3.35 2.6277777778
NaN NaN NaN NaN NaN NaN NaN NaN NaN NaN NaN NaN NaN NaN NaN NaN NaN 6.55 8.15 4.5 7.75 6.55 6.85 6.6 9.6724739802 14.6955834467 8.0084518793 26.9559224131 6.35 12.6212869664 NaN 6.25 6.2 16.8863806577 6.5 11.1705792798 6.15 6.3 6.3 6.1 5.9 5.75 6.15 6.05 6 30.1928371643 5.8 6.1 6.25 18.6014076045 16.9994767825 12.3690355763 6.117051395 5.9622501134 26.3453558739 16.7666666667 22.3833333333 7.35 8.55 7.7 10.25 8.05 7.7703703704 7.65 7.1 7.1 7.1 8.2222222222 7 9.85 5.95 5.6 4.2 8.8777777778
NaN NaN NaN NaN NaN NaN NaN NaN 6.75 4.75 NaN NaN NaN NaN NaN 3 4.55 5.9 12.75 6.4 5.95 15.0242242458 6.85 5.6928371643 6.6617382165 6.5 15.5801158374 30.2060112703 5.45 5.7 6.5 6.25 6 6.2 6.2 6.2 6.1 7.170674489 5.95 6.2 6.1 5.95 6.15 6 5.95 20.2166666667 6.15 6.1 10.903428636 8.8542261031 9.3745006541 10.25 28.0453558739 8 24.0874920661 7.1216618094 19.6111111111 8.7 30.21898463 7.6 7.95 9.45 10.75 18.3333333333 7.5 7.8 7.35 10.1 8.4 5 4.55 6.7 4.05 5.9777777778
NaN NaN NaN NaN 7.05 4.85 4.95 5.1 12.7 5.4 14.7 4.65 4.3 6.8 6.95 6.35 6.2 14 6.15 20.7 18.2742242458 13.5946277864 30.0267895821 6.6 14.4570224301 30.1161434492 29.2413293538 5.8 6.3891639897 9.3160740412 6.05 16.8167993852 5.95 6.35 11.9485927876 6.05 28.769983854 11.0545637691 6.6121827039 6.5 6.7 6.6 6.45 17.6666666667 6.3 6.05 13.2453558739 21.1267895821 18.0446277864 30.3714045971 4.54071197 22.4333333333 8.5716618094 8.5692754236 10.5602895721 30.4226779369 11.5833333333 13.3 20.0584518793 13.1181050248 7.45 7.15 7.35 8.75 7.65 7.6 2.9833333333 10.7222222222 7.65 10.65 13.2 4.65 4.5 5.4277777778
NaN NaN 6.8 4.7 5.25 4.1 3.85 3.95 4.4 27.9 4.45 5.3 6.5 6 5.7 6.25 8 5.85 6.25 9.0742242458 6 11.6767895821 6.55 20.2833333333 11.39071197 9.2166666667 30.4767895821 4.4723216919 6.15 10.1499159511 6.1161994504 8.5135735976 7.5664737863 6.4892557464 6.7928371643 5.7 6.2 12.7147188482 12.2828101159 7.0194840324 7 6.3 21.003030303 6.3 6.35 11.24071197 6.2 26.2856743286 18.5267895821 12.4055555556 18.4333333333 13.44071197 7.4214045971 30.0268182948 14.2242242458 6.3333333333 7.0166666667 8.1833333333 13.2540925512 22.1634491708 7.95 7.65 7.35 7.65 7.95 15.4453558739 6.7615508071 7.75 12.95 6.3 8.15 6.05 3.05 7.5277777778
6.75 4.9 12.25 7.9 13.3 4 6.05 4.2 4.55 4.6 4.7 6.75 6.55 5.9 6.2 18.65 9 6 18.763394791 5.95 6.05 14.5356743286 6.45 14.54071197 8.1892557464 9.1428371643 30.2425555291 15.8249319761 6.6127204931 26.4740453033 6.6578339874 4.9287267571 7.5740079158 30.2115508071 6.45 6.3 6.1 6.2 11.7 4.6 6.7 6.5 7.964274771 7.9768182948 6.35 13.3392557464 4.24071197 10.6333333333 9.2359549217 30.4456009364 6.1 11.1487248999 6.3542261031 9.153428636 4.5108185325 6.303030303 9.0055555556 9.1166666667 8.5666666667 13.0761904762 7.15 21.6289342698 8.85 10.3166666667 10.75 20.5833333333 9.65 7.7 9 11.25 10.05 5.85 5.6 12.9768182948
4.6 4.85 4.05 4 3.95 4.3 4.15 4.4 4.4 4.45 4.25 6.75 6.8 6.4 6.05 6.65 6.05 6.05 6.45 5.95 30.3453558739 6.45 8.628511354 6.9205792798 5.8615508071 8.1446277864 23.2315546285 13.8590193633 6.7539264695 6.1111149814 4.7967854397 6.1 6.05 6.35 6.3 5.65 5.55 5.25 21.4289342698 25.1567245426 12.25 30.5 6.5 6.45 6.55 15.0115508071 6.3 20.0287919471 6.05 30.2129494148 11 12.4904286252 6.3491289 7.4828101159 11.35 5.3268182948 6.3214045971 8.6869026671 19.5889883586 15.7506271054 19.9638488355 7.25 7.25 9.85 30.3050633642 11 8.7 6.2880952381 7.6 8.65 11.6 6.95 7 5.7064102564
3.9 3.95 3.85 4.5 4.5 4.3 4.35 4.15 4.3 4.5 4.4 6.55 6.65 6.15 6.6 20.1 6.2 6.65 30.398142394 6.45 7.7666666667 19.84071197 8.1892557464 2.2884487607 9.8135735976 12.1267895821 4.7856743286 20.1784048832 27.7740453033 5.9301158374 5.5653372142 7.5397640738 5.2073155329 5.3 6.05 6.1 17.0714045971 5.9 6.15 6 21.7961517174 20.3693279424 20.9598388924 8.9892203723 11.0064102564 6.7118913743 5.95 6.1 16.4169601147 15.2892557464 24.2903557635 27.2242996679 5.9128248883 12.3666087768 11.1 15.0556550252 10.8085207206 6.5417852127 12.1134491708 6.35 22.5883691019 6.45 7.75 9.5524976531 8.1 8.35 7.3681350989 4.6703703704 8.9 9.7 9.1 7.6 8.8901371761 9.6144313952
3.9 3.9 4.5 4.3 4.65 4.7 4.15 7.45 4.4 4.75 4.45 6.6 6.75 5.9 6.5 6.4 6.55 6.55 6.75 6.4 6.5 30.1833333333 6.3428371643 7.3635735976 6.65 6.45 19.9070224301 11.2205455818 6.6 11.9120225406 30.006466985 17.3245602819 6.95 6.3 6.4 6.3 6.3 6.4 6.45 6.05 8.1434849615 30.2415013475 5.6 6.25 6.25 5.85 6.25 6.35 5.95 6 7.55 11.1707592179 14.9047379305 9.199404584 6.5087567673 6.8040382048 12.6028909085 14.0159705015 25.4917852127 6.55 6.45 6.45 9.3690047263 9.5595038309 20.2813298853 30.2455834467 18.0248334564 10.85 3.8666666667 10.4666666667 11.75 6.4166666667 4.4274851991 4.6814757273
4.55 4.75 4.35 4.35 4.3 4.35 4.2 4.35 4.55 4.7 4.2 6.95 6.9 6.6 6.05 6 22.7 6.9 6.65 6.8 12.45 5.5 5.75 6.15 6.8 16.3570224301 9.29071197 6.95 6.9475950733 19.2073786367 25.8573786367 24.7880712638 17.9934849615 17.1666666667 13.1166666667 30.0666666667 6.9 6.55 11.4070224301 27.2235829038 6.4 6.05 6.35 6.4 11.7181192171 9.9229948341 5.9 8.5434562487 5.95 6.0872459465 7.4951780206 4.4205792798 15.7782210422 20.5890396954 7.4682213103 7.393952253 7.1351191813 9.5035521076 18.9903557635 27.5084518793 6.55 10.3073786367 26.6286892072 20.7813298853 27.1403557635 7.2917852127 4.4681050248 5.8874901471 10.05 7.75 7.4 9.95 11.8222222222 25.5166666667
4.4 4.7 4.5 4.45 4.25 4.4 4.3 4.55 4.35 4.5 4.55 6.8 6.5 23.2 8.45 7 6.15 6.2 6.25 6.45 21.135446344 8.1616480027 6.95 6.95 6.85 10.04071197 8.0892557464 6.75 13.7782174738 13.6881572756 29.0437128312 6.95 6.9 6.65 6.7 6.85 6.85 21.3084518793 6.55 22.6223216919 7 6.75 18.9740453033 5.6 5.6 5.75 6.45 6.25 30.0666666667 6.25 6 6.3 30.0166666667 12.6509114294 6.4458674673 7.2 6.6993623108 6.4 30.1313298853 13.5955834467 21.8802373727 7.3040925512 13.6411673208 11.3955834467 5.7417852127 4.2225890798 6.35 7.7956009364 7.0166666667 6.8666666667 3.9666666667 11.0666666667 7.75 11.1
4.4 4.45 4.35 4.55 4.25 4.65 4.55 4.35 4.1 4.1 4.5 4.5 4.25 6.15 6.25 9.05 15.1 6.8 6.85 30.2178658549 30.0681192171 7.4207704779 17.2905296316 7 9.5792657005 6.95 7.05 6.65 5.169104196 30.1522349452 6.8 6.7 6.85 6.9 6.95 7.1 6.9 9.7226779369 6.75 11.4590005921 6.85 11.0254153933 6.1 6.15 6.3 6.2 6.15 6.1 30.3166666667 7.05 30.0551154274 9.0742996679 5.4444323581 14.9838120122 10.5475304232 10.9737619586 6.241134965 25.493075142 25.5684525146 30.0958969948 23.75 2.2634491708 6.8393446036 5.7785371601 3.5384753952 7.7088191311 6.1 7.1 5.5833333333 7.9333333333 8.3 6.8333333333 9.4333333333 8.95
4.45 4.2 4.2 4.55 4.2 4.5 4.45 4.3 4.35 4.25 4.05 4.2 4.25 5.95 6.65 6.35 6.2 6.8 6.5 6.65 12.2455834467 16.726507906 3.7428371643 10.026286502 9.1637572938 11.3835203106 7.05 7.2 11.6203703704 17.640057876 7 7.05 6.8 3.9268182948 6.7 6.95 13.6064102564 10.5064102564 6.9 7 7.6 7.25 6.85 16.9843572659 6.75 6.95 6.9 4.111450055 5.65 12.0807843887 5.9598879263 14.9321701562 16.5483456956 30.1691643198 12.8487248999 7.9134491708 23.103030303 11.0761904762 9.0745942812 5.7132241218 12.8161434492 8.1889883586 6.2140561799 6.8957042423 5.9755853852 7.0170295079 2.2377707402 13.3222222222 5.2722222222 10.8222222222 13.2222222222 11.55 8.55 8.55
5.05 3.9 3.75 4.2 4.55 4.45 4.35 3.6 4.15 4.6 4.25 4.25 3.6 6.2 6.55 6.2 6.2 10.3268182948 7 7.15 17.2869632333 8.6570224301 8.976507906 26.4064484313 13.1185658488 30.4302373727 7.45 6.8 6.9 6.95 10.2768601941 6.5 16.9237387429 5.7246415108 8.4761904762 6.6761904762 13.2166666667 7 10.0166666667 5.1419755892 5.4416625669 6.9 30.1738672278 6.65 6.7 2.785446344 6.85 13.7827011897 9.8434982679 4.6923526966 7.0723216919 30.1850892186 5.9 21.8893298864 16.85209398 9.5273168347 21.8630813152 5.25 6 7.9611111111 5.7333333333 15.4333333333 5.0055555556 22.503030303 3.2222222222 8 6.1 8 4.05 7 10.45 7.05 9.75 8.5
9.9 5.9 5.9 4.75 4.8 4.1 3.7 3.5 3.7 3.85 3.65 3.8 3.8 6.3 6.55 24.9047650464 6.2 6.9 7 7.2 6.95 6.65 18.7103794978 20.0740453033 11.3411673208 11.1653372142 25.2118805153 30.06898463 9.2422194537 6.95 18.3770461645 9.9802373727 6.55 30.1869026671 6.5 6.0611111111 6.8 7.05 7 6.95 6.9 14.6944444444 30.35 6.95 19.0363636364 6.0083333333 7 6.9 16.7032244134 2.8376880965 6.7 7.05 6.2 6.5 18.8384487607 6.2265569041 21.9638991347 5.5239552048 6.2666666667 5.0611111111 3.0111111111 5.2570224301 4.047996552 6.35 16.2217300308 6.1 8.05 6.85 14.8567245426 29.6484520197 8.6081667897 4.0134491708 8.8906649427 7.65
NaN 5.35 5.95 30.1 5.95 5.7 27.3 5.65 5.6 5.55 4.55 4.45 5.05 4.75 6.15 6.25 6.3 7.05 7.05 10.5768182948 21.997178591 10.2348537679 14.113570706 16.1040925512 10.5641856825 18.6971596063 10.74984391 6.55 11.6184525146 27.4813298853 30.4740453033 6.65 10.9134491708 18.5889883586 7.1 19.4070224301 18.0333333333 30.1833333333 12.3333333333 30.4059860233 5.9644437802 6.8 6.25 6.6 6.25 6.9 6.7 6.9 6.8 8.2315230842 11.2032244134 9.7194011491 16.0805354371 9.2338046346 10.4299677164 10.925118546 10.3476254443 7.8856826954 18.5313855149 5.0111111111 5.6111111111 8.6166666667 7 12.7777777778 6.15 2.8564102564 6.25 6.0564102564 8.25 7.75 5.9214045971 8.25 8.246961025 16.1937398861
NaN NaN 4.6 5.5 5.95 5.75 9.8 5.8 5.7 5.85 5.35 5.55 6.05 10.2 7.05 6.25 6.4 26.49071197 7.85 10.2853191866 15.366476147 30.0098811283 6.5578339874 6.75 8.7591218061 7.05 30.0350406063 10.1266136648 12.5458969948 6.65 16.7620225406 11.5236890968 10.3893446036 6.1 6.6794273899 8.497996552 4.6555555556 6.2 10.2555555556 20.3802830782 6.6 6.4 6.4085392229 12.3839733804 6.6 25.6615508071 12.4329332032 4.8593499059 11.7990013082 7.15 7.1 15.7977344001 10.9603794978 10.9181050248 8.1917852127 21.0570224301 7.2621722674 25.5578695051 17.6383966975 14.1111111111 9.6111111111 9.0666666667 4.9261904762 11.4901371761 8.25 6.95 6.25 7.05 7.95 6.95 9.45 6.9 11.09071197 17.8589232249
NaN NaN NaN 5.6 28.8 30.5 5.9 5.9 5.95 7.55 11.55 14.45 16.35 10.6 7.25 6.75 6.75 6.85 6.65 14.1122501134 6.95 7 7.05 9.8223216919 8.7760343862 6.9 6.65 10.0542261031 19.0511991882 5.95 5.75 6.2 13.1501731634 18.3440446391 11.7934119078 8.7084518793 12.0666666667 4.8469040394 6.7401371761 30.0594922192 11.9694840324 6.5 6.8 14.1766010238 7 6.85 14.6471540342 6.9373355562 6.5176752738 7.2617989856 9.3 12.2707592179 5.2802373727 7.4248334564 6.5678056689 13.388708522 8.0934562487 10.8548156164 9.5229948341 6.2111111111 6.8 6.8 6.65 6.75 4.4611111111 3.5111111111 8.1111111111 9.3611111111 7.75 7.2 7.3 6.95 6.8 4.6115508071
NaN NaN NaN 5.3 4.9 6.05 6 6 6 5.8 10.5 8.2 18.6 7.55 6.7 6.7 6.75 6.85 6.5 6.8 7 6.85 6.4 10.5040925512 13.4134491708 15.2768182948 11.7258686137 7.2533326691 11.2705834467 6.2 6.15 6.2666666667 9.7777777778 21.2333333333 30.4897435897 6.1 6.1 6.7 19.8584518793 10.737864697 27.735208726 17.0651472445 6.75 12.1800971077 13.603030303 30.248142394 13.3768182948 6.9 7 6.9 30.0060112703 6.8719010501 7.05 7.9335203106 4.3074638207 5.6971417218 6.7258686137 5.028316797 3.6733912093 23.3158761576 9.8084518793 6.05 9.0333333333 5.9 7.0166666667 9.2666666667 7.1666666667 5.5166666667 11.2166666667 30.1166666667 16.5245006541 6.95 6.9 6.7
8.1 NaN NaN NaN 5.6 5.7 NaN 5.6 7.1 11.75 8.6 11.3 10.5 9.9 15.8078685395 8.15 6.9 10.9770461645 5.2884487607 6.65 6.85 6.95 6.55 6.75 6.6615508071 15.1946277864 22.0767895821 12.71898463 17.628511354 6.55 18.3041587328 6.9 5.95 9.3795231453 11.7448749122 6 30.1333333333 8.3666666667 4.1567245426 16.5934849615 7.7311298163 5.85 6 7.2 8.1 7.8 29.2897785367 24.122521847 8.6 6.95 2.6735829038 6.85 7.75 16.9289342698 6.8116052299 13.6849737791 11.1617382165 10.97568603 3.7148090607 6.25 6.1 6.2 6.1 2.6555555556 1.6770461645 6 6.6 11.0761904762 11.0261904762 10.4761904762 4.8876880965 8.9135735976 13.8811250567 16.15
8.15 8.15 8.35 NaN NaN 5.55 5.5 5.4 9.35 7.6 11.2 10 22.2242242458 8.55 8.65 7.55 6.95 NaN 6.1847858837 6.4 6.35 6.4 18.6833333333 14.6537203881 9.3816790289 8.9767895821 10.5856743286 17.2833333333 27.9333333333 7.05 6.9 6.9 6.75 6.7 5.5062672167 6.85 6.7 6 7.6 6.5 5.8 4.0207592179 6.45 17.9026087569 9.2 30.0850406063 30.0853397564 7.15 7.1 22.2705960277 3.8343272963 2.3374920661 3.0564102564 16.3 6.7564102564 4.2885891958 13.3917852127 21.3302373727 6.5437128312 6.75 6.85 3.9358404189 4.953030303 3.353030303 4.298142394 5.6777777778 6.8777777778 15.5777777778 5.8777777778 4.9277777778 5.8194840324 16.9311250567 21.9328101159 17.9160289775
8.2 13.75 8.4 7.8 NaN NaN NaN 10 9.8 7.9 7.75 NaN 24.3058900823 8.95 7.9 8.5 7.2 7.15 7.2 9.7768182948 12.5013641714 16.8666666667 7.85 13.11056489 11.1511704976 7.86898463 23.0570224301 29.8166666667 7.85 7 6.85 7.05 6.3727487108 7.5175430751 3.1742242458 9.6393193566 6.75 6.15 6.9 6.9 16.5125444306 10.8070224301 15.7591076631 6.4 8.0828411419 10.0117382165 30.2060112703 12.6736890968 10.5453558739 9.3719010501 7.2615754658 5.0502554047 14.7722222222 6.75 5.6757618163 3.1477602346 6.6 13.5411673208 15.0618446873 6.8356117652 4.7208927697 5.4169517877 6.4222222222 6.0222222222 5.8202728564 7.0583333333 8.1583333333 18.7083333333 8.9583333333 17.6683739396 16.9450715499 5.8258686137 20.9692754236 12.9226779369
8 8.15 7.95 8 10.45 9.05 10 NaN NaN NaN NaN NaN 7.7 5.7393446036 6.9 23.102378304 7.1 6.8 29.9187796773 6.85 6.9 10.3469040394 9.5752444916 19.2918083139 10.6922860495 11.6165805837 15.9812466759 6.5166666667 7.1 6.85 6.85 7.7 7.15 6.9 7.1 6.75 6.1 6.15 6.2 6.1 6.7 30.238708522 14.4595038309 6.15 6.55 7.5318455014 6.6301158374 8.0826039052 11.1573786367 8.9683086365 6.55 9.0909187831 30.1252543046 7.623998276 5.1347858837 7.3963442264 18.7980057157 9.9601749826 30.1578339874 8.3523409952 10.1370412155 19.0921966066 6.4880952381 10.7380952381 6.6380952381 6.7880952381 10.0950715499 6.7 12.2758686137 7.05 5.3226779369 17.5578685395 8.7216618094 21.7584518793
8.35 9.55 13.9 10.35 8 7.5 8.25 11.15 7.85 8.5 10.9 8.45 NaN NaN 7.3 6.9 NaN NaN 6.8 6.7 30.0134491708 13.8415219852 6.95 12.2122501134 16.8340669095 7.9267895821 19.571505315 14.4197773382 6.7 6.65 7.25 7.25 6.9 8.1 30.35 30.35 6.35 6.75 6.35 6.85 5.8574638207 6.7 26.7993623108 5.55 6.5 5.8 4.5095238095 18.463570706 10.9555575185 5.8194193466 13.6088191311 7.2723311278 5.3248334564 28.2424010611 6.4761904762 7.7001096867 8.5814757273 30.0325157082 30.25 10.0047379305 6.0171695589 8.22568603 18.3333292142 5.95 6.2 30.1203703704 9.8226779369 12.4666666667 22.8078685395 13.6216618094 9.2453558739 9.678511354 13.7833333333 30.15
8.95 11.55 12.4 8.5 9.3 11.5 8.75 15 8.45 15.25 14.8 11.65 23.8797141553 9.95 30.2302373727 NaN NaN 6.7 4.6 13.6570224301 6.8 8.2541568138 22.0847716914 30.3869632333 27.5666666667 13.6282210422 9.303083626 12.9698724248 9.7222222222 6.8 6.85 7 6.65 7.55 16 6.85 5.95 6 7.1 7.9 7.65 7.7 6.95 19.2111111111 5.5 4.6923526966 11.7919755892 9.7090193633 9.2092535051 3.9560112703 6.95 13.5829525334 6.7 20.5132972377 13.8687796773 7.5214285714 6.9833333333 22.5736890968 6.2 30.0740453033 10.2286892072 12.1282174738 5.9 10.8833333333 9.2333333333 11.9333333333 5.7333333333 9.4611111111 10.478511354 22.1833333333 8.4 9.2070224301 12.5540925512 15.6666666667
8.15 7.55 26.7 9.2 19.95 14.95 30.1 8.95 8.2 8.7 7.05 7.85 7.05 8.1450715499 8.95 NaN NaN 6.75 4.8 4.65 4.65 7.05 11.8884487607 19.1225890798 8.9078339874 24.5674833192 9.4230658168 7.9004210912 6.65 6.75 6.7 6.9 7.45 7.15 6.85 6.9 6.85 6.9 7.1 7.6 11.9094922192 6.9 22.9333333333 30.6540925512 13.0214045971 NaN 3.897996552 11.5117874766 12.5389883586 6.6967825041 22.1917852127 14.5903557635 9.3146632187 7.0684525146 6.3690387257 16.1987248999 4.4648090607 6.85 27.3411673208 6.8 24.5540925512 6.3134491708 7.3389883586 6.9333333333 18.3833333333 12.2333333333 9.8333333333 10.6666666667 6.5166666667 9.3040925512 8.8453558739 11.347996552 10.0134491708 8.4
8.3 11.35 9.65 8.15 10.7 10.9 7.5 9.25 6.7 12.9261904762 14.4261904762 19.247996552 30.1666666667 11.8833333333 7.75 NaN 4.4 4.4 4.55 4.95 4.25 7.6169472598 10.3785580409 20.5074333907 19.8326204837 10.6104794146 14.0928362784 8.55 7 NaN 6.85 6.75 7.05 6.85 7.1 7.25 6.85 6.95 13.05 7 27.9513641714 9.3166666667 15.95 5.85 NaN 7.6660289775 19.9928371643 10.947996552 8.4383656714 6.9888888889 4.6455834467 3.647996552 5.1595038309 25.8422194537 7.15 30.3042261031 30.2241510037 6.8117159916 13.4768983415 19.3494484251 30.25 4.1393446036 6.85 8.2555555556 8.1555555556 3.5555555556 6.4055555556 24.2270461645 8.8761904762 6.8634491708 12.7115508071 16.6594922192 7.4660289775 16.3828101159
