Outfile_3.asc
NCOLS 201
NROWS 151
XLLCORNER 730592.938286
YLLCORNER 2561222.529137
CELLSIZE 145.176046
NODATA_VALUE NaN
[rows 34 to 67 of 151, columns 0 to 75 of 201]
NaN NaN NaN NaN NaN NaN NaN NaN NaN NaN NaN NaN NaN NaN NaN NaN NaN NaN NaN NaN NaN NaN NaN NaN NaN NaN NaN NaN NaN NaN NaN NaN NaN NaN NaN NaN NaN NaN NaN NaN NaN NaN NaN 6.85 6.85 6.85 6.85 6.65 6.35 6.35 6.35 6.35 5.95 6.25 6.65 6.65 6.65 6.65 6.65 6.25 6.25 5.5270461645 6.178511354 1 12.3333333333 12.3333333333 8.5517072729 6.45 6.45 6.45 6.25 6.25 6.25 5.2222222222 5.85 5.65
NaN NaN NaN NaN NaN NaN NaN NaN NaN NaN NaN NaN NaN NaN NaN NaN NaN NaN NaN NaN NaN NaN NaN NaN NaN NaN NaN NaN NaN NaN NaN NaN NaN NaN NaN NaN NaN NaN NaN NaN NaN NaN NaN 6.85 4 6.85 4 1 1 1 6.35 6.35 5.95 6.25 6.65 6.65 6.65 9.1 6.25 5.214274771 6.25 6.25 9.5205792798 10.0540925512 6.45 6.45 6.45 6.45 6.45 6.45 7.5827842464 4.547996552 7.3017858479 9.2217300308 5.85 5.65
NaN NaN NaN NaN NaN NaN NaN NaN NaN NaN NaN NaN NaN NaN NaN NaN NaN NaN NaN NaN NaN NaN NaN NaN NaN NaN NaN NaN NaN NaN NaN NaN NaN NaN NaN NaN NaN NaN NaN NaN NaN NaN NaN 5 5 4 4 1 1 6.55 6.55 6.65 6.65 6.25 6.65 6.65 6.65 9 9 5 6.25 6.25 6.25 5.4134491708 6.25 6.45 4.3384487607 4.3726779369 6.45 4.3333333333 6.85 6.65 5.2660289775 7.15 6.85 6.05
NaN NaN NaN NaN NaN NaN NaN NaN NaN NaN NaN NaN NaN NaN NaN NaN NaN NaN NaN NaN NaN NaN NaN NaN NaN NaN NaN NaN NaN NaN NaN NaN NaN NaN NaN NaN NaN NaN NaN NaN NaN NaN NaN 4 6.65 1 6.85 1 1 1 6.85 6.85 6.65 6.65 6.25 9 6.7 4 6.25 5 6.25 4 4.2328101159 6.25 5.2556550252 6.25 6.45 6.45 6.45 6.85 6.85 6.85 6.85 7.15 4 6.85
NaN NaN NaN NaN NaN NaN NaN NaN NaN NaN NaN NaN NaN NaN NaN NaN NaN NaN NaN NaN NaN NaN NaN NaN NaN NaN NaN NaN NaN NaN NaN NaN NaN NaN NaN NaN NaN NaN NaN NaN NaN NaN NaN NaN 4 4 1 6.65 6.65 6.65 6.65 6.85 6.85 6.9 6.65 4.05 9.25 9.1 4.05 4 4 4 5 1 1 6.25 6.45 4.7453558739 6.85 1.8084518793 7.4134491708 6.85 6.65 6.65 7.15 6.85
NaN NaN NaN NaN NaN NaN NaN NaN NaN NaN NaN NaN NaN NaN NaN NaN NaN NaN NaN NaN NaN NaN NaN NaN NaN NaN NaN NaN NaN NaN NaN NaN NaN NaN NaN NaN NaN NaN NaN NaN NaN NaN 6.05 6.05 6.05 6.05 1 7 1 6.65 6.65 6.65 6.65 7 9 6.85 4.05 9.1 9 6.45 6.45 1 1 1 4 6.15 6.15 5.75 5.75 6.35 6.35 6.65 9.2618913743 6.65 6.85 6.85
NaN NaN NaN NaN NaN NaN NaN NaN NaN NaN NaN NaN NaN NaN NaN NaN NaN NaN NaN NaN NaN NaN NaN NaN NaN NaN NaN NaN NaN NaN NaN NaN NaN NaN NaN NaN NaN NaN NaN NaN 1 4 4 1 4 6.05 7 6.65 6.65 1 6.65 6.65 6.65 6.65 4.05 7 1 6.45 6.5 1 1 6.25 4 9 5.85 6.15 5.95 5.55 5.55 5.55 6.35 6.35 6.35 9.2768182948 4.214274771 6.85
NaN NaN NaN NaN NaN NaN NaN NaN NaN NaN NaN NaN NaN NaN NaN NaN NaN NaN NaN NaN NaN NaN NaN NaN NaN NaN NaN NaN NaN NaN NaN NaN NaN NaN NaN NaN NaN NaN NaN 7 4 5.95 4 4 5 5.95 1 5.95 7 6.55 6.55 4 7.05 5 7.05 6.65 6.65 4 1 1 4 4 5.65 5.65 5.7 5.65 5.55 5.55 5.55 9.7856743286 6.35 6.35 9.5205792798 6.55 6.25 6.25
NaN NaN NaN NaN NaN NaN NaN NaN NaN NaN NaN NaN NaN NaN NaN NaN NaN NaN NaN NaN NaN NaN NaN NaN NaN NaN NaN NaN NaN NaN NaN NaN NaN NaN NaN NaN NaN NaN NaN 6.45 5.95 4 5.95 5.95 4 4 5.95 5.95 5.95 5.95 5.95 6.55 4 6.95 6.95 6.95 7.05 1 4 5.65 4 4 5.65 5.65 7.05 9 5.55 5.55 5.55 5.55 6.35 6.35 5.178511354 4.5892557464 6.25 6.25
NaN NaN NaN NaN NaN NaN NaN NaN NaN NaN NaN NaN NaN NaN NaN NaN NaN NaN NaN NaN NaN NaN NaN NaN NaN NaN NaN NaN NaN NaN NaN NaN NaN NaN NaN NaN NaN NaN NaN 6.45 6.85 5.95 5.95 5.95 5.95 5 4 5.95 5.95 6.35 6.35 5 5.95 6.95 6.95 4 9.1 4 5.55 4 5 5 5.65 5.65 5.65 4 5.55 4 5.55 5.55 7.4267895821 7.7856743286 12.3333333333 6.25 5.5892557464 6.25
NaN NaN NaN NaN NaN NaN NaN NaN NaN NaN NaN NaN NaN NaN NaN NaN NaN NaN NaN NaN NaN NaN NaN NaN NaN NaN NaN NaN NaN NaN NaN NaN NaN NaN NaN NaN NaN NaN 6.85 6.85 6.85 6.85 6.35 5.95 5.95 6.35 6.35 6.35 6.35 6.35 6.35 6.35 4 6.35 6.35 4 6.35 6.35 6.35 5.95 4 5.95 4 4 5.25 5 5.55 5.55 5.55 5.55 9.2946277864 9.4267895821 9.7856743286 6.05 6.25 5.65
NaN NaN NaN NaN NaN NaN NaN NaN NaN NaN NaN NaN NaN NaN NaN NaN NaN NaN NaN NaN NaN NaN NaN NaN NaN NaN NaN NaN NaN NaN NaN NaN NaN NaN NaN NaN NaN NaN 6.85 6.85 6.85 6.85 6.85 6.35 6.35 6.35 6.35 6.35 6.35 6.35 6.35 6.35 6.35 6.35 6.35 6.35 6.35 4 4 5 5.95 7 5 5.65 5.25 5.25 9.1 5.55 4 6.35 6.35 6.05 5.65 4.6666666667 11.3570224301 5.45
NaN NaN NaN NaN NaN NaN NaN NaN NaN NaN NaN NaN NaN NaN NaN NaN NaN NaN NaN NaN NaN NaN NaN NaN NaN NaN NaN NaN NaN NaN NaN NaN NaN NaN NaN NaN NaN NaN 6.85 6.85 6.85 6.85 6.85 6.85 6.35 6.35 6.35 5 6.35 6.35 6.35 6.35 6.35 4 4 4 4 6.35 5.55 9 9.1 7 7 7 7 5.25 5.25 5.55 6.35 6.35 6.35 9.2242242458 9.2946277864 9.3928371643 9.61898463 8.49071197
NaN NaN NaN NaN NaN NaN NaN NaN NaN NaN NaN NaN NaN NaN NaN NaN NaN NaN NaN NaN NaN NaN NaN NaN NaN NaN NaN NaN NaN NaN NaN NaN NaN NaN NaN NaN NaN NaN 6.85 6.85 6.85 6.85 6.85 6.85 6.85 6.35 6.35 6.35 6.35 6.35 6.35 6.35 6.35 4 6.35 4 5.55 5.55 7 7 1 7 5.55 4 4 9 6.1 6.35 6.35 7.65 9.2083333333 9.2083333333 9.235702243 9.2923526966 9.3928371643 4.6666666667
NaN NaN NaN NaN NaN NaN NaN NaN NaN NaN NaN NaN NaN NaN NaN NaN NaN NaN NaN NaN NaN NaN NaN NaN NaN NaN NaN NaN NaN NaN NaN NaN NaN NaN NaN NaN NaN NaN 6.85 6.85 6.85 6.85 6.85 6.85 9.1 4 6.35 6.35 6.4 6.4 6.35 9 6.35 6.35 6.35 6.35 4 5.55 4 5 5 4 4.2021130107 5.55 5.95 6.05 6.05 4.2777777778 6.85 6.85 9.303030303 9.303030303 7.303030303 6.05 6.05 6.05
NaN NaN NaN NaN NaN NaN NaN NaN NaN NaN NaN NaN NaN NaN NaN NaN NaN NaN NaN NaN NaN NaN NaN NaN NaN NaN NaN NaN NaN NaN NaN NaN NaN NaN NaN NaN NaN 6.85 6.85 6.85 6.85 6.85 6.85 6.85 6.85 6.85 4 6.35 9 9 9.15 6.35 6.35 6.35 6.35 1 7 5.55 5.55 5.2188440482 5.235702243 4.2564102564 4.2847858837 5.55 5.95 4.4166666667 6.55 4.4761904762 6.85 6.85 7.35 6.55 6.55 6.55 7.4761904762 9.4761904762
NaN NaN NaN NaN NaN NaN NaN NaN NaN NaN NaN NaN NaN NaN NaN NaN NaN NaN NaN NaN NaN NaN NaN NaN NaN NaN NaN NaN NaN NaN NaN NaN NaN NaN NaN NaN 6.85 4 6.85 6.85 6.85 6.85 6.85 6.85 6.85 6.85 9.1 6.85 4.05 6.4 6.35 9.2 6.35 6.35 4.2147188482 5.95 5.55 5.15 1.2847858837 1.3192754236 5.25 5.25 5.25 5.15 9.8084518793 6.45 6.45 6.55 6.85 7.05 6.75 7.3333333333 8.3333333333 9.3570224301 6.55 10.6666666667
NaN NaN NaN NaN NaN NaN NaN NaN NaN NaN NaN NaN NaN NaN NaN NaN NaN NaN NaN NaN NaN NaN NaN NaN NaN NaN NaN NaN NaN NaN NaN NaN NaN NaN NaN 6.85 6.85 6.85 6.85 6.85 6.85 6.85 6.85 6.85 6.85 6.9 6.85 6.85 6.85 6.35 6.35 6.35 5.95 5.15 4.3094922192 1.3384487607 1.3726779369 1.4166666667 1.4761904762 1.5716618094 5.7453558739 6.0540925512 6.6666666667 12.3333333333 7 7.25 7.25 5.49071197 NaN NaN 7.05 7.05 9.8333333333 6.85 6.85 2.1111111111
NaN NaN NaN NaN NaN NaN NaN NaN NaN NaN NaN NaN NaN NaN NaN NaN NaN NaN NaN NaN NaN NaN NaN NaN NaN NaN NaN NaN NaN NaN NaN NaN NaN NaN NaN 6.85 6.85 4 6.85 6.85 6.85 6.85 6.85 4.2079276146 6.85 6.85 6.85 6.85 6.85 4.3268601941 6.85 1.3901371761 6.85 4.4761904762 5.5555555556 5.6666666667 4.8333333333 5.1111111111 2.6666666667 4.3333333333 7 8.3333333333 6.49071197 5.75 6.55 6.45 6.45 6.45 NaN NaN NaN NaN 7.65 5.4166666667 7.65 7.65
NaN NaN NaN NaN NaN NaN NaN NaN NaN NaN NaN NaN NaN NaN NaN NaN NaN NaN NaN NaN NaN NaN NaN NaN NaN NaN NaN NaN NaN NaN NaN NaN NaN NaN NaN 6.85 6.85 6.85 6.85 6.85 4.2108185325 7.2399385949 6.85 4.3017858479 9.3316790289 4.3681050248 4.4134491708 1.4578685395 6.85 1.61898463 4.6666666667 9.8333333333 7.25 8.6666666667 10.3333333333 1 4.3333333333 2.6666666667 2.49071197 1.9245006541 1.7453558739 5.5555555556 7.4714045971 5.75 6.55 6.55 6.45 6.45 NaN NaN NaN NaN 1.2450715499 4.2564102564 7.65 7.65
NaN NaN NaN NaN NaN NaN NaN NaN NaN NaN NaN NaN NaN NaN NaN NaN NaN NaN NaN NaN NaN NaN NaN NaN NaN NaN NaN NaN NaN NaN NaN NaN NaN NaN NaN NaN 9.2 9.1 6.85 9.2450715499 4.2758686137 6.85 7.4042261031 6.85 6.85 6.85 1.8084518793 4.9245006541 8.178511354 6.85 7.25 7.25 7.25 5.6666666667 2.178511354 4.9245006541 1.7453558739 1.61898463 1.547996552 1.4578685395 1.4042261031 5.3384487607 7.3017858479 7.35 4.24984391 7.35 7.25 7.25 NaN NaN NaN NaN NaN NaN NaN 7.65
NaN NaN NaN NaN NaN NaN NaN NaN NaN NaN NaN NaN NaN NaN NaN NaN NaN NaN NaN NaN NaN NaN NaN NaN NaN NaN NaN NaN NaN NaN NaN NaN NaN NaN NaN NaN NaN 9.2635231517 9.3094922192 7.3726779369 7.4376880965 9.5716618094 4.9245006541 6.85 6.85 7.3333333333 6.85 6.85 6.85 6.85 7.25 NaN NaN 7.25 6.45 7.4042261031 1.3615508071 4.3268601941 1.3017858479 5.273998276 1.253428636 1.2289342698 7.2108185325 7 7.35 7.35 7.35 7.25 7.25 NaN NaN NaN NaN NaN NaN 7.65
NaN NaN NaN NaN NaN NaN NaN NaN NaN NaN NaN NaN NaN NaN NaN NaN NaN NaN NaN NaN NaN NaN NaN NaN NaN NaN NaN NaN NaN NaN NaN NaN NaN NaN NaN NaN NaN NaN 7.25 7.7453558739 6.85 6.85 6.85 6.85 5.1111111111 6.85 6.85 9.5555555556 6.85 6.85 NaN NaN NaN NaN 6.45 7.253428636 4.235702243 4.2202728564 5.2079276146 1 7 5 7 7 9 7.35 7.35 7.25 NaN NaN NaN NaN NaN NaN 7.65 7.65
NaN NaN NaN NaN NaN NaN NaN NaN NaN NaN NaN NaN NaN NaN NaN NaN NaN NaN NaN NaN NaN NaN NaN NaN NaN NaN NaN NaN NaN NaN NaN NaN NaN NaN NaN NaN NaN NaN NaN 7.25 7.25 6.85 6.85 6.85 6.85 6.85 6.85 9.3094922192 6.85 6.85 NaN NaN NaN NaN NaN 6.45 6.55 7 4 4 6.55 7 5 4 6.6 7.35 7.35 7.25 NaN NaN NaN NaN NaN NaN 7.65 7.65
NaN NaN NaN NaN NaN NaN NaN NaN NaN NaN NaN NaN NaN NaN NaN NaN NaN NaN NaN NaN NaN NaN NaN NaN NaN NaN NaN NaN NaN NaN NaN NaN NaN NaN NaN NaN NaN NaN NaN NaN 7.25 7.25 7.25 7.25 7.25 6.85 6.85 6.85 6.85 7.25 NaN NaN NaN NaN NaN 6.45 6.55 7 5 9 4 6.55 6.55 6.55 6.55 7.35 7.35 NaN NaN NaN NaN NaN NaN NaN NaN 7.65
NaN NaN NaN NaN NaN NaN NaN NaN NaN NaN NaN NaN NaN NaN NaN NaN NaN NaN NaN NaN NaN NaN NaN NaN NaN NaN NaN NaN NaN NaN NaN NaN NaN NaN NaN NaN NaN NaN NaN NaN NaN 7.25 7.25 NaN NaN 7.25 6.85 6.85 7.25 NaN NaN NaN NaN NaN NaN 6.55 NaN 6.55 5 6.55 6.55 6.55 NaN 6.55 6.55 6.55 7.35 NaN NaN NaN NaN NaN NaN NaN NaN NaN
NaN NaN NaN NaN NaN NaN NaN NaN NaN NaN NaN NaN NaN NaN NaN NaN NaN NaN NaN NaN NaN NaN NaN NaN NaN NaN NaN NaN NaN NaN NaN NaN NaN NaN NaN NaN NaN NaN NaN NaN NaN NaN NaN NaN NaN 7.25 7.25 7.25 7.25 NaN NaN NaN NaN NaN NaN NaN NaN 6.55 6.55 6.55 6.55 NaN NaN NaN NaN 6.55 7.35 NaN NaN NaN NaN NaN NaN NaN NaN NaN
NaN NaN NaN NaN NaN NaN NaN NaN NaN NaN NaN NaN NaN NaN NaN NaN NaN NaN NaN NaN NaN NaN NaN NaN NaN NaN NaN NaN NaN NaN NaN NaN NaN NaN NaN NaN NaN NaN NaN NaN NaN NaN NaN NaN NaN NaN 7.25 NaN NaN NaN NaN NaN NaN NaN NaN NaN NaN NaN NaN NaN NaN NaN NaN NaN NaN 6.55 NaN NaN NaN NaN NaN NaN NaN NaN NaN NaN
NaN NaN NaN NaN NaN NaN NaN NaN NaN NaN NaN NaN NaN NaN NaN NaN NaN NaN NaN NaN NaN NaN NaN NaN NaN NaN NaN NaN NaN NaN NaN NaN NaN NaN NaN NaN NaN NaN NaN NaN NaN NaN NaN NaN NaN NaN NaN NaN NaN NaN NaN NaN NaN NaN NaN NaN NaN NaN NaN NaN NaN NaN NaN NaN NaN 6.55 NaN NaN NaN NaN NaN NaN NaN NaN NaN NaN
NaN NaN NaN NaN NaN NaN NaN NaN NaN NaN NaN NaN NaN NaN NaN NaN NaN NaN NaN NaN NaN NaN NaN NaN NaN NaN NaN NaN NaN NaN NaN NaN NaN NaN NaN NaN NaN NaN NaN NaN NaN NaN NaN NaN NaN NaN NaN NaN NaN NaN NaN NaN NaN NaN NaN NaN NaN NaN NaN NaN NaN NaN NaN NaN NaN NaN NaN NaN NaN NaN NaN NaN NaN NaN NaN NaN
NaN NaN NaN NaN NaN NaN NaN NaN NaN NaN NaN NaN NaN NaN NaN NaN NaN NaN NaN NaN NaN NaN NaN NaN NaN NaN NaN NaN NaN NaN NaN NaN NaN NaN NaN NaN NaN NaN NaN NaN NaN NaN NaN NaN NaN NaN NaN NaN NaN NaN NaN NaN NaN NaN NaN NaN NaN NaN NaN NaN NaN NaN NaN NaN NaN NaN NaN NaN NaN NaN NaN NaN NaN NaN NaN NaN
NaN NaN NaN NaN NaN NaN NaN NaN NaN NaN NaN NaN NaN NaN NaN NaN NaN NaN NaN NaN NaN NaN NaN NaN NaN NaN NaN NaN NaN NaN NaN NaN NaN NaN NaN NaN NaN NaN NaN NaN NaN NaN NaN NaN NaN NaN NaN NaN NaN NaN NaN NaN NaN NaN NaN NaN NaN NaN NaN NaN NaN NaN NaN NaN NaN NaN NaN NaN NaN NaN NaN NaN NaN NaN NaN NaN
NaN NaN NaN NaN NaN NaN NaN NaN NaN NaN NaN NaN NaN NaN NaN NaN NaN NaN NaN NaN NaN NaN NaN NaN NaN NaN NaN NaN NaN NaN NaN NaN NaN NaN NaN NaN NaN NaN NaN NaN NaN NaN NaN NaN NaN NaN NaN NaN NaN NaN NaN NaN NaN NaN NaN NaN NaN NaN NaN NaN NaN NaN NaN NaN NaN NaN NaN NaN NaN NaN NaN NaN NaN NaN NaN NaN
NaN NaN NaN NaN NaN NaN NaN NaN NaN NaN NaN NaN NaN NaN NaN NaN NaN NaN NaN NaN NaN NaN NaN NaN NaN NaN NaN NaN NaN NaN NaN NaN NaN NaN NaN NaN NaN NaN NaN NaN NaN NaN NaN NaN NaN NaN NaN NaN NaN NaN NaN NaN NaN NaN NaN NaN NaN NaN NaN NaN NaN NaN NaN NaN NaN NaN NaN NaN NaN NaN NaN NaN NaN NaN NaN NaN
