Outfile_2.asc
NCOLS 201
NROWS 151
XLLCORNER 733748.947016
YLLCORNER 2561541.418206
CELLSIZE 137.483444
NODATA_VALUE NaN
[rows 0 to 39 of 151, columns 0 to 88 of 201]
NaN NaN NaN NaN NaN NaN NaN NaN NaN NaN NaN NaN NaN NaN NaN NaN NaN NaN NaN NaN NaN NaN NaN NaN NaN NaN NaN NaN NaN NaN NaN NaN NaN NaN NaN NaN NaN NaN NaN NaN 3 NaN NaN NaN 9.1 9.2 NaN NaN NaN NaN NaN NaN NaN NaN NaN NaN NaN NaN NaN NaN NaN NaN NaN NaN NaN NaN NaN NaN NaN NaN NaN NaN NaN NaN NaN NaN NaN NaN NaN NaN NaN NaN NaN NaN NaN NaN NaN NaN NaN
NaN NaN NaN NaN NaN NaN NaN NaN NaN NaN NaN NaN NaN NaN NaN NaN NaN NaN NaN NaN NaN NaN NaN NaN NaN NaN NaN NaN NaN NaN NaN NaN NaN NaN NaN NaN NaN NaN NaN 14.3 9 14 9.1 9 30 9.2 9 NaN NaN NaN NaN NaN NaN NaN NaN NaN NaN NaN NaN NaN NaN NaN NaN NaN NaN NaN NaN NaN NaN NaN NaN NaN NaN NaN NaN NaN NaN NaN NaN NaN NaN NaN NaN NaN NaN NaN NaN NaN NaN
NaN NaN NaN NaN NaN NaN NaN NaN NaN NaN NaN NaN NaN NaN NaN NaN NaN NaN NaN NaN NaN NaN NaN NaN NaN NaN NaN NaN NaN NaN NaN NaN NaN NaN NaN NaN NaN NaN NaN 9.3 24.6 24.3 9.2 14.3 24.2 26.6 9 9 30.1 14.3 14.3 14.4 24.2 11.8 30 NaN NaN NaN NaN NaN NaN NaN NaN NaN NaN NaN NaN NaN NaN NaN NaN NaN NaN NaN NaN NaN NaN NaN NaN NaN NaN NaN NaN NaN NaN NaN NaN NaN NaN
NaN NaN NaN NaN NaN NaN NaN NaN NaN NaN NaN NaN NaN NaN NaN NaN NaN NaN NaN NaN NaN NaN NaN NaN NaN NaN NaN NaN NaN NaN NaN NaN NaN NaN NaN NaN NaN NaN NaN 30.7 30.4 11.9 9.5 30.6 30.3 19.2 9.2 11.8 30.1 9.1 9.2 9.2 19.4 9.4 9.6 21.6 NaN NaN NaN NaN NaN NaN NaN NaN NaN NaN NaN NaN NaN NaN NaN NaN NaN 16.8 16.9 14.2 NaN NaN NaN NaN NaN NaN NaN NaN NaN NaN NaN NaN NaN
NaN NaN NaN NaN NaN NaN NaN NaN NaN NaN NaN NaN NaN NaN NaN NaN NaN NaN NaN NaN NaN NaN NaN NaN NaN NaN NaN NaN NaN NaN NaN NaN NaN NaN NaN NaN NaN 30.8 31.4 30.7 27.1 27.1 27 11.6 9.2 30.2 19.2 9 9.3 11.9 9.4 9.2 16.7 27.1 30.5 30.5 NaN NaN NaN NaN NaN NaN NaN NaN NaN NaN NaN NaN NaN NaN NaN NaN 11.5 9.3 14.2 30.4 NaN NaN NaN NaN NaN NaN NaN NaN NaN NaN NaN NaN NaN
NaN NaN NaN NaN NaN NaN NaN NaN NaN NaN NaN NaN NaN NaN NaN NaN NaN NaN NaN NaN NaN NaN NaN NaN NaN NaN NaN NaN NaN NaN NaN NaN NaN NaN NaN NaN NaN 9.5 30.7 30.2 30.5 30.3 31.1 29.9 14.3 9.4 9.2 19.4 30.5 14.1 11.6 19 9.2 14.7 3.3 14.2 NaN NaN NaN NaN NaN NaN NaN NaN NaN NaN NaN NaN NaN 9 11.5 9.2 19.3 14.2 16.8 11.7 11.6 NaN NaN NaN NaN NaN NaN NaN NaN NaN NaN NaN NaN
NaN NaN NaN NaN NaN NaN NaN NaN NaN NaN NaN NaN NaN NaN NaN NaN NaN NaN NaN NaN NaN NaN NaN NaN NaN NaN NaN NaN NaN NaN NaN NaN NaN NaN NaN NaN NaN 30.5 30.2 22.2 30.6 30.6 30.3 14.3 9.3 26.7 30.3 14.3 11.5 30.2 27.6 8.9 11.5 14.4 9.3 9.1 NaN NaN NaN NaN NaN NaN NaN NaN NaN NaN NaN 19.3 7.5 9.1 16.5 8.9 9.2 21.7 9 9.3 19.1 NaN NaN NaN NaN NaN NaN NaN NaN NaN NaN NaN NaN
NaN NaN NaN NaN NaN NaN NaN NaN NaN NaN NaN NaN NaN NaN NaN NaN NaN NaN NaN NaN NaN NaN NaN NaN NaN NaN NaN NaN NaN NaN NaN NaN NaN NaN NaN NaN NaN 29.5 30.5 12.1 30.4 30.3 30.3 30.6 14.8 17 9.1 9.4 8.9 14.2 9.1 14 7.04 12.24 30.7 9 NaN NaN NaN NaN NaN NaN NaN NaN NaN NaN 9 16.6 9 9.3 16.9 9 11.8 11.5 9.1 9.2 11.5 NaN NaN NaN NaN NaN NaN NaN NaN NaN NaN NaN NaN
NaN NaN NaN NaN NaN NaN NaN NaN NaN NaN NaN NaN NaN NaN NaN NaN NaN NaN NaN NaN NaN NaN NaN NaN NaN NaN NaN NaN NaN NaN NaN NaN NaN NaN NaN NaN NaN 30.8 30.6 9.3 24.6 30.6 30.9 19.7 30.5 8.9 30.1 19.2 9 9.3 9.4 9.1 1.2 7.24 12.54 NaN NaN NaN NaN NaN NaN NaN NaN NaN NaN 8.9 9 9.2 9 8.9 9 11.8 26.7 11.7 9 9.2 19.1 7 NaN NaN NaN NaN NaN NaN NaN NaN NaN NaN NaN
NaN NaN NaN NaN NaN NaN NaN NaN NaN NaN NaN NaN NaN NaN NaN NaN NaN NaN NaN NaN NaN NaN NaN NaN NaN NaN NaN NaN NaN NaN NaN NaN NaN NaN NaN NaN 16.6 30.9 30.4 19.3 27.6 22.2 26.9 8.9 30.5 9.2 9 14.2 19 14.1 9.1 8.8 7.24 9.74 12.54 7.54 NaN NaN NaN NaN NaN NaN NaN NaN NaN 9 9 9 8.9 8.9 9 11.7 30.2 16.7 9.1 9.3 9.1 8.9 NaN NaN NaN NaN NaN NaN NaN NaN NaN NaN NaN
NaN NaN NaN NaN NaN NaN NaN NaN NaN NaN NaN NaN NaN NaN NaN NaN NaN NaN NaN NaN NaN NaN NaN NaN NaN NaN NaN NaN NaN NaN NaN NaN NaN NaN NaN 8.7 11.6 24.7 30.8 11.7 30.2 19.5 29.3 11.7 16.5 9.2 9.4 11.6 11.2 9.1 9 8.9 14.1 7.34 9.84 7.54 NaN NaN NaN NaN NaN NaN NaN NaN 8.9 14.7 17.1 30.2 8.8 8.6 8.8 8.7 30.3 9.7 9.2 21.8 9.1 30.3 21.8 NaN NaN NaN NaN NaN NaN NaN NaN NaN NaN
NaN NaN NaN NaN NaN NaN NaN NaN NaN NaN NaN NaN NaN NaN NaN NaN NaN NaN NaN NaN NaN NaN NaN NaN NaN NaN NaN NaN NaN NaN NaN NaN NaN NaN NaN 21.7 17 30.4 8.9 9.5 14.4 8.8 8.8 12 17.3 19 9.2 11.4 9 30.7 11.6 30.4 8.8 9.84 7.14 7.34 NaN NaN NaN 7.44 7.54 11.8 11.6 23.9 9.1 1.1 24 9 8.7 8.7 8.9 8.7 26.4 19.1 30.3 12.2 19.1 9.1 9.2 NaN NaN NaN NaN NaN NaN NaN 7 9.2 NaN
NaN NaN NaN NaN NaN NaN NaN NaN NaN NaN NaN NaN NaN NaN NaN NaN NaN NaN NaN NaN NaN NaN NaN NaN NaN NaN NaN NaN NaN NaN NaN NaN NaN NaN NaN 30.3 8.8 13.9 21.7 29.5 9 16.2 8.6 8.9 17.1 17.54 30.64 7.74 16.7 14 1.2 14.2 14.1 14 7.1 7.24 7.24 NaN NaN 7.14 15.24 11.5 9 11.6 1 8.8 9 11.2 8.6 8.7 21.2 13.7 9 8.8 11.5 16.3 9 9 9.1 8.9 NaN NaN NaN NaN NaN NaN 9 9.3 NaN
NaN NaN NaN NaN NaN NaN NaN NaN NaN NaN NaN NaN NaN NaN NaN NaN NaN NaN NaN NaN NaN NaN NaN NaN NaN NaN NaN NaN NaN NaN NaN NaN NaN NaN 8.9 11.5 11.6 30.5 8.9 8.6 18.7 30.4 13.9 30.3 16.1 7.24 29.94 12.54 5.3 14.1 19.1 11.8 3.7 9.1 7.34 7.34 7.14 6.94 NaN 7.24 7.34 9.1 30.5 9 8.8 8.8 8.7 6.1 8.7 10.9 8.9 8.7 8.8 8.7 8.6 21.6 14.1 8.7 11.6 9 9 NaN NaN NaN NaN 9.1 30.1 29.4 11.6
NaN NaN NaN NaN NaN NaN NaN NaN NaN NaN NaN NaN NaN NaN NaN NaN NaN NaN NaN NaN NaN NaN NaN NaN NaN NaN NaN NaN NaN NaN NaN NaN NaN 9 8.9 11.2 26.8 21.6 19 8.7 30.5 30.3 30.7 30.4 8.4 11.2 8.9 6.3 8.9 19.3 8.8 16.5 9.2 30.4 9.84 12.44 9.9 1.4 1.2 6.94 7.54 7.24 9.1 8.9 8.8 11.5 11.3 8.9 8.8 8.7 8.6 8.6 13.8 8.7 8.7 8.8 8.9 26.4 8.7 8.9 8.9 11.5 9 19.2 14.7 9.1 9.1 9 9
NaN NaN NaN NaN NaN NaN NaN NaN NaN NaN NaN NaN NaN NaN NaN NaN NaN NaN NaN NaN NaN NaN NaN NaN NaN NaN NaN NaN NaN NaN NaN NaN NaN 30.1 23.9 14 16.3 13.9 14.9 13.6 8.7 24 12.4 7.9 8.4 8.4 11.1 6.4 30.7 7.1 30.4 11.5 9.2 11.5 7.1 7.04 18.8 10.24 7.54 7.54 7.34 11.8 8.9 9.1 11.4 8.8 8.6 21.4 8.7 5 8.6 8.6 8.9 8.7 8.6 8.7 8.8 30.6 9 13.7 9 14 11.7 14.1 9.1 16.6 11.7 11.5 11.8
NaN NaN NaN NaN NaN NaN NaN NaN NaN NaN NaN NaN NaN NaN NaN NaN NaN NaN NaN NaN NaN NaN NaN NaN NaN NaN NaN NaN NaN NaN NaN NaN NaN 14 11.2 21.4 8.7 30.3 16.1 30.1 3.3 9.9 7.8 12.4 8.4 1.4 13.6 6.74 30.4 15.4 16.2 3.7 21.8 14.1 1.2 7.1 22.2 5.7 6.84 7.04 30.1 30.5 9.2 9 13.8 8.7 8.7 8.7 8.7 8.6 8.6 8.7 8.9 5.2 8.7 8.8 16.3 9 8.8 8.9 11.3 19.1 9.3 9 9 7.64 30.5 7.3 9.64
NaN NaN NaN NaN NaN NaN NaN NaN NaN NaN NaN NaN NaN NaN NaN NaN NaN NaN NaN NaN NaN NaN NaN NaN NaN NaN NaN NaN NaN NaN NaN NaN 8.6 30.5 16.3 30.1 14 11.2 8.3 8.7 8.8 8.7 8.7 30.5 24.2 8.6 11 8.4 3.9 10.1 7.8 1.2 11.6 30.4 7.54 24.8 7.04 6.84 6.94 7.14 12.34 11.7 7.44 8.9 13.9 7.8 30.3 13.8 8.8 8.7 11.2 30.6 8.8 8.6 8.6 8.7 7.82 8.9 8.7 9.7 7.04 8.6 8.9 7.04 1.2 3.2 7.7 9.1 9.64
NaN NaN NaN NaN NaN NaN NaN NaN NaN NaN NaN NaN NaN NaN NaN NaN NaN NaN NaN NaN NaN NaN NaN NaN NaN NaN NaN NaN NaN NaN NaN 11.2 8.7 11.4 13.9 8.7 8.4 16.4 6.1 8.7 8.4 8.7 23.5 13.7 19.4 3.7 30.1 8.7 7.3 6.84 6.94 30.3 30.2 9.1 9.84 15.04 9.74 6.74 6.64 5.84 6.24 12.54 7.14 7.04 30.2 9 8.8 21.5 8.7 8.6 8.8 8.8 7.1 1 7 1.1 1 8.02 10.4 11.3 7.04 7.24 6.94 6.54 9.6 7.2 30.3 7.14 14.2
NaN NaN NaN NaN NaN NaN NaN NaN NaN NaN NaN NaN NaN NaN NaN NaN NaN NaN NaN NaN NaN NaN NaN NaN NaN NaN NaN NaN NaN NaN NaN 11.4 11.6 11.3 30.8 8.7 8.6 16.3 28.8 30.62 7.72 11.5 30.62 22.2 7.82 11.3 30.4 13.8 1.6 6.84 16.8 7.04 7.14 10.62 30.3 7.24 30.5 9.64 6.54 6.74 6.84 6.34 9.84 6.94 13.7 3.8 8.7 9 8.8 13.9 11.3 13.8 5.2 8.6 1 9.6 7.92 8.02 10.72 7.82 7.92 7.24 7.62 7.62 1 6.94 6.84 6.84 9.74
NaN NaN NaN NaN NaN NaN NaN NaN NaN NaN NaN NaN NaN NaN NaN NaN NaN NaN NaN NaN NaN NaN NaN NaN NaN NaN NaN NaN NaN NaN 13.8 8.8 8.8 18.6 14.1 30.2 8.4 13.5 8.4 8.5 6.4 23.7 5.1 14.7 30.5 5.6 5.2 30.3 13.7 30.1 12.4 30.42 12.92 7.82 5.1 6.24 6.44 30.5 6.94 7.04 6.64 6.74 7.14 5.9 16.6 30.3 1 8.8 21.5 8.7 7.1 8.9 8.8 8.8 7.92 10.52 8.02 7.82 10.62 7.82 7 7.82 6.2 30.3 6.2 7.04 6.74 6.94 7.14
NaN NaN NaN NaN NaN NaN NaN NaN NaN NaN NaN NaN NaN NaN NaN NaN NaN NaN NaN NaN NaN NaN NaN NaN NaN NaN NaN NaN NaN NaN 8.8 11.4 7.3 8.6 11.4 13.6 8.3 13.7 8.3 30.2 11.2 8.9 1.1 5.1 30.4 12.4 19.8 7.3 6.74 17.92 6.74 14.9 8.02 NaN 7.8 6.64 6.24 14.3 6.74 7.04 6.04 NaN 6.94 7.04 12.24 9 30.4 8.8 8.9 9 16.3 3.6 16.3 7.82 7.72 10.52 8.02 8.02 7.92 8.02 6.94 6.94 1.1 9.6 5 3.3 25.1 30.2 7.24
NaN NaN NaN NaN NaN NaN NaN NaN NaN NaN NaN NaN NaN NaN NaN NaN NaN NaN NaN NaN NaN NaN NaN NaN NaN NaN NaN NaN NaN 13.9 11.6 30.3 8.6 8.6 30.7 13.6 5.1 1.2 11.6 4.1 7.62 8.5 7.82 30.32 15.3 6.5 3.1 7.72 6.1 7.62 6.84 6.74 7.92 7.4 10.32 8.12 6.54 6.44 6.64 6.44 7.34 NaN 6.94 6.94 30.3 12.3 6.5 8.8 8.7 1.1 11.3 8.6 10.32 7.82 3.2 7.92 10.52 7.82 7.82 8.02 7.2 30.2 9.6 9 5.2 30.3 27.2 24.7 8.2
NaN NaN NaN NaN NaN NaN NaN NaN NaN NaN NaN NaN NaN NaN NaN NaN NaN NaN NaN NaN NaN NaN NaN NaN NaN NaN NaN NaN 8.5 14 11.3 30.6 13.7 11 16.3 8.6 8.4 8.4 12.62 7.42 21.6 6.84 9.54 7.72 6.84 12.1 7.3 6.74 7.72 7.72 15.22 10.22 7.72 10.32 7.1 7.72 7.62 6.44 6.64 7.04 7.24 11.4 7.14 6.74 NaN 14.74 1.6 8.9 30.3 1.2 8.9 8.6 8.8 7.72 7.82 7.92 7.82 30.2 30.3 7.92 30.6 30.2 1.5 15.9 13.9 11.6 19 6.4 8
NaN NaN NaN NaN NaN NaN NaN NaN NaN NaN NaN NaN NaN NaN NaN NaN NaN NaN NaN NaN NaN NaN NaN NaN NaN NaN NaN 8.7 8.8 18.9 8.6 26.5 7.04 5.7 11.1 7.9 5.3 21 6.94 6.74 6.94 30.1 6.64 29.7 6.74 7.8 10.5 8.02 7.82 3.6 7.72 12.72 7.82 7.62 30.3 9.2 7.72 7.14 15.4 6.84 11.3 20.9 6.94 6.84 8.3 6.84 7.6 13.9 11.4 14.2 30.2 26.6 11.9 8.9 8.8 9 14 10.42 22.3 30.2 30.5 19.8 3.1 7 8.1 17.7 7.8 9.8 20.2
NaN NaN NaN NaN NaN NaN NaN NaN NaN NaN NaN NaN NaN NaN NaN NaN NaN NaN NaN NaN NaN NaN NaN NaN NaN NaN 9.8 13.8 7.24 7.14 11.6 11.2 12.04 6.74 8.7 21.2 11.2 8.5 6.84 6.54 3.4 6.74 10.2 12.8 7.7 5.1 7.14 30.42 7.52 7.52 7.2 7.62 7.82 7.52 11.6 7.52 21.8 7.34 7.14 6.64 6.74 3.8 6.94 6.7 8.5 3.1 7.04 22.64 18.2 30 13.62 8.8 16.3 8.7 8.7 8.8 8.6 3.1 10.8 6.94 1.5 7.1 10.2 9.6 8.2 5.1 17.8 7.1 8.2
NaN NaN NaN NaN NaN NaN NaN NaN NaN NaN NaN NaN NaN NaN NaN NaN NaN NaN NaN NaN NaN NaN NaN NaN NaN 6.74 7.24 7.14 6.94 7.44 9 11.3 6.84 12.34 6.94 8.5 8.4 6.84 7.04 6.64 6.84 6.84 3.1 5.2 7.1 3.3 8.7 18.22 10.12 7.72 7.52 7.72 7.72 7.52 19.1 1.4 6.44 6.44 6.44 6.04 5.94 6.44 3.1 10.8 6.94 7.04 6.94 6.5 29.9 9.6 6.6 7.92 8.7 8.7 8.7 8.8 1 7.72 7.92 6.84 7.14 7.2 5.2 19.7 12.4 12.4 7.14 7.04 5.2
NaN NaN NaN NaN NaN NaN NaN NaN NaN NaN NaN NaN NaN NaN NaN NaN NaN NaN NaN NaN NaN NaN NaN NaN NaN 6.84 7.14 12.14 9.64 15.14 7.24 7.04 6.74 6.94 6.64 25.4 8.5 8.4 9.54 9 6.74 5.3 6.64 5.2 5.2 5.2 5.1 13.02 5.4 5.7 7.72 7.7 30.12 1.1 12.2 7.02 6.34 6.44 6.64 6.44 6.14 6.14 3.1 6.94 6.84 6.74 6.84 7.04 7.34 1.2 7.14 7.82 12.92 7.72 7 9.8 1.1 7.82 17.3 6.94 7.1 9.7 7.2 5 30.3 30.3 7.24 7.34 1.1
NaN NaN NaN NaN NaN NaN NaN NaN NaN NaN NaN NaN NaN NaN NaN NaN NaN NaN NaN NaN NaN NaN NaN NaN 12.24 7.14 6.94 7.04 7.34 7.74 7.34 7.04 7.14 6.94 6.74 11.1 8.5 8.4 21.2 6.84 6.74 6.94 5.1 14.2 9.6 5.2 3.8 6.64 22.3 7.72 3.3 16.9 6.2 6.94 6.2 30.32 6.24 6.74 6.04 6.44 5.94 5.94 5.94 7.04 11.6 6.74 7.14 6.94 6.74 7.14 9.54 7.04 3.9 9.7 7.82 10.42 7 7.72 7.2 7.04 30.3 12.3 13 15.3 12.2 10.2 5 7.14 8.8
NaN NaN NaN NaN NaN NaN NaN NaN NaN NaN NaN NaN NaN NaN NaN NaN NaN NaN NaN NaN NaN NaN NaN 6.94 7.14 7.24 7.04 7.14 7.44 7.24 7.14 7.24 6.84 6.74 8.5 11 11.1 11.1 3.9 6.64 6.74 30.5 5.1 3 1.3 6.74 30.4 1.1 30.4 10.42 7.62 17.3 30.4 6.74 7.7 23.12 9.6 6.54 6.54 6.24 5.94 6.04 5.84 14.1 6.04 6.04 6.44 6.94 6.94 27.14 6.84 3.6 7.82 7.82 15.42 20.22 7 7.72 26.2 9.1 7 7.1 10.3 5.3 30.7 7.7 7.8 3 12.4
NaN NaN NaN NaN NaN NaN NaN NaN NaN NaN NaN NaN NaN NaN NaN NaN NaN NaN NaN NaN NaN NaN NaN 13.12 30 30.02 7.92 7.14 6.94 6.74 6.84 6.84 6.64 6.84 8.3 8.3 8.6 8.5 18.9 7.04 5.3 5.5 10.7 1.2 19.2 1.1 6.84 5 7.62 7.82 10.02 7.04 6.64 6.84 7.8 7.02 5.94 6.34 7.04 6.04 3.7 12.2 6.14 6.14 6.74 6.34 5.74 6.84 6.74 6.94 6.94 13.8 7.92 7.82 7.92 7.92 7.92 1.1 30.3 7 12.7 5.3 12.2 30.3 18.4 10.3 7.3 7.34 5.6
NaN NaN NaN NaN NaN NaN NaN NaN NaN NaN NaN NaN NaN NaN NaN NaN NaN NaN NaN NaN NaN NaN 6.94 9.8 30.5 12.3 30.4 30.6 7.62 30.5 7.04 6.74 6.64 12.04 8.4 8.4 8.6 16.2 13.8 7.04 6.54 6.64 7.14 6.74 7.1 30.32 12.72 12.1 15.12 7.82 9.1 6.74 7.8 6.94 27.3 10.02 6.24 7.04 6.84 6.14 5.94 6.64 30.4 6.54 6.54 6.44 5.74 6.74 6.94 6.94 6.74 1.5 12.62 7.72 20.56 12.96 7.92 30.42 7.14 13.4 7 14.7 9.7 9.8 30.5 17.3 3.7 1.2 10.7
NaN NaN NaN NaN NaN NaN NaN NaN NaN NaN NaN NaN NaN NaN NaN NaN NaN NaN NaN NaN NaN NaN 6.84 20.4 7.82 12.1 7.3 30.4 30.9 7.72 10.22 7.14 7.34 7.04 7.3 13.4 8.5 16.3 30.3 7.7 17.3 6.84 6.94 6.64 5.1 30.22 9 12.4 24.9 7.72 10.62 7.92 6.94 6.94 7 8.02 6.54 6.14 6.74 6.34 6.24 9.6 12.3 6.44 6.74 5.54 5.44 6.44 6.44 6.84 6.44 9.86 30.36 9.96 10.46 7.1 14.46 3 6.84 17.4 6.64 22.8 30.5 30.6 12.1 13.7 1.1 6.84 1
NaN NaN NaN NaN NaN NaN NaN NaN NaN NaN NaN NaN NaN NaN NaN NaN NaN NaN NaN NaN NaN NaN NaN 7.14 16.8 9.1 12.2 30.6 30.4 30.2 7.82 7.72 7.04 6.94 22.7 6.3 8.5 3.9 6.84 10.8 7.04 12.14 30.3 7.2 6.64 3.5 6.64 30.42 7.72 7.52 13.32 7.92 7.82 7.72 8.12 30.4 10.52 6.24 6.34 6.14 6.54 6.54 1.3 6.44 6.14 5.84 5.54 6.54 6.44 6.44 16.5 9.86 12.76 9.96 15.06 10.06 17.76 1.1 9.7 24.8 7.2 6.64 30.3 7.3 12.8 30.2 5.1 3.1 3.6
NaN NaN NaN NaN NaN NaN NaN NaN NaN NaN NaN NaN NaN NaN NaN NaN NaN NaN NaN NaN NaN NaN NaN 7.7 6.94 30.4 11.7 9.64 7.24 5.5 6.94 10.42 10.22 17.92 6.74 7.1 18.9 5.2 12.4 15.4 7 30.4 7.82 7.2 26.8 6.64 7.04 7.62 9.6 8.32 29.3 18.6 7.82 6.94 7.24 8.22 17.82 30.62 6.44 6.94 6.44 6.94 6.44 6.34 6.34 5.74 5.84 6.64 6.74 6.74 6.64 20.26 12.76 10.16 25.36 10.16 10.46 17.5 7 9.6 7.7 20.4 15.3 17.2 30.4 6.84 6.54 6.54 3.7
NaN NaN NaN NaN NaN NaN NaN NaN NaN NaN NaN NaN NaN NaN NaN NaN NaN NaN NaN NaN NaN 6.14 6.14 6.54 6.54 6.84 6.94 17.64 9.54 9.64 7.04 6.94 6.84 8.12 7.62 30.3 30.2 13.8 30.5 6.74 7.52 7.82 12.2 30.3 7.2 15.22 30.02 10.22 9.92 7.42 7.04 9.64 6.84 1.1 6.94 7.72 3.6 7.82 6.44 7.14 6.74 6.74 6.94 6.44 6.64 6.04 5.84 19.54 6.84 22.86 7.1 20.16 15.26 20.26 20.46 12.76 12.66 13.16 7.1 10.3 3.2 5.2 30.4 17.2 7.04 5.1 30.2 6.44 6.74
NaN NaN NaN NaN NaN NaN NaN NaN NaN NaN NaN NaN NaN NaN NaN NaN NaN NaN NaN 13.2 30.2 6.24 6.24 30.4 7 9 5.8 7.24 7.14 30.5 6.94 7.24 6.94 6.94 7.14 22.4 9.1 30.5 7.82 7.72 21.6 11.7 12.14 17.5 9.2 6.92 9.82 6.24 6.24 6.34 6.64 6.84 9.64 6.64 1.2 6.74 7.62 7.22 6.34 7.04 9.64 6.44 6.44 6.44 5.64 5.94 5.84 5.2 3.4 30.46 15.36 10.26 30.06 13.06 15.56 15.36 17.66 22.86 3.8 3.2 7.1 9.7 21.4 7.6 7.24 6.74 6.44 5.6 5.2
NaN NaN NaN NaN NaN NaN NaN NaN NaN NaN NaN NaN NaN NaN NaN NaN NaN NaN NaN 14.7 14.6 11.7 6.64 6.74 30.2 6.34 30.7 6.64 30.7 6.84 7.04 30.1 26.4 11.2 30.5 7.14 16.2 7.24 11.6 30.3 6.5 1.1 6.24 30.3 30.4 30.4 6.74 6.64 6.44 6.34 6.34 30.4 7.92 7.82 7.52 24.72 7.12 6.62 6.34 7.14 12.34 6.54 6.44 6.54 5.94 5.64 6.54 6.74 6.64 13.06 22.86 10.46 17.76 10.46 10.36 30.36 10.26 3.2 30.26 20.46 15.2 30.4 5.4 5.1 6.94 6.74 6.84 5.3 20.3
NaN NaN NaN NaN NaN NaN NaN NaN NaN NaN NaN NaN NaN NaN NaN NaN NaN NaN 6.38 6.18 6.28 6.28 6.28 6.38 7.2 6.28 30.4 6.58 6.38 6.28 6.88 7.28 30.6 9.04 11.64 8.7 8.5 7.14 30.3 24.3 6.24 9.8 5.7 6.24 6.24 6.24 6.24 6.34 6.34 6.54 6.64 6.74 6.74 30.2 27.1 7.02 9.62 5.74 10.1 6.34 6.64 6.84 6.24 6.44 5.74 5.84 6.44 7.14 6.84 12.76 15.22 10.36 30.46 6.74 6.84 6.94 30.06 6.74 15.36 12.76 10.26 30.1 20.4 30.3 5.3 6.94 6.64 6.74 3.3
NaN NaN NaN NaN NaN NaN NaN NaN NaN NaN NaN NaN NaN NaN NaN NaN NaN NaN 6.58 25.74 10.64 6.38 6.38 30.5 30.1 30.4 30.5 6.58 6.38 8.04 8.24 30.3 30.5 11.34 30.84 30.34 11.24 30.5 6.48 6.38 25.1 28.2 6.44 6.24 13.4 6.34 5.94 9.8 30.4 6.34 6.44 6.94 6.4 3.5 7.22 7.32 7.42 5.64 12.1 11.8 6.04 6.74 6.54 5.94 5.94 6.54 6.94 6.4 6.94 7.42 5 6.74 6.74 21.9 6.84 6.94 7.24 6.94 15.26 26.86 12.66 30.36 10.46 3.1 7.04 15.2 10.2 5.3 8.1
