Outfile_5.asc
NCOLS 201
NROWS 151
XLLCORNER 733748.947016
YLLCORNER 2561541.418206
CELLSIZE 137.483444
NODATA_VALUE NaN
[rows 39 to 77 of 151, columns 88 to 175 of 201]
8.1 10.4 5.3 30.6 30.3 30.8 30.9 5.2 9.1 7.24 7.14 30.7 30 30.3 31.1 17.39 30.9 30.5 9.74 7.04 30.6 24 30.66 14.06 13.86 29.11 11.71 30.41 19.21 21.91 30.61 11.11 21.01 8.25 30.35 8.45 21.45 8.35 7.3 6.5 12.1 30.5 30.17 7.09 30.4 6.79 14 20.8 30.9 NaN NaN NaN NaN NaN NaN NaN NaN NaN NaN NaN NaN NaN NaN NaN NaN NaN NaN NaN NaN NaN NaN NaN NaN NaN NaN NaN NaN NaN NaN NaN NaN NaN NaN NaN NaN NaN NaN NaN
30.3 6.94 6.74 6.94 30.5 8.4 30.5 30.6 5.1 9.4 7.04 5.2 30.1 30.9 7.09 30.8 10.8 9.74 6.94 30.8 30.1 7.14 12.5 8.96 9.16 30.46 31.4 30.91 30.71 30.61 31.3 30.51 29.3 3.4 26.61 8.65 16.35 6.4 7.57 7.27 7.17 14.8 7.27 7.09 30.5 30.4 30.1 30.3 30.8 30.1 NaN NaN NaN NaN NaN NaN NaN NaN NaN NaN NaN NaN NaN NaN NaN NaN NaN NaN NaN NaN NaN NaN NaN NaN NaN NaN NaN NaN NaN NaN NaN NaN NaN NaN NaN NaN NaN NaN
9.64 7.44 7.04 7.24 7.14 6.64 7.14 30.5 30.6 7.34 30.2 6.4 30.6 23.2 30.9 30.9 18 16.7 6.94 14 23.3 6.84 9.8 30.56 13.96 30.56 31.36 13.61 30.51 4.3 24.9 30.1 30.01 30.2 16.31 6.95 6.89 30.6 4.1 7.67 3.8 6.69 18.7 19.2 16.1 30.3 30.1 30.5 26.1 31.4 30.5 NaN NaN NaN NaN NaN NaN NaN NaN NaN NaN NaN NaN NaN NaN NaN NaN NaN NaN NaN NaN NaN NaN NaN NaN NaN NaN NaN NaN NaN NaN NaN NaN NaN NaN NaN NaN NaN
6.94 7.04 6.84 6.94 6.64 6.84 9.54 30.2 28.8 30.4 6 6.94 30.8 30.6 30.4 7.14 30.8 7.04 10.3 7.24 30.7 8.4 30.8 30.6 30.86 30.76 30.86 31.26 14.85 7.05 1.4 1.1 28.71 8.41 6.85 30 30.5 6.89 6.59 6.59 6.69 10.5 6.79 30.7 18 10.3 30.5 19.4 13.5 30.7 5.8 30.8 NaN NaN NaN NaN NaN NaN NaN NaN NaN NaN NaN NaN NaN NaN NaN NaN NaN NaN NaN NaN NaN NaN NaN NaN NaN NaN NaN NaN NaN NaN NaN NaN NaN NaN NaN NaN
30.5 30.4 13.9 30.1 6.24 30.8 30.3 16.1 10.9 30.6 30.9 31 30.7 30.8 10.8 9.74 7.14 6.74 6.74 30.2 30.8 6.84 30.5 8.46 29.46 30.06 14.16 11.36 7.05 7.15 6.95 6.4 30.1 1.5 3.8 1.2 30.9 4.2 30.3 14.4 11 30.4 6.4 30.3 30.5 30.4 19.5 6.49 30.5 30.4 30.1 30.6 30.3 NaN NaN NaN NaN NaN NaN NaN NaN NaN NaN NaN NaN NaN NaN NaN NaN NaN NaN NaN NaN NaN NaN NaN NaN NaN NaN NaN NaN NaN NaN NaN NaN NaN NaN NaN
11 30.6 18.5 6.34 8 30.6 30.4 30.3 30.9 30.4 31 23.2 30.7 14.94 11.5 30.2 30.7 19.2 30.4 6.8 6.94 18.1 8.46 11.16 13.76 30.46 8.66 18.76 30.06 6.75 6.95 30.3 30.2 30.3 8.9 16 16.7 6.5 30.2 30.4 21.6 8.9 4 30.2 13 9.3 30.5 26.8 8 30.2 6.69 7.39 31.2 6.79 NaN NaN NaN NaN NaN NaN NaN NaN NaN NaN NaN NaN NaN NaN NaN NaN NaN NaN NaN NaN NaN NaN NaN NaN NaN NaN NaN NaN NaN NaN NaN NaN NaN NaN
30.8 5.64 19.2 4.3 6.64 6.64 30.6 30.3 30.8 31.1 23.5 31.1 30.8 11.4 26.2 30.8 30.4 30.5 27.2 21.3 26.2 11.2 18.76 30.56 26.66 8.66 8.96 7.4 30.5 30.3 6.95 6.7 30.2 30.2 30.21 11.01 13.51 1.3 14 3.9 6.69 30.3 17 6.9 31 30.9 30.1 8.4 30.3 30.4 6.3 9 30.7 30.65 NaN NaN NaN NaN NaN NaN NaN NaN NaN NaN NaN NaN NaN NaN NaN NaN NaN NaN NaN NaN NaN NaN NaN 8.08 7.7 10.2 NaN NaN NaN NaN NaN NaN NaN NaN
18.1 30.4 3.7 8.5 6.74 6.74 30.1 17 30.4 30.8 30.4 30.5 30.9 9.8 30.4 1.6 23.7 8.6 18.7 19 14 10.5 8.46 21.26 8.46 10.4 30.6 30.6 30.8 3.5 6.75 16.41 8.61 8.81 8.91 24.3 30.61 28.71 8.51 21.3 6.5 30.5 7 30.8 6.69 30.5 8.3 11.7 31 30.5 30.2 6 8.65 16.2 30.45 NaN NaN NaN NaN NaN NaN NaN NaN NaN NaN NaN NaN NaN NaN NaN NaN NaN 8.74 7.18 7.6 7.58 6.2 10.58 5.8 10.4 8.08 7.98 8.09 7.8 5.1 7.99 7.99 22.8
8.1 8 16 30.8 30.5 6.64 8.1 6.8 31 30.6 30.7 16.5 9 11 8.6 29.2 24.2 8.7 30.2 1.3 30.7 30.9 14.1 30.36 30.8 10.8 30.6 30.8 7 30.7 30.8 8.21 8.31 18.51 8.21 18.51 8.31 30.5 30.71 30.4 8.7 30.3 30.5 5.9 6.99 6.69 3.3 28.6 30.2 6.69 6.79 30.8 3.3 30.25 30.75 28.15 NaN NaN NaN NaN NaN NaN NaN NaN NaN NaN NaN NaN NaN NaN NaN NaN 6.1 8.74 7.9 8.84 6.98 7.18 8.28 8.28 11.3 30.5 3.3 10.68 5.2 30.3 30.49 7.79
30.5 30.4 7.8 18 30.6 11.2 30.7 30.7 30.6 30.5 30.6 30.7 30.9 30.8 6.04 6.14 30.9 23.3 5.94 16.1 30.6 30.1 11.8 3.2 5.4 30.4 30.7 6 6.2 30.8 6.8 6.4 13.41 30.11 8.91 28.51 8.41 6 3.5 26.4 13.6 14.1 6.49 16.8 6.69 30.4 6.6 4 7.19 6.99 14 6.59 1.3 30.3 30.9 8.45 NaN NaN NaN NaN NaN NaN NaN NaN NaN NaN NaN NaN NaN NaN NaN NaN NaN 30.44 9.04 8.74 8.94 9.24 11.44 1.2 10.04 12.34 9.84 22.04 7.89 7.9 7.89 13.19
30.1 30.9 7.8 5.79 8.5 30.3 30.7 30.8 31.1 31.2 31.3 30.9 22.6 31 23.1 5.64 6.04 30.4 31.4 30.4 30.3 30.4 6.4 30.9 30.9 30.1 30.4 12 30.3 26.8 30.1 5.75 10.01 6.4 7.41 6.5 10.9 8.51 10.81 30.5 31.1 6.95 17.5 30.1 6.59 30.1 30.5 3.4 30.5 6.29 4 30.65 30.4 6.4 21.1 30.85 25.95 NaN NaN NaN NaN NaN NaN NaN NaN NaN NaN NaN NaN NaN NaN NaN 14.2 10.94 8.84 11.44 9.24 9.24 11.34 14.04 7.1 30.34 30.34 30.14 10.59 7.79 10.69 10.69
14.8 30.3 5.59 5.49 30.6 30 31.3 30.8 30.7 7.14 31.1 15.8 31.3 31.5 30.7 7.1 6.7 6.14 5.74 26 30.9 30.1 5.8 30.7 14.7 30.2 31 30.3 30.9 5.6 24 21.7 27 13.5 5.85 1.4 3.8 30.8 30.11 30.5 30.8 6.85 30.6 30.6 6.09 30.5 24.4 18.7 21.8 30.5 5.79 12.65 31.5 13.05 14.85 7.65 7.8 22.3 NaN NaN NaN NaN NaN 7.04 NaN NaN NaN NaN NaN NaN NaN NaN 8.74 8.74 8.74 26.44 16.24 8.94 1.1 13.74 11.34 8.74 25.54 27.84 8.08 7.99 30.19 7.69
12.4 19.6 30.3 30.3 30.4 31.3 30.8 30.7 31 31.4 30.3 30.8 30.2 31.2 16.8 19.2 11.8 30.4 30.8 30.6 8.5 3.7 4 30.5 30.3 16.9 31.5 30.2 30.6 30.6 30.3 5.9 12.8 30.6 5.25 5.75 18 13.7 7.51 10.2 4.1 12.4 30 30.6 5.29 5.39 5.9 31 5.79 30.8 11.5 4.2 7.45 7.05 1.5 5.64 30.8 5.9 9.9 7.44 9.84 9.74 7.24 7.04 6.94 NaN NaN NaN NaN NaN NaN 18.54 30.54 16.54 9.44 8.84 18.84 16.54 30.64 8.74 8.54 11.64 12.04 9.34 7.98 20.69 8.09 7.89
27 30.2 30.8 30.6 30.7 30.1 30.8 30.8 30.9 30.9 30.6 6.24 30.7 5.7 30.4 4.1 11.5 6.74 30.6 30.4 6.44 5.5 5.55 3.2 3.3 31.3 3.5 6.5 5.75 6.45 26.5 7.9 5.25 11 30.2 16.9 30.4 30.3 7.11 30.5 30.7 30.5 31.4 30.5 24.9 4.2 13.5 19.7 4.2 30.2 8.4 5.59 5.49 6.6 7.5 5.54 30.4 7.5 12.7 17.24 6.84 6.84 9.74 6.94 6.94 NaN NaN NaN NaN NaN 7.3 12.9 30.04 30.24 30.44 11.24 11.64 8.94 21.44 30.44 30.24 26.44 30.64 11.64 7.38 28.38 NaN NaN
30.5 30.7 31.1 30.9 30.7 30.8 30.6 30.7 30.8 23.1 6.04 12.5 10.8 10.6 6.54 13.4 8.5 30.9 6.3 4 5.94 5.8 5.45 5.9 3.2 29 14.4 6.5 30.4 30.3 6.4 10.6 30.3 30.3 30.3 24.1 7.31 30.6 14.91 14.2 30.5 30.5 30.2 30.6 30.4 30.6 30.1 31 30.8 3.6 6.6 5.49 5.69 7.4 9.8 30.4 11.4 30.1 1.3 6.2 7.14 7.24 12.14 6.94 7.6 NaN NaN NaN NaN NaN 9.54 14.84 11.84 16.24 24.3 9.04 11.44 8.94 8.74 30.24 9.24 26.94 11.5 11.64 7.68 7.58 NaN NaN
30.8 30.7 30.5 30.8 30.9 30.2 30.7 30.9 25.8 30.6 30.8 31.1 30.4 30.6 26.8 6.04 30.3 4.3 1.3 6.1 5.94 7.8 3.1 30.1 1.2 30.6 14.3 30.6 5.7 5.55 30.1 30.1 30.5 1.3 30.2 5.55 30.2 30.41 5.85 30.6 6.15 8.4 31 30.2 31.1 30.4 30.3 21.6 3.3 5.8 20.9 30.4 16.6 6.95 7.2 5.94 5.94 7.6 9.7 6.94 7.04 7.04 7.24 14.64 6.94 NaN NaN NaN NaN 30.34 12.44 9.64 27.4 9.44 8.74 18.74 8.74 30.64 9.04 11.24 8.84 8.84 8.74 30.14 30.7 19.34 NaN NaN
31.1 31 30.5 30.4 30.6 7.1 30.7 31.4 21.2 30.7 31.2 30.3 9 26.5 6.04 30.4 6.24 11.3 30.5 5.6 16 30.4 6.4 30.7 8.8 5.95 5.65 5.45 30.3 30.1 5.4 30.5 5.35 28.6 6.6 6.05 31.1 6.45 5.95 5.95 30.9 15.3 22.3 17.6 7.1 12.3 12.2 22.3 19.8 5.39 3.2 30.4 3.1 13.4 30.5 5.74 23.7 5.84 5.84 30.44 3.9 7.34 9.54 9.1 NaN NaN NaN 9.64 7.98 10.98 30.7 11.3 9.54 9.74 9.64 8.54 8.84 24.14 16.74 30.64 11.34 8.64 8.74 30.84 8.94 NaN NaN NaN
30.5 30.6 17.2 30.6 30.8 30.4 31.2 30.7 16.2 31 30.8 30.6 3.2 5.84 23.3 9.2 30.8 30.4 20.9 30.5 30.2 30.3 3.6 30.3 30.5 31.1 5.85 5.55 5.95 8.1 6.05 23.1 8.7 5.95 6.05 30.2 30.9 5.75 8.2 31.2 24.3 20.7 17.4 26 12.6 10 30.7 9.8 1.1 9 3.6 30.3 5.6 30.5 5.1 5.9 11 21.7 7.1 7.44 4 9.64 7.14 NaN NaN NaN NaN 20.7 7.98 30.4 30.2 12.44 30.1 30.6 3.8 9.74 30.3 8.74 8.84 14.24 16.54 11.54 19.24 16.64 30.14 NaN NaN NaN
30.8 30.7 31.1 30.2 30.3 30.7 31.1 30.5 30.5 30.7 23.6 30.2 3.6 6.04 30.9 30.6 31.1 30.9 30.2 30.3 12.8 30.9 30.1 30.7 26 6.25 5.95 5.75 5.95 15.7 23.3 10.5 30.5 25.1 30.4 30.1 30.3 30.6 3.9 4 5.75 22.5 30.4 10.4 30.3 10.7 30.5 12.8 5.7 30.2 15.7 15.9 5.39 5.29 30.2 19.2 5.74 6.04 5.94 9.94 7.24 10.14 7.54 22.44 NaN NaN 30.3 30.5 12.8 30.34 30.44 12.24 17.14 12.14 30.84 30.8 9.84 21.34 30.34 11.74 14.14 30.34 9 30.64 11.84 NaN NaN NaN
31.1 30.7 31.1 30.7 31.2 30.5 30.9 6.64 31 30.3 30.7 30.5 7.9 31.1 30.4 30.3 3.9 19.3 8.2 30.4 30.8 30.3 31.2 30.2 30.9 30.5 5.65 5.55 5.65 5.45 30.4 5.65 15.5 11 30.8 11.8 30.5 30.2 30.6 30.6 30.4 30.2 7.7 1.4 1.2 12.2 30 5.3 5.5 15.4 8.1 3.7 5.19 5.19 5.39 5.49 21 30.3 18.1 7.34 7.04 30.3 30.3 9.64 7.44 7.34 NaN 7.78 9.34 30.14 8.28 9.64 12.2 30.4 30.3 22.84 30.6 10.04 30.34 16.74 14.54 12.24 11.94 14.34 14.64 30.14 NaN NaN
30.2 31.2 30.9 31.4 31.5 32 30.14 31.24 31.1 30.5 30.6 30.6 30.8 23.5 30.3 30.5 30.2 30.9 30.1 5.5 27.9 30.7 30.1 30.5 30.7 5.55 5.35 5.35 5.55 5.25 5.35 13.3 5.8 30.2 6.3 30.5 30.8 30.7 30.6 3.9 30.5 30.3 5.65 12.5 5.35 5.29 5.89 30.5 5.99 30.5 10.4 30.6 30.6 5.49 5.49 5.39 30.4 30.6 5.64 30.1 14.8 30.7 3.8 7.14 17.7 7.14 30.3 9.9 19.54 20.78 30.2 14.84 20.14 10.04 27.3 25.24 20.14 15.24 31.04 30.5 21.64 29.5 16.84 16.94 9.34 17.14 16.74 NaN
30.6 31.2 31.3 31.3 31 7.24 31.4 31.5 30.8 30.3 30.6 30.7 30.9 30.8 30.7 31.1 31.1 30.4 31.1 8.7 30.7 20.5 30.3 30.4 30.6 5.95 5.45 5.15 5.45 5.65 1.3 5.55 30.5 30.4 30.3 30.2 9.2 30.7 30.1 6.05 8.5 5.45 30.5 30.7 30.5 23.1 5.79 5.99 5.69 31 5.89 7.8 12.8 6.3 30.4 30.4 8.1 5.74 30.3 6.18 26.4 16.1 9.2 25 7.34 30.8 30.1 30.8 30.8 18.58 30.34 30.6 30.84 30.74 18.48 20.54 30.54 15.24 19.24 30.44 19.44 11.54 8.74 14.44 9.24 14.64 9.04 NaN
24.5 30.6 30.9 31.7 31.5 31.3 30.6 31.2 30.7 31.5 30.8 30.5 30.4 30.2 30.7 30.6 31 6 31.1 30.9 30.3 30.6 30.2 30.3 30.5 30.3 5.65 26.6 30.4 21.7 30.1 13.3 5.35 30.3 30.8 30.4 30.5 5.15 5.65 5.15 30.6 5.2 7.6 15.5 5.4 5.59 5.69 5.29 5.19 30.3 5.59 30.3 7.7 5.29 5.79 11.1 5.49 30.4 30.6 5.88 31.1 6.1 12.7 3.1 7 5.48 30.6 30.2 23.48 8.08 30.4 30.18 30.28 25.88 13.78 26.08 10.88 10.04 9.04 9.14 16.74 26.6 30.2 11.54 19.64 9.34 NaN NaN
30.3 30.4 32.2 31.4 7.04 31.1 30.4 31 30.8 30.9 31 30.6 30.7 30.7 30.7 8.5 8.6 15.8 30.7 30.2 17.8 15.4 12.9 8 8.6 5.95 30.2 5.45 5.2 5.65 9.8 30.1 19.9 5.35 30.5 12.8 5.35 5.45 5.35 5.35 25.7 6.4 7.3 12.9 20.2 18 11.2 12.5 5.3 25.5 7.7 6 30.5 30.8 30.9 5.3 3.8 30.2 5.44 5.64 5.5 22.4 30.3 19.7 17.9 5.58 30.98 30.54 30.3 30.2 15.78 30.3 6.3 6.6 4.3 10.04 9.84 17.44 17.74 30.74 1.4 30.54 11.49 30.39 10.49 8.99 NaN NaN
30.6 30.8 31.4 32.2 NaN NaN NaN 30.2 30.4 30.4 30.3 30.6 30.2 30.3 30.8 30.5 30.7 30.6 13.1 30.6 14.1 18.2 1.6 3.5 10.9 30.6 12.8 18.1 6.25 6.05 5.95 30.7 15 30.3 25.3 5.85 5.85 6.25 5.55 5.75 19.9 17.8 30.4 5.1 5.1 20.5 30.5 30.5 30.4 17.5 22.3 12.4 5.9 30.8 7.8 30.5 9.5 30.4 5.84 5.84 4 5.78 13 30.8 1.2 30.6 11.8 30.5 9 30.4 16.18 30.4 30.8 16.08 30.08 17.64 5.9 27.64 30.49 9.59 30.29 9.09 15.99 11.59 11.69 30.39 16.59 NaN
31.2 31.1 30.8 NaN NaN NaN NaN NaN 30.8 31 24.5 30.6 30.7 31.1 30.8 30.4 31.1 30.6 30.4 30.7 30.3 6.35 5.9 5.6 30.5 8.1 25.4 30.2 6.05 5.95 6.45 25.6 13.2 6.35 6.15 30.2 5.85 6.05 5.65 5.65 5.85 30.3 17.4 30.4 30.3 30.5 30.1 15 30.9 30.3 7.2 30.4 30.6 7.4 31 11.1 30.3 22.9 30.5 5.94 30.4 5.98 8 30.5 30.3 30.6 1 30.2 18.9 10.58 30.58 30.8 7.9 16.7 3.8 20.29 10.39 30.59 30.89 16.99 16.89 9.19 11.59 11.69 11.59 31 26.79 9.19
30.5 5.54 NaN NaN NaN NaN 6.14 30.5 30.5 30.5 30.5 16.8 9.5 30.9 30.7 6.2 31 30.5 30.5 30.3 30.9 19.2 30.9 6.5 30.7 30.5 30.9 6.15 30.7 25.6 6.45 5.85 5.75 6.05 5.95 5.95 5.85 5.95 5.85 5.95 5.95 5.95 6.05 5.69 5.89 5.89 30 5.69 30.5 25.6 30.5 30.6 30.2 9.9 19.8 5.69 30.6 3.1 5.39 7.8 3.8 29.1 30.6 30.6 24.3 30.5 30.3 30.3 30.9 25.64 30.1 30.44 30.29 30.3 30.23 8.43 10.19 25.29 17.29 10.19 19.49 30.29 11.69 30.59 14.29 30.6 9.09 8.89
NaN NaN NaN NaN NaN 4.94 5.24 30.1 30.6 19.4 14.3 30.4 30.4 31.2 30.5 14.3 30.6 19.4 30.7 7.9 30.3 17.6 30.3 8.2 30.8 31 6.25 6.25 30.6 6.45 6.25 5.85 6.45 5.75 5.75 5.85 5.75 5.85 5.95 5.75 6.05 5.95 7.4 16.7 30.7 31.1 30.6 30.6 5.59 10.8 30.5 7.3 5.59 5.39 5.59 5.49 5.69 5.59 30.4 5.49 7.04 6.84 30.5 5.94 22.8 6.18 30.54 30.64 30.14 9.8 9.89 30.8 30.49 4.2 3.8 20.83 30.39 12.89 30.59 12.59 30.49 11.89 9.29 9.19 21.89 8.99 21.69 11.59
NaN NaN NaN NaN 14.8 6.5 3.3 30.3 30.8 30.7 9.1 30.5 30.7 30.1 30.7 30.6 30.5 5.94 30.3 6.2 6.5 8.3 23.6 5.4 5 6.15 6.15 6.15 6.05 10.4 6.25 5.85 6.05 6.15 6.8 6.45 5.95 6.45 6.05 5.85 5.85 22.8 5.75 9.2 30.4 5.99 9.4 21.9 30.6 30.7 30.6 5.39 5.49 5.79 5.49 5.39 5.69 5.59 5.89 30.8 30.7 30.1 1.5 9.99 19.89 7.5 21.43 8.33 7.9 15.09 30.49 30.29 31.19 16.5 10.93 8.23 15.39 30.59 20.09 15.29 30.49 10.29 30.39 26.69 22.19 26.69 30.39 8.79
NaN NaN NaN NaN 5.14 4.84 30.5 4.84 10.8 4.54 30.4 30.7 22.8 30.9 5.9 6.54 6.14 5 4.7 4.7 7.7 30.5 30.9 30.7 28.7 30.1 30.7 6.25 6.05 13 30.6 6.5 6.2 6.2 6.4 6.25 6.05 5.75 6.05 30.8 10.8 13.5 30.4 9.2 30.3 30.6 11.7 30.8 6.39 10.4 30.3 5.79 5.39 5.79 5.59 5 5.59 14.1 6.79 6.89 17.49 7.19 6.4 6.7 30.3 7.09 9.2 3.9 30.3 9.3 20.49 30.79 15.19 10.29 30.73 25.83 8.23 9.99 1.3 29.99 25.69 10.09 10.09 30.49 9.09 14.9 11.69 8.99
4.74 NaN NaN 5.44 4.94 30.3 4.54 4.44 4.44 4.74 4.74 4.24 4.84 5.24 30.9 5.7 5.2 4.6 13 4.2 3.6 30.6 30.2 30.3 5.1 5.3 5.4 5.85 6.15 7.5 6.7 6.5 6.4 6.3 6.3 5.75 5.65 5.25 5.75 5.95 9.7 30.4 12.3 16.7 31.1 30.8 30.4 5.79 30.5 5.79 NaN 5.89 5.99 5.59 30.2 5.59 19.7 30.4 6.89 30.7 6.69 7.19 7.19 9.1 7.29 30.8 11 8.8 25.4 30.5 22.69 30.69 30.39 30.19 12.39 20.09 17.59 9.89 29.79 17.59 9.79 30.19 12.79 31.09 30.49 15.09 30.39 NaN
NaN NaN 5.34 31 5.24 4.84 4.34 4.84 4.54 4.84 30.5 4.74 5 5.2 4.9 5.4 6.6 4.6 4.9 6.6 30.9 30.7 30.3 9.4 30.2 30.6 5.4 5.75 5.9 6.2 6.3 6.2 6.4 6.6 6.6 6 6.1 8.7 5.65 5.55 30.4 30.3 21.9 19.4 30.6 30.6 30.2 7.6 30.2 5.89 30.3 30.5 26.9 6.09 5.79 5.79 30.6 7.09 7.09 7.49 30.8 5.5 7.8 6.99 6.49 1.5 30.7 8.5 9.69 6.99 23.19 11.03 6.5 15.19 30.39 30.19 9.89 27.69 30.59 22.79 30.19 20.29 30.29 10.09 30.69 30.59 22.99 9.89
5.18 5.34 5.44 5.14 19.1 4.74 4.74 5.54 5.04 5.04 4.3 11 4.9 5.1 4.8 5.3 23.7 5.2 5 4.8 31.1 30.2 30.3 30.6 30.4 5.1 23.3 6.1 5.6 6.1 6.3 6.3 5.7 5.6 5.8 6.2 5.9 6 5.75 5.75 30.8 30.3 30.5 30.2 16.9 30.7 30.7 5.39 9.6 5.59 30.3 7.4 5.99 5.89 30.6 6.09 6.99 7.19 7.59 30.6 7.59 7.19 5.4 30.5 30.5 30.3 10.4 19.2 3.4 21 25.79 19.3 29.2 4.1 7.3 12.39 30.59 17.89 30.29 25.29 10.09 22.99 30.59 30.39 30.39 15.39 30.29 12.69
5.04 5.14 5.44 30.9 4.94 4.54 12 30.6 4.8 4.9 4.9 4.8 4.9 4.8 30.5 14.2 4.8 25.8 5.5 18 31.1 30.4 30.5 4.7 30.3 10.9 30.6 30.5 6.3 6 6 6.1 5.9 6.2 5.9 6.1 5.9 6.3 6.3 6.1 15 30.5 30.5 30.6 30.2 30.5 9.9 21.7 17.7 10.3 5.79 5.69 5.89 6.19 5.89 5.59 6.99 30.2 10.09 7.79 7.59 9.69 7.19 6.59 30.2 6.5 30.3 30.1 6.69 14.69 10.99 30.9 13.59 8.29 14.95 15.25 30.35 22.85 30.29 30.39 9.99 30.49 30.39 10.09 17.99 15.25 30.65 28.05
30.3 5.34 5.44 6.4 4.64 4.34 30.4 30.2 30.4 13.4 5.2 5.2 5.6 5.4 10.1 5 13 3.3 3.8 6.2 30.7 31 30.6 30.4 7.7 7.7 30.5 5 8 30.2 5.9 6 6 6 5.6 6 5.9 21.8 6.3 5.8 6.4 30.8 30.4 30.6 30.6 30.2 9.7 5.69 5.89 5.79 30.3 30.1 30.4 30.9 5.69 12.69 7.29 7.29 14.9 5.5 7.29 7.39 7.19 7.29 30.5 6.59 13.2 30.5 30.5 14.79 18.29 30.7 8.79 12.65 12.65 27.75 30.35 10.25 20.45 30.45 10.35 30.45 10.25 15.15 12.75 12.75 10.05 12.85
30.1 30.8 30.9 30.1 21 30.4 5.3 30.7 9.4 5.2 4.8 5 5.7 5.4 4.9 30.2 4.6 5.6 30.1 30.4 30.5 30.6 13.1 12.9 6 30.6 30.6 30.3 15.4 7.8 3.3 6 6.1 6 5.9 6.2 7.5 7.1 5.9 5.7 5.3 6.7 31.5 31.1 30.6 7 30.3 30.5 5.69 30 12.4 7.2 16.7 30.6 6.39 7.39 31.1 22.59 7.09 9.89 15.09 10.19 6.99 6.5 30.7 5.3 18.6 8.8 6.1 30.4 30.9 30.99 30.2 14.75 3.9 12.55 15.25 30.7 12.55 8.29 8.59 10.05 30.6 30.45 12.65 11.4 30.3 30.7
30.4 31.1 5.4 12.7 20.4 5.2 5.5 5.2 30.6 30.4 4.9 30.5 30.2 30.5 30.5 30.7 4.8 10.3 30.4 30.5 5.1 30 7.8 30.5 9.7 30.1 7.8 30.4 18.6 8.3 30.2 5.9 6.2 15.5 5.9 7.4 30.5 7.1 10.2 7.4 6.5 31 30.4 30.7 30.7 5.95 30.7 27.2 30.2 5.95 5.75 30 30.6 5.89 7.09 6.99 7.4 14.79 9.89 30.59 7.39 7.29 7.09 4 7.29 21.29 12.65 11.3 1.4 4.1 13.59 30.2 13.59 10.9 30.4 13.49 17.3 28.5 8.4 8.79 30.25 17.75 18.05 12.75 15.1 15.2 30.4 21.6
30.7 6.6 5.4 5.2 4.6 4.5 4.8 5.5 11.1 30.4 4.9 30.6 30.7 9.7 5 4.9 5 30.2 19.1 5.1 6.1 5.8 13 30.5 30.7 16.9 23.5 3.1 5.3 10.3 5.3 16.5 6.3 5.9 7.7 25 27.6 10 7.4 7.7 7.6 30.7 30.9 30.6 6.15 5.85 28.4 30.4 5.85 6.05 6.15 5.65 5.75 5.65 30.3 7.05 9.85 15.5 7.39 7.29 9.89 7.19 1.1 12.59 8.69 15.25 15.25 16.4 8.29 23.49 30.75 9.75 30.65 15.6 25.15 5.2 8.19 30.49 8.69 30.05 30.45 30.45 30.55 30.45 30.55 8.45 7.2 3.8
4.8 4.8 4.4 4.6 4.3 5 5 4.7 6.5 30.7 29.2 14.3 5.8 1.2 5 4.9 4.8 4.6 5.3 18 15.2 5.8 5.7 7.8 30.6 30.1 6.6 13 5.1 30.5 30.5 6 30.7 6.3 30.5 7.3 9.8 7.5 22 9.8 7.3 8.1 6.05 30.4 30.4 5.89 5.89 5.79 6.25 5.75 30.4 6.15 5.75 7.25 6.75 6.75 30.6 22.65 7.35 9.95 7.39 22.3 7.39 7.69 10.89 13.29 10.05 3.7 1.2 7.89 30.25 14.95 10.55 12.85 9.95 30.55 12.65 12.75 28.15 10.05 30.15 18.45 20.55 30.35 10.15 30.8 10 8.85
