Outfile_3.asc
NCOLS 201
NROWS 151
XLLCORNER 730592.938286
YLLCORNER 2561222.529137
CELLSIZE 145.176046
NODATA_VALUE NaN
[rows 0 to 32 of 151, columns 75 to 149 of 201]
NaN NaN NaN NaN NaN NaN NaN NaN NaN NaN NaN NaN NaN NaN NaN NaN NaN NaN NaN NaN NaN NaN NaN NaN NaN NaN NaN NaN NaN NaN NaN NaN NaN NaN NaN NaN NaN NaN NaN NaN NaN NaN NaN NaN NaN NaN NaN NaN NaN NaN NaN NaN NaN NaN NaN NaN NaN NaN NaN NaN NaN NaN NaN NaN NaN NaN NaN NaN NaN NaN NaN NaN NaN NaN NaN
NaN NaN NaN NaN NaN NaN NaN NaN NaN NaN NaN NaN NaN NaN NaN NaN NaN NaN NaN NaN NaN NaN NaN NaN NaN NaN NaN NaN NaN NaN NaN NaN NaN NaN NaN NaN NaN NaN NaN NaN NaN NaN NaN NaN NaN NaN NaN NaN NaN NaN NaN NaN NaN NaN NaN NaN NaN NaN NaN NaN NaN NaN NaN NaN NaN NaN NaN NaN NaN NaN NaN NaN NaN NaN NaN
NaN NaN NaN NaN NaN NaN NaN NaN NaN NaN NaN NaN NaN NaN NaN NaN NaN NaN NaN NaN NaN NaN NaN NaN NaN NaN NaN NaN NaN NaN NaN NaN NaN NaN NaN NaN NaN NaN NaN NaN NaN NaN NaN NaN NaN NaN NaN NaN NaN NaN NaN NaN NaN NaN NaN NaN NaN NaN NaN NaN NaN NaN NaN NaN NaN NaN NaN NaN NaN NaN NaN NaN NaN NaN NaN
NaN NaN NaN NaN NaN NaN NaN NaN NaN NaN NaN NaN NaN NaN NaN NaN NaN NaN NaN NaN NaN NaN NaN NaN NaN NaN NaN NaN NaN NaN NaN NaN NaN NaN NaN NaN NaN NaN NaN NaN NaN NaN NaN NaN NaN NaN NaN NaN NaN NaN NaN NaN NaN NaN NaN NaN NaN NaN NaN NaN NaN NaN NaN NaN NaN NaN NaN NaN NaN NaN NaN NaN NaN NaN NaN
NaN NaN NaN NaN NaN NaN NaN NaN NaN NaN NaN NaN NaN NaN NaN NaN NaN NaN NaN NaN NaN NaN NaN NaN NaN NaN NaN NaN NaN NaN NaN NaN NaN NaN NaN NaN NaN NaN NaN NaN NaN NaN NaN NaN NaN NaN NaN NaN NaN NaN NaN NaN NaN NaN NaN NaN NaN NaN NaN NaN NaN NaN NaN NaN NaN NaN NaN NaN NaN NaN NaN NaN NaN NaN NaN
NaN NaN NaN NaN NaN NaN NaN NaN NaN NaN NaN NaN NaN NaN NaN NaN NaN NaN NaN NaN NaN NaN NaN NaN NaN NaN NaN NaN NaN NaN NaN NaN NaN NaN NaN NaN NaN NaN NaN NaN NaN NaN NaN NaN NaN NaN NaN NaN NaN NaN NaN NaN NaN NaN NaN NaN NaN NaN NaN NaN NaN NaN NaN NaN NaN NaN NaN NaN NaN NaN NaN NaN NaN NaN NaN
NaN NaN NaN NaN NaN NaN NaN NaN NaN NaN NaN NaN NaN NaN NaN NaN NaN NaN NaN NaN NaN NaN NaN NaN NaN NaN NaN NaN NaN NaN NaN NaN NaN NaN NaN NaN NaN NaN NaN NaN NaN NaN NaN NaN NaN NaN NaN NaN NaN NaN NaN NaN NaN NaN NaN NaN NaN NaN NaN NaN NaN NaN NaN NaN NaN NaN NaN NaN NaN NaN NaN NaN NaN NaN NaN
NaN NaN NaN NaN NaN NaN NaN NaN NaN NaN NaN NaN NaN NaN NaN NaN NaN NaN NaN NaN NaN NaN NaN NaN NaN NaN NaN NaN NaN NaN NaN NaN NaN NaN NaN NaN NaN NaN NaN NaN NaN NaN NaN NaN NaN NaN NaN NaN NaN NaN NaN NaN NaN NaN NaN NaN NaN NaN NaN NaN NaN NaN NaN NaN NaN NaN NaN NaN NaN NaN NaN NaN NaN NaN NaN
NaN NaN NaN NaN NaN NaN NaN NaN NaN NaN NaN NaN NaN NaN NaN NaN NaN 8 7.9 NaN NaN NaN NaN NaN NaN NaN NaN NaN NaN NaN NaN NaN NaN NaN NaN NaN NaN NaN NaN NaN NaN NaN NaN NaN NaN NaN NaN NaN NaN NaN NaN NaN NaN NaN NaN NaN NaN NaN NaN NaN NaN NaN NaN NaN NaN NaN NaN NaN NaN NaN NaN NaN NaN NaN NaN
NaN NaN NaN NaN NaN NaN NaN NaN NaN NaN NaN NaN NaN NaN NaN NaN 7.9 8.2 7.9 NaN NaN NaN NaN NaN NaN NaN NaN NaN NaN NaN NaN NaN NaN NaN NaN NaN NaN NaN NaN NaN NaN NaN NaN NaN NaN NaN NaN NaN NaN NaN NaN NaN NaN NaN NaN NaN NaN NaN NaN NaN NaN NaN NaN NaN NaN NaN NaN NaN NaN NaN NaN NaN NaN NaN NaN
NaN NaN NaN NaN NaN NaN NaN NaN NaN NaN NaN NaN NaN NaN 10.8 8.2 21.8 8.1 8 NaN NaN NaN NaN NaN NaN NaN NaN NaN NaN NaN NaN NaN NaN NaN NaN NaN NaN NaN NaN NaN NaN NaN NaN NaN NaN NaN NaN NaN NaN NaN NaN NaN NaN NaN NaN NaN NaN NaN NaN NaN NaN NaN NaN NaN NaN NaN NaN NaN NaN NaN NaN NaN NaN NaN NaN
NaN NaN NaN NaN NaN NaN NaN NaN NaN NaN NaN NaN 8 10.7 8 8.1 10.6 10.6 10.9 8 NaN NaN NaN NaN NaN NaN NaN NaN NaN NaN NaN NaN NaN NaN NaN NaN NaN NaN NaN NaN NaN NaN NaN NaN NaN NaN NaN NaN NaN NaN NaN NaN NaN NaN NaN NaN NaN NaN NaN NaN NaN NaN NaN NaN NaN NaN NaN NaN NaN NaN NaN NaN NaN NaN NaN
NaN NaN NaN NaN NaN NaN NaN NaN NaN 15.5 8 13.1 8.1 8 8.1 8 7.9 8.2 7.1 12.8 NaN NaN NaN NaN NaN NaN NaN NaN NaN NaN NaN NaN NaN NaN NaN NaN NaN NaN NaN NaN NaN NaN NaN NaN NaN NaN NaN NaN NaN NaN NaN NaN NaN NaN NaN NaN NaN 7.65 NaN 15.25 NaN NaN NaN NaN NaN NaN NaN NaN NaN NaN NaN NaN NaN NaN NaN
NaN NaN NaN NaN NaN NaN NaN NaN NaN 10.6 23.3 10.8 15.3 8 8.1 10.6 8 8.2 7.9 12.3 NaN NaN NaN NaN NaN NaN NaN NaN NaN NaN NaN NaN NaN NaN NaN NaN NaN NaN NaN NaN NaN NaN NaN NaN NaN NaN NaN NaN NaN NaN NaN 7.45 7.55 7.45 7.7 7.45 7.55 30.45 30.05 7.65 7.1 7.65 NaN NaN NaN NaN NaN NaN NaN NaN NaN NaN NaN NaN NaN
NaN NaN NaN NaN NaN NaN NaN NaN 10.8 10.8 10.6 28.6 8.2 13.2 8 8 8.1 8.1 13.6 8.3 8.6 NaN NaN NaN NaN NaN NaN NaN NaN NaN NaN NaN NaN NaN NaN NaN NaN NaN NaN NaN NaN NaN NaN NaN NaN NaN NaN NaN NaN NaN NaN 10.15 10.15 7.45 10.45 7.55 15.45 8.05 5.8 7.75 7.65 7.45 7.55 NaN NaN NaN NaN NaN NaN NaN NaN NaN NaN NaN NaN
NaN NaN NaN NaN NaN NaN NaN 8.6 18.1 8 8.1 8 30.3 15.5 16 8.6 11.2 8.3 8.2 10.7 7.8 NaN NaN NaN NaN NaN NaN NaN NaN NaN NaN NaN NaN NaN NaN NaN NaN NaN NaN NaN NaN NaN NaN NaN NaN NaN NaN NaN NaN NaN 8 8 6.2 30.2 11.1 8.2 8.3 10.7 30.3 17.85 30.3 7.45 7.55 NaN NaN NaN NaN NaN NaN NaN NaN NaN NaN NaN NaN
NaN NaN NaN NaN NaN 8.1 25.6 30.3 30.6 6.5 30.3 7.6 10.2 10 7.9 18 7.9 7.8 30.4 8 8.2 10.5 NaN NaN NaN NaN NaN NaN 8.1 NaN NaN NaN NaN NaN NaN NaN NaN NaN NaN NaN NaN NaN NaN NaN NaN NaN NaN NaN NaN NaN 8.2 8.1 13.4 8.1 8.2 30.4 10.9 13.2 7.65 7.65 7.85 7.65 10.15 7.75 NaN NaN NaN NaN NaN NaN NaN NaN NaN NaN NaN
5.4 NaN NaN 3.9 9.2 6.5 4 11.8 21.6 3.9 25.2 7.6 7.8 7.7 7.9 7.7 7.8 12.7 7.7 4 11 8.2 NaN NaN NaN NaN NaN NaN 30.2166666667 13.5 30.4 NaN NaN NaN NaN NaN NaN NaN NaN NaN NaN NaN NaN NaN NaN NaN NaN NaN NaN NaN 10.8 30.3 8.2 13.6 10.8 30.7 30.3 23.4 13.4 17.85 12.5618913743 7.65 7.55 7.75 NaN NaN NaN NaN NaN NaN NaN NaN NaN NaN NaN
12.8 8 10.9 7.7 7.9 7.8 30.5 7.9 10.5 30.3 30.5 10.4 7.6 10.2 7.4 7.4 7.6 10.2 10.3 7.5 25.5 30.6 30.7 18.3 NaN NaN NaN NaN 30.8703703704 21.0333333333 31 28.6 30.4 8.3 13.2 3.7 NaN NaN NaN NaN NaN NaN NaN NaN NaN NaN NaN NaN NaN NaN NaN 23.6 30.4 30.7 1.5 11 8.1 10.6 8.1 8.1 12.65 7.55 30.678511354 10.05 7.45 NaN NaN NaN NaN NaN NaN NaN NaN NaN NaN
20 24.7 15.6 9.9 7.4 7.9 15.8 30.3 13.4 30.1 27.9 7.8 10.1 7.8 7.5 7.5 10 7.5 7.5 10.1 10.3 7.8 8.3 30.6 10.7 7.9 7 8.1 10.8 30.2 20.8 30.2 15.8 8.3 7.7 6.4 7.8 10.6 NaN NaN NaN NaN NaN NaN NaN NaN NaN NaN NaN NaN 8 8.2 30.7 20.8 8.6 8.5 8.3 30.2257618163 7.9 20.7 8.2 7.65 7.55 10.6540925512 NaN NaN NaN NaN NaN NaN NaN NaN NaN NaN NaN
7.5 7.7 11.4 7.4 8 8.2 10.8 10.7 7.8 7.5 7.5 7.8 7.6 7.9 30.4 10 7.3 7.3 15.1 7.8 7.9 12.7 10.9 10.5 7.9 8.1 15.6 7.9 10.5 16.1 8.4 30.2 10.9 8.1 12.8 7.6 3.6 10.6 13.5 14.3 7.5 NaN NaN NaN NaN NaN 7.8 NaN 12.8 7.8 5.9 10.3 7.9 11.4 27 20.6 8.2 8.2 20.7 10.7 7.85 7.85 7.65 NaN NaN NaN NaN NaN NaN NaN NaN NaN NaN NaN NaN
7 12.1 3.7 7.5 28.4 30.6 30 7.7 7.7 7.7 7.8 10.1 7.5 7.3 7.5 25 7.7 7.4 12.8 7.8 7.6 10.5 7.5 8.1 8 8.1 30.2 7.7 10.3 30.6666666667 7.8 6.7333333333 4.0703703704 30.6 31.1 13 19.9 8.1 7.9 7.6 7.6 7.5 7.3 7.3 7.3 7.7 15.5 8 7.6 13.1 7.8 7.6 7.9 21 8.2 13.1 8.5 10.4 8.2 7.85 7.75 8.05 10.35 7.75 7.55 NaN NaN NaN NaN NaN NaN NaN NaN NaN NaN
9.8 7.1 6.9 18.2 15.8 22.7 12.6 10.5 13.1 10.9 7.7 7.5 7.6 7.4 30.2 15.1 7.3 14.8 13 30.3 10.3 25.1 12.3 7.7 8 7.9 7.2 7.3 7.1513641714 24.7666666667 13 16.3333333333 12.6 7.9 8 30.4 10.6 10.3 7.7 7.2 22.6 7.2 3.6 1.1 1 3.6 8.1 25.8 15.9 8 7.8 7.7 9.9289342698 13.3 27.3384487607 15.6 30.5 11.1 7.85 7.75 7.85 7.65 7.65 7.55 10.15 30.65 7.85 15.75 30.45 15.85 30.6 7.95 7.75 7.75 NaN
7.4 7.1 6.8 6.8 6.5 7.6 9.9 12.6 12.8 7.8 18 8.1 7.8 10 7.6 14.8 17.8 17.4 14.9 15.4 30.4 7.7 7.2 7 7.2 6.9 6.8 7.2380952381 6.0703703704 7.3 30.5 8 30.2513641714 7.4 3.2 7.4 7.3 30.7 30.6 30.3 6.2 15.7 7.6 1.1 10 9 7.9 7.9 8.2 7.7 6.0002805931 8 13.1 8.1 7.8 22.8540925512 10.65 27.45 15.55 7.95 10.85 7.85 13.05 20.55 30.35 23.05 12.55 7.85 10.75 30.25 13.05 7.75 13.05 7.75 7.65
6.7 14.7 7 6.8 6.6 9.9 7.5 7.3 30.1 10.1 7.6 12.8 25.1 10.2 7.6 6.6 7.8 30.3 30.6 30.3 7.6 10.1 30.1 7.5 7.3 11.3 1.5 9.8 7.3 10.2 10.2 15 30.1333333333 15.2 7.6 10.2 1.3 8 30.7 30.5 2.0579244652 9.3489137706 7.7 1.3129588438 1.1 1.2 7.5 7.1 9.7 7.2 10.1 10.5 7.4 2.5245006541 30.35 30.8333333333 8.15 31.01898463 12.85 7.75 30.45 30.45 7.75 8.05 12.65 7.45 7.35 7.65 13.15 8.15 8.25 7.85 7.85 18.15 NaN
6.9 6.9 6.8 7.1 5.6 6.4 NaN 17.2 3.7 6.2 3.7 10.2 10.2 7.8 17.6 7.8 7.7 12.6 10 7.3 24.8 7.3 10.673998276 8.9777777778 7.1 4.0777777778 11.0777777778 7.5 7.5 7.6 10.1 7.6 30.3 7.7 3.4564102564 30.4 15.2 18 10.6 18.2 10.6 30.2685127644 30.4991289 6.698142394 7.9 8 7.3 30.5 3.4 7.7 30.3 7.9 30.6540925512 6.75 7.75 17.65 30.35 7.75 7.75 30.45 28.35 8.05 7.95 10.05 7.45 7.55 14.95 15.45 7.65 7.55 10.55 7.75 7.65 7.75 NaN
6.9 6.7 6.7 6.4 6.9 NaN 9.8 NaN 7 3.9222222222 1.5289342698 10 7.3 10 1.473998276 7.6 30.603030303 7.5 7.2 7.5 30.1 10 7.5 30.4761904762 7.3 10.2761904762 3.7761904762 11.3945644158 16.7708182626 8.397178591 7.2 30.3 7.9617382165 7.6166666667 6.7166666667 5.4714045971 7.5 25.3 7.6 2.4430664066 17.8120225406 30.3047379305 30.4904286252 30.4211282852 2.1901371761 30.3094922192 7.9 8.6289342698 7.6 7.4 23 12.7 4.5333333333 7.05 17.55 7.55 7.65 10.75 8.8032369137 7.95 10.35 30.65 8.05 7.85 10.45 30.5 25.35 30.6 7.45 7.65 17.85 7.65 7.45 7.75 NaN
7 6.5 6.7 6.9 6.6 12.1 6.8 NaN 7.3 30.303030303 7.6 17.7333333333 6.6333333333 7.8 8 20.3 7.8 8.8270461645 7.5 7.4 28.2453558739 10 7.5 8.6111111111 10.9111111111 18.4111111111 30.4111111111 9.3609550211 12.2012482872 30.6777777778 13.4874258846 30.1080151505 28.12568603 25.4380983798 30.1333333333 12.2540925512 6.4111111111 7.9 23.2 8 10.8 10.5 30.8273928005 30.2921877893 25.0666666667 12.9622501134 10.3 10.6 13.3 30.3156866083 7.6 7.6 7.15 7.05 30.55 7.85 15.55 12.95 7.85 8.05 30.5 8.45 8.05 7.65 7.75 8.15 30.35 10.25 7.55 7.65 7.65 7.65 7.45 NaN NaN
12.4 7.3 7.4 6.8 7.1 7.1 7.4 7 30.3555555556 6.9 7.4 7.8 15.4666666667 15.0333333333 7.9 15.3111111111 7.8 7.5 30.4333333333 7.2 1.4 7.4 20.1 30.3666666667 11.8666666667 30.5666666667 13.8666666667 12.1200953027 12.2708927697 30.2120225406 30.3240453033 13.9840685946 30.7314757273 30.740057876 7.1333333333 6.7 12.4 12.2 7 7.3825157082 9.6 15.3 7.9 4.6575575791 7.1333333333 30.478511354 10.2 30.347996552 24.8585207206 30.1982350545 10.5 7.4993623108 12.35 14.95 10.15 9.3032369137 7.75 7.65 7.65 7.2 6.6 30.3 23.25 30.55 22.95 30.05 8.15 8.05 30.8 10.25 20.45 7.95 30.2 NaN NaN
9.9 9.8 7.1 6.7 10.0666666667 7.1 6.8 6.8 30.3333333333 16.0333333333 7.2 7.6 30.5 7.8 10 4.9666666667 7.3 7.7 22.7 30.3 7.4 9.8 30.1555555556 30.3761904762 7.5761904762 7.4761904762 7.6761904762 30.5019522925 15.6897640738 22.4245602819 30.1047379305 7 30.2112105808 30.3555555556 14.8 7.3 7.4 7.2 6.3523689097 14.1536979496 6.8 7.2 12.4100148419 7.6 30.2245006541 5.7666666667 6.1 7.9 8 30.1159705015 10.838708522 6.95 30.95 30.4237619586 7.95 7.65 10.35 30.55 7.95 30.4 24.7 5.8 30.15 12.95 30.45 8.05 7.95 10.35 12.95 7.95 7.55 30.4 NaN NaN NaN
10.1111111111 6.9 12.1111111111 6.5 4.4111111111 6.6 30.1111111111 30.3245006541 6.9 19.1333333333 7 10.5084518793 30.7 7.9 14.9 15.2761904762 12.5 10.2 7.9 11.7681050248 7.2 3.4094922192 7 7.4 9.8777777778 12.4777777778 30.0777777778 30.2777777778 30.1617382165 6.9958969948 8.6351191813 6.421584533 8.917305074 9.303030303 7.1 30.7 7.1 7.4 3.503030303 6.6797798013 7.1714285714 7.2 25.4137297639 30.1268601941 30.1134491708 30.4270461645 30.0453558739 7.9 15.9 7.9786892072 7.49071197 7.5127204931 12.65 7.35 7.75 7.4 29.9 8.05 7.95 7.45 25.25 19.7 30.5 18.25 25.85 25.65 20.85 5.8 13.05 8.05 10.55 12.55 7.45 NaN NaN
6.3 6.6 12.2166666667 5.8 9.5166666667 6.2 7 7.1 7 6.7 6.9 7.4 7.2 10.2 17.3 14.4847858837 7.7 7.6 8.1 7.2 7.4 9.9147188482 1.2083333333 25.1021130107 12.2 5.6 9.8 10.5694840324 10.1 15.4 6.6412609479 30.3555555556 6.303030303 3.5083333333 30.5083333333 30.1083333333 7.2 7.1 5.8777777778 3.5761904762 7.2 7.2 15 30.1777777778 9.9635231517 7.4094922192 18.3 8.3 6.7568038428 7.6 7.55 4.8302373727 9.75 10.9253443262 7.95 7.95 7.85 25.65 7.75 10.45 7.65 10.35 10.45 28.25 8.05 20.55 7.95 8.05 8.15 30.25 7.65 17.3 7.85 NaN NaN
6.6 6.2 6.3 5.8 5.9 5.9 6.7 6.8 6.6 7 7.3 17.5 30.2 7.5 30.4 1.3021130107 7.3 7.6 30.1 7.4 19.7 30.2 12.3 7.3 9.9 5.2 10.1 5.2777777778 5.4761904762 10.1 7.2 3.9969040394 23.2923526966 14.4047650464 30.2 7.1 7.3618913743 1.3333333333 6.2134491708 7.1 8.0666666667 17.3111111111 7.4 7.2777777778 30 30.1222222222 8.4094922192 6.3389532194 6.9853397564 30.5297003671 9.65 6.95 7.25 12.35 7.85 20.35 9.7 7.85 7.75 7.95 7.95 7.85 25.35 7.85 7.75 7.95 8.15 7.85 10.45 30.35 8.05 7.55 7.65 NaN NaN
