Outfile_2.asc
NCOLS 201
NROWS 151
XLLCORNER 730592.938286
YLLCORNER 2561222.529137
CELLSIZE 145.176046
NODATA_VALUE NaN
[rows 33 to 65 of 151, columns 75 to 149 of 201]
4.9 7 7.3 5.85 6.3 6 7.65 5.9 5.9 6.7 7.6 5.8 7.65 9.9 11 7.8 13.2 13.95 10.85 5 4.9 4.65 4.7 4.75 4.6 5.8 6 6.2777777778 6.3761904762 11.3666666667 6.8166666667 5.4761904762 6.1777777778 4.7 5.6 11.6393193566 8.7533326691 9.1 11.4540925512 9.6 15.0263333333 6.1111111111 14.9766666667 5.3777777778 5.5 5.9660289775 9.1134491708 6.6584518793 6.1183739396 2.9535234292 8.65 8.15 15.0056666667 6.2111111111 12.7 10.6 9.8 10.9 13.65 10.95 8.3 15.03 14.8 8.8 11.65 10.05 9.35 11.65 11.55 11.95 12.45 14.994 12.9 9.8 NaN
6.7 6.6 7.45 5.95 4.85 6.95 5.55 5.9 6.4 6 7.1 6.75 7 7.75 15.13 14.55 8.95 9.9 9 10.15 10.25 4.65 4.7 4.95 5 5.8 4.5 6.0777777778 6.3761904762 7.6 14.9926666667 15.0591904762 9.9777777778 9.75 8.95 7.8064102564 6.2634491708 14.9204518793 12.75 14.9876666667 6.2611111111 5.7666666667 5.5726779369 5.4135231517 6.3311250567 5.3635735976 7.65 15.0406666667 8.6 8.25 8.2 9.25 7.5166666667 15.06 8.55 11.4 9 8.3 9.8 8.4 9.15 9.35 13.45 15.025 10.15 14.977 12.85 12.45 14.2 13.35 10.6 8.3 10.7 4.8 8.6
6.45 15.017 7.1 4.85 6.1 1.6 4.8 6.65 6.55 6.1 6.8 7.7 11.85 7.15 15.133 6.05 7.7 7.45 9.25 9.35 4.8 4.5 4.75 4.55 4.7 4.8 5.55 6.3277777778 6.4761904762 15.0406666667 12.9666666667 12.9261904762 7.8277777778 12.8 7.913394791 9.2858309864 9.7761904762 8.65 13.4570224301 12.097996552 15.0466880965 6.4533326691 5.4768182948 5.2722222222 4.9446277864 5.4376880965 14.9355006541 5.7 7.1 8.7 2.5277777778 7.35 7.5 14.3 10.35 15.069 15.0118185325 10.1 15.058 9.05 11.4 9 9.15 12.65 14.5 9.75 10.4 9.65 12.65 13.55 12.55 11.5 15.001 8.95 8.9
7.05 7 7.2 6.65 6.4 4.9 1.95 6.55 13.15 5.6 6.5 6.65 6.65 6.75 7.35 8.95 7.5 4.55 4.6 6 9.4 5.8 7.35 4.55 4.55 4.75 6.0521130107 5.6847858837 14.9841904762 7.6 8.55 15.1431904762 14.9877777778 15.048 6.1102895721 15.0094920661 12.5666666667 15.0060224301 15.019511354 14.9868685395 9.173998276 5.3393193566 5.414274771 2.2230772833 5.5428371643 14.0856743286 14.9353333333 10.55 7.35 7.8 7.15 7.3 8.2 10.75 14.953 12.9 10.25 9.55 7.65 13.6 8.05 11.15 9.7 13.55 11.45 10.3 12.75 11.7 8.7 10.5 11 15.032 5.1 9.65 12.7
8.05 6.75 7.35 6.9 7.2 8.8 6.75 6.2 5.65 6.15 6.4 7.65 6.8 15.063 8.1 7.4 8.6 7.45 4.75 9.9 7.15 5.05 4.75 7.15 4.8 4.95 7.1 5.953030303 6.5055555556 15.0113333333 14.678511354 14.7078685395 14.933998276 5.0399385949 5.186717456 7.15 14.9906666667 14.9683333333 7.15 5.3533326691 8.6899385949 14.9552369137 5.4660289775 2.2615508071 2.66898463 8.4570224301 3.29071197 2.1270461645 2.136717456 9.65 9.35 8.15 7.65 7.4 10.65 8.45 8.25 11.65 11.15 15.092 11.25 8 8.6 13.35 9.45 7.85 8.8 8 10.1 5.3 15.192 9.55 15.03 9.35 7.8
14.4 7.9 8.85 20.005 15.45 6.85 5.65 6.65 6.55 6.1 9.1 8.85 8.4 7.4 13.5 8.4 8.7 5.0067245426 11.25 10.25 4.9 5.15 4.8 5.8 6.1757618163 5.0635231517 2.2277777778 8.8 2.6555555556 6.9 14.3111111111 7.65 14.9594102564 5.298142394 7.1 12.178511354 13.1833333333 13.4584518793 6.95 7.6 9.7567245426 6.3477647286 2.3533326691 5.6705792798 6.54071197 8.8070224301 2.5166666667 8.35 9.7 12.85 7.8 6.3923526966 7.95 15.093511354 9.65 9.05 10.65 9.55 4.914274771 8.35 7.75 8.9 10.2 8.95 12.4 7.55 7.7 6.95 5.8 8.55 7.85 10.95 8.55 12.2 5.15
10.95 14.95 6.8 8.5 7.3 6.6 6.9 7 6.3 6.75 7.85 7.2 7.35 4.8899385949 8.1 10.7 10.85 8.9 8.45 10.85 11.75 4.95 5.65 5.9450715499 4.8135735976 5.3134491708 5.2261904762 7.45 6.3883656714 6.55 8.45 6.3850406063 6.0268182948 5.0634491708 15.0536743286 7.2 14.9285006541 10.7969040394 14.9931667897 15.0512242458 8.85 6.2635735976 7.55 6.7245006541 2.25 2.5856743286 8.7 7.65 2.1567245426 13.55 6.25 10.35 14.2884487607 13.4892557464 7.5 7.25 8.85 9.15 5.4660289775 13.35 9.2 8.35 7.95 11.45 10.05 7.35 NaN NaN 7.75 10.15 8 6.35 2.55 9 4.7
8.9 7 6.75 7.25 6.75 8.3 6.8 6.5 6.4 6.05 6.9 15.0428101159 13.55 9.35 8.35 8.2 7.6 7.6 10.65 12.65 8.2 21.45 5.0188440482 5.7081667897 7.25 6.3745006541 8.35 7.1 7.15 11.7875594364 7.75 5.2612944531 10.8612111039 5.2666666667 7.1570224301 6.09071197 4.8705792798 14.0033326691 12.3450715499 8.6 11.6 14.9302501134 5.5745006541 10.9333333333 3.0540925512 2.4214045971 8.4 9.9 10 7.5 7.5 6.2502805931 8.5 13.0226779369 8.65 7.9 10.55 10 5.7115508071 5.1984520197 9.4 8.15 12.05 7.6 8.1 7.2 NaN NaN 7.3 14.957 6.35 7.55 4.9 4.95 4.9
10.45 6.2 5.05 8.85 7.75 6.9 6.8 6.1 6.45 6.8 7 7 11.3 8.9 8.7 7.95 7.5 6.8 8.9 8.85 11.1 8.5 7 NaN 6.31898463 8.0070224301 9.5714317131 7.2 6.75 9.6578339874 7.2967854397 5.3568038428 6.6890996564 9.39071197 8.5833333333 6.95 5.0401371761 7.7768182948 5.4108185325 6.3602895721 6.3726779369 5.8666666667 5.2333333333 4.7070224301 8.75 7.75 10.85 5.85 7.15 7.95 8 8.8 7.55 7.8 8.2 14.7245006541 7.5 10.65 5.2714045971 8.15 10.95 7.2 7.2 7 10.05 9.2 8 7.8 8.45 8.9 9.7 7.1 11.2 8.65 4.85
7.15 6.4 1.85 7.15 7.2 7.05 6.45 6.4 6 6.65 6.8 6.9 12.55 7.8 7.3 7.09071197 6.9 6.95 6.75 7.25 7.7 16.55 7.2 7.6 6.978511354 12.8833333333 6.5745942812 19.9997823999 6.95 7.05 12.3826039052 6.8027049172 6.6963669952 7.6070224301 2.8856743286 5.3267895821 4.9946277864 5.3311250567 12.1399385949 13.736717456 5.3716618094 7.79071197 4.3570224301 2.6166666667 6.1928371643 6.3160289775 5.9532369137 8.85 8.6 7.4 10.55 8.7 8 8.9 9.55 13.45 9.9 9.7 9 9.8767895821 7.75 9 7.9 7.95 6.3874901471 8.75 14.9997245426 15.004 14.96 13.2 14.98 11.3 13.35 7.8 2
7.65 6.45 15.764274771 6.5 6.9 7.2 5.9 6.6 6.95 6.6 6.9 25.01571197 7.05 8.24071197 7.15 8.4 6.4376880965 7 7.45 7.5 7.7 11.5 20.25 8.6 8.7 6.6245006541 7.15 6.4178148254 7.3190276405 10.5937128312 16.513570706 17.1874258846 25.1961434492 2.7666666667 21.6428371643 5.2946277864 5.4742242458 6.2242242458 6.2081667897 7.2 6.028511354 10.0833333333 2.8453558739 1.9767895821 6.1358309864 8.3 6.1 10.55 7.4 9 8.25 9.35 8.15 7.7 8.1 7.75 14.9579040394 9.05 15.0433333333 7.4 7.9 7.4 7.35 10.7 8.55 14.9130529685 8 14.942426912 5.4362387519 15.0144901471 8.35 7 5.9 1.8 14.979
6.75 5.4428371643 6.4 6.35 6.4 6.5 6.15 6.45 13.4635735976 7 5.6540925512 11.1 5.7584518793 5.2705792798 6.95 6.95 7.1 7.15 6.7 13.2705792798 7.3027355997 12.3 9.85 8.6 7.65 6.4216618094 6.2237619586 11.5665769424 6.7827350258 7.0435268607 11.15 12.9 6.6859420902 7.7 8.6 6.0893193566 5.0722222222 2.1768182948 5.2767895821 6.7584518793 9.5 2.7745006541 2.2376880965 10.55 8.9 6.25 2.2 7.5 7.1 8.45 5.95 7.05 9.85 7.85 7.9 9.4 7.65 13.2705792798 15.018511354 10.35 20.0793333333 8.25 7.35 11.8 8 14.9983481745 15.0261833406 10.9 7.2 7.15 6.75 7.35 7.6484520197 1.8067245426 5.9
6.45 6.35 2.5267895821 7.9581667897 6.25 7.55 6.85 7.05 5.3714045971 7 7.05 13.528511354 7.75 7.1 8.05 7.2 10 7.1 6.1977647286 7.25 10.3 8.005300936 10.75 12 8.05 8.05 6.3102895721 18.5788989167 6.9323451376 16.3523179633 8.5 10.05 7.25 7.8 6.4270074531 7.1 7.9 5.9726779369 5.575 8.3 6.928511354 5.4705792798 14.45 2.0450715499 7.65 9.6 7.1 6.1 6.15 7.4 6 5.5 7.65 9.9 11.7 10.9 8.7 8.45 6.6469040394 7.45 19.9923333333 7.9 6.9 19.9833333333 7.85 7.15 7.1 6.75 6.75 6.35 6.95 11.4919755892 14.9752058324 2.0596284107 8.614274771
9.34071197 9.3333333333 5.5084518793 5.6469040394 5.6226779369 5.248142394 6.75 19.9864045971 9.6245006541 19.75 16.928511354 2.1716618094 5.436717456 11.1477647286 7.85 7.3 5.9 7.8 6.95 7.35 8.45 6.9703870548 12.75 8.2 9.65 6.0856325411 6.1230521815 6.3125225222 6.6111111111 15.6 18.1444444444 7.4166666667 24.5111111111 6.9 7.35 8.65 7.3 7.5 10.443742273 14.9468910438 2.6134799922 6.3533326691 5.4977647286 7.7 12.3 12.85 9.6 7.05 7.1 9 7.4 5.35 7.9 8.3 12.55 8.8 10.95 7.15 6.95 19.5833333333 5.1703703704 9.4 9.05 10.7055555556 13.3700953027 19.6375594364 19.9606117652 13.0451780206 6.85 6.85 7 3.5633899069 6.9 2.5761704976 2.2611005273
5.2166666667 17.2666666667 6.7 2.9745006541 5.66898463 7.3 6.8 19.9986743286 13.0333333333 8.25 6.3216618094 8.25 7.9 9.75 7.25 6.9 6.95 6.85 8.15 6.3528140863 7.3 13.25 19.65 6.0082403764 6.6111266977 6.4273862895 5.0222222222 5.309201947 3.1434562487 6.41898463 17.6257543607 7.4523179633 11.7461624635 8.6440446391 4.5393193566 9.3021773816 5.6143423404 6.9101229154 6.3555555556 6.0852414614 6.3626205685 6.0831464622 19.7108185325 13.85 5.75 7.45 6.75 19.918 15.65 5.8 2.1 7.25 5.25 11.8 7.9 8.3 10.45 8.2 13.8242242458 6.9 14.6064102564 5.0347858837 19.9284922192 14.0333333333 20.0721321867 16.9897640738 18.4543547631 14.5985805095 19.9522174738 19.9869883586 19.9848755254 10.6 15.0158045212 2.9739502039 19.9221146552
6.95 6.9 7.15 10.4833333333 12.7055555556 6.1676157029 19.9650740412 8.8651186864 12.9454770164 7.4 6.1 18.7230772833 7.1 7.15 10.65 7.7 5.75 8.8 9.9 6.1880952381 6.5181350989 7.1570952919 8.85 11.6421691488 2.429996399 6.2877707402 1.9828101159 6.3255884172 7.7524976531 5.8268601941 17.0026087569 12.6972305644 15.9235015266 18.7071936115 6.7 6.75 7.6483456956 15.3370537214 5.1333333333 3.2203870548 6.1650123622 10.0459542766 5.8 5.75 7.05 7.7 7.5 18.2 6.85 6.85 7.4 8 11.85 8.35 8.9 8.6 15.041 15 12.45 11 12.4 12.9021130107 8.4 11.3242242458 13.6277777778 14.6573155329 20.0181506991 20.0701093871 19.9211186864 19.1071068402 16.9360514612 20.0696892072 20.0070453033 3.4515468186 6.5103925074
16.7261904762 14.2761904762 2.4261904762 6.6733912093 3.130910846 7.05 7.5 6.4833333333 14.15 6.85 6.35 7.05 5.1547650464 7.1 6.3 6.25 5.9 5.65 10.65 14.9872242458 11.986570247 5.7059860233 8.9064102564 2.7535234292 2.7742677032 5.0564102564 1.9064102564 5.9134491708 6.8729365995 5.2190355763 6.5994767825 6.3870664144 13.5862387519 9.1548669366 6.95 6.8 2.740937233 6.8123737794 10.2277777778 7.0487079739 9.8787676428 11.2826256917 6.95 7.3 19.999 19.929 8.15 8.85 7.8 9.25 8.95 12.45 9.65 14.994 7.25 15.065 15.007 10.65 14.35 13.3 9.1 14.15 7.9 7.4 7.55 7.45 10.85 18.6178356538 19.9364045971 20.0923447023 16.5081667897 6.4163426646 6.1520891032 19.9311704976 5.701703306
16.6166666667 11.7666666667 7.0666666667 19.9854767825 12.5420761414 17.7277777778 5.9040925512 7.05 6.8090193633 6.4714317131 5.3205792798 13.0615508071 10.5556550252 6.4 6.3 23.35 9.7 6.25 15.049 6.0108185325 6.6 6.647996552 7.2070224301 2.8611111111 1.9261904762 2.1347858837 7.9031712291 5.5919755892 3.5723216919 7.1800313266 6.1012334657 9.0094922192 11.2635231517 2.3393193566 6.0581667897 6.5 7.5388009261 22.3033326691 7.15 2.7075587721 7.2 7.75 10.75 8.15 9.2 9.2 9.05 8.05 16.8 8.3 5.75 15.02 15.142 10.5 5.9 5.75 5.95 6.15 4.8 4.75 8.05 13.2 10.5 20.0421130107 9.25 8.05 9.4 7.85 19.7167852127 19.9743333333 19.9400438755 6.85 19.9678320124 7.05 17.0212972011
3.0111111111 7.05 7.05 9.45 12 11.8 15.0957344001 7.05 15.020142394 4.7567245426 6.25 15.0300461645 13.9333333333 6.35 6.4 6 5.5 5.65 5.95 5.8 6.123998276 6.55 5.878511354 3.3666666667 1.8555555556 1.9662167619 5.1536784889 2.7916625669 5.5467825041 2.7866660024 5.7158451277 2.3761904762 5.2199035803 6.3074243814 15.6831998385 15.0977712359 24.9768185325 3.5178307106 2.9033142958 2.9028929542 2.22899873 8.65 7.65 9.6 6.75 7 5.9 7.05 15 15.131 8 9 20.071 4.9 5.55 6.65 6.4 6.2 15.061 15.2 8.45 7.9 10.25 13.3083333333 12.153030303 7.85 17.4678658549 16.2592865378 19.9993636364 20.0195352804 6.9 2.4405617714 19.9844784217 8.9166666667 18.6570224301
10.5 7.7 8.5 9.95 8.8 9.2 15.0869052512 12.5 8.65 6.9745006541 9.15 5.7540925512 5.9214045971 15.032142394 5.7683739396 6.35 5.75 6.15 6.35 5.9 6.203428636 5.7542261031 5.6258747098 5.0012401769 2.855947185 2.172947292 5.3740421083 6.15 15.7374258846 5.6049951428 10.2526087569 6.6345735102 7.5714006833 7.2 20.5833333333 30.0046660024 6.8053296488 3.0959802891 2.7884487607 2.2950715499 5.7 4.8 1.75 6.75 8.85 17 17.45 14.966 8.95 5.85 13.75 12.95 6.1 5.85 5 6.3 14.969 1.9 9.9 6.9 7.4 25.154 7.95 20.1033333333 8.403030303 7.1 7.3 14.3955834467 11.7055555556 6.95 5.5733230525 2.1682195417 4.9768182948 19.9694491708 19.9946743286
9.65 14.5 10.6 11.35 10.85 7.1 8.55 13.0301310486 8.3 6.4705792798 8.778511354 13.65 13.9856743286 12.4428371643 5.8268182948 8.7567245426 14.55 5.85 6.1 4.95 2.1828101159 6.2647589624 2.73974395 5.5026087569 3.105371548 5.6809458229 6.45 6.3 9.7073786367 2.8934852841 6.0513608481 2.7487842103 6.75 7.75 5.6181335412 4.1883284761 2.7406199178 2.970302182 2.6118913743 10.15 8.15 5 2.0647188482 20.0812222222 12.3679068435 8.7567245426 7.05 6.45 9.5 5.7 5.75 7.05 4.95 11.6 4.8 5.55 20.114 13.45 15.217 20.075 5.9 11.15 6.95 5.8579276146 8.8517858479 16.7854866991 6.95 13.2084518793 19.9426666667 7.1 6.5497840537 5.459220178 6.4722222222 5.348142394 20.0134045971
8.4 17.85 9 7.8 10.6 15.097 7.2 6.1923526966 7.85 6.3226779369 6.5166666667 8.8070224301 6.1 6.4392557464 5.8384487607 5.7977647286 4.85 5.8 5.95 8.85 2.0564102564 6.1439023225 2.5064766961 3.6383284761 3.9856512967 2.8959439454 2.8969069309 6.65 6.8880712638 5.5136825423 5.5309458229 2.7721177144 2.9935268607 4.7260070601 6.75 3.5046589586 2.6249999779 2.4803300294 2.0722222222 1.9 2.2032369137 5.9899385949 2.6847858837 6.153030303 6.95 7.05 20.2889385949 2.1032369137 2.15 14.975 9.8 15.019 4.75 5.05 6.2 6.5 6.1 15.043 6.15 20.043 6.1 6.7 17.55 5.75 9.4258686137 6.3057238518 8.35 6.5225890798 20.2126666667 5.9872459465 5.3428255525 5.488943094 4.85 6.8 9.2533326691
9.05 9.8 11.55 13.9666666667 9.45 5.5245006541 7.8 7.15 8.6 6.3858309864 6.2267895821 6.7166666667 14.2333333333 7.028511354 6 6.286717456 6.2556550252 6.6 5.75 6.6 1.9777777778 6.353008771 3.3880712638 6.5040925512 2.84071197 4.9214045971 5.0234705095 15.8690076619 4.0652126241 3.0922599133 2.6451511893 2.79690064 5.4691643198 6.7675015521 2.9222222222 2.6535791641 2.4319287483 2.5718743513 2.2347858837 2.1064102564 7.5 2.0533326691 6.2122501134 6.2055555556 6.1469040394 6.65 7.15 2.1618913743 2.1047650464 7.75 5.95 6.7 8.15 9.65 19.35 10.85 25.65 7.8 6.55 5.9 20.021 6.75 8.15 19.3 11.2742242458 5.5925555291 7 6.347178591 11.2 5.4699993357 4.9436229055 4.8722222222 4.5 6.6 14.0660289775
12.2 14.5 14.8 12.9 8.4 6.7245006541 9.5 8.3 5.75 6.0742242458 6.2581667897 6.0767895821 6.6745006541 9.55 6.35 14.9870461645 6.3226779369 6.0594922192 5.9056550252 8.2380952381 7 NaN 3.3301158374 6 NaN 6.5801158374 5.95 5.75 5.2855337841 2.1270461645 4.125118546 2.4892557464 3.2169601147 3.309201947 3.2928255525 2.5650123622 2.6751885585 2.4412577986 2.2714045971 11.9166666667 8.6 18.36898463 7.828511354 7 6.8 13.878511354 7.05 14.6615508071 19.9820772833 6.9 15.9 6.85 11.1 20.05 9.15 15 21.45 15.2 10.45 6.35 5.85 16.75 12.8 5.9 19.931 5.2064102564 7.15 12.756182661 19.9800769231 16.0948749122 4.9627291329 4.7147188482 4.7 9.5 4.614274771
18.95 19.96 18 9.85 8.3 12.9 14.964 9.25 5.8893193566 9.5179068435 6.1899385949 6.0135735976 6.1214045971 6.7245006541 6.95 6.15 6.65 6.4770461645 6.4134491708 7.85 6.0884487607 6.6300907618 7.0208640506 3.5180308381 6.3671063627 5.87568603 2.3520223583 2.5011372672 3.129530349 3.3064484313 5.8977344001 4.9654743095 5.3514383581 5.5070952919 6.0039126131 2.8037203881 4.0121165671 12.4314757273 6.2515305025 7.0111111111 6.9111111111 15.3333333333 19.9983333333 17.3040925512 12.7611111111 20.0753333333 19.99371197 20.07198463 17.7428371643 7.1 6.1899385949 22 24.8 15.4 8.75 7.1 29.939 6.15 12.8 6.45 4.7 6.9 6.5 5.05 19.971 6.85 6.65 6.85 6.6 19.9305555556 5.303030303 5.0083333333 4.75 4.6 4.55
10.1 11.6 11.1 11.35 10.95 11.2 8.15 14.952 15.0265508071 7.6 6.1316790289 6.5833333333 12.5542261031 6.4261904762 7.6856743286 7.1 15.075 14.9836666667 6.6540925512 5.5333333333 9.3800614577 6.53974395 6.1379713052 9.2935268607 2.5286328389 2.3164250941 2.3204444133 2.8355130099 2.60510641 2.7329743404 3.2194011491 3.3602466654 2.6637223453 3.5110823404 16.9166666667 5.2833333333 3.9573786367 5.5666666667 19.9788888889 9.5666666667 9.0666666667 15.328511354 6.85 19.9492501134 6.1767895821 19.9756666667 15.2570224301 20.0130224301 6.8953558739 11.9876880965 30.004717456 29.9206550252 17.9547650464 10.85 11.4 6.6 6.7 6.65 4.9 5.95 6.55 12.15 14.95 8.65 2.05 16.0777777778 6.6 9.4166666667 19.9641111111 6.0469040394 4.8423526966 5.0547650464 5.9 5.1 4.6
NaN 14.45 11.65 10.65 19.7 11.15 10.05 10.5 7.1 6.75 7.65 6.4 6.75 7.4 6.6356743286 6.9 6.85 10.69071197 11.2333333333 14.9963333333 1.9064102564 2.0874920661 3.7096966 4.5260070601 2.8412124542 2.4230769231 1.8703703704 2.2384487607 2.53611562 2.3724392339 2.8286041427 2.5865717317 2.6607229978 3.7904286252 3.3490906338 5.9370537214 2.1714045971 7.188854364 6.2870090087 6.2261904762 6.1761904762 9.2578685395 6.3884487607 20.0088309864 6.1858309864 11.3428371643 18.3666666667 29.99571197 12.3333333333 6.7245006541 6.4770461645 11.8615508071 9.3484520197 5.4 6.75 6.8 6.6 6.75 7.05 7.1 8.15 5.2 30.004 9.15 4.9 7 6.2761904762 19.9386666667 6.75 5.0761904762 4.9777777778 7.7 4.65 5 4.7
NaN NaN 7.35 5.2730772833 11.2 6.4166666667 12.0166666667 7.45 6.95 6.35 14.8070224301 6.85 12.8333333333 NaN 6.7 14.3892557464 6.7392557464 13.5040925512 7.34071197 2.6084518793 5.7611111111 3.0506911303 14.954 5.5736890968 3.3873015873 2.7111111111 2.7733912093 2.5753443262 2.0237619586 2.1757618163 2.5658552292 2.3215970431 2.4876880965 3.4518572798 5.3928255525 4.538701459 3.1226430481 7.65 14.1374920661 9.653030303 6.053030303 6.148142394 6.1556550252 16.1188440482 2.6242242458 14.2446277864 5.7134491708 6.9666666667 15.99071197 24.6333333333 6.878511354 19.6078685395 8.523998276 16.1 30.055 6.8 6.8 6.95 5.9 6.15 6.8 6.05 5.25 29.958 2.0579276146 5.3517858479 17.247996552 6.4 5.8111111111 6.7261904762 5.9277777778 5.7 4.7 4.5 4.65
NaN NaN NaN 7.4 15.5768182948 9.35 8.65 7.85 NaN NaN NaN NaN NaN NaN NaN 6.95 13.8166666667 14.3833333333 NaN 5.55 3.4542351217 5.8824338008 6.1120225406 3.5238672278 5.3467825041 2.2135231517 2.273998276 3.1939846865 2.5853511597 2.3194840324 2.1046089565 2.2442146898 2.1833333333 2.303628582 5.9400453809 3.4041568138 13.600414722 16.3013641714 19.9978182948 6.513394791 10.8583333333 6.1067245426 6.3 5.9 6.2 14.5722222222 13.4768182948 6.0767895821 6.5856743286 5.85 7.178511354 6.5078685395 14.623998276 9.8 6.55 7.1 6.95 6.55 6.55 21.75 5.9 15.8 4.7 16.9 6.6 2.653030303 6.5 11.8333333333 6.5833333333 6.4666666667 6.3064102564 5.7 15.85 4.6 4.9
NaN NaN 5.45 9.75 10.363394791 20.0864102564 6.548142394 8.1 NaN NaN NaN NaN NaN NaN NaN NaN NaN NaN NaN NaN NaN 6.6 3.0226619182 2.706906681 2.6640145061 3.1533841227 3.7745352062 3.4487992076 2.810477637 2.6327596463 2.5824898728 2.5162474188 2.3260253956 2.6103925074 3.2034638077 9.6 10.35 6.153030303 2.2083333333 2.25 2 6.3 6.2 6.35 6.25 6.2083333333 6.453030303 8.3 20.9333333333 13.428511354 6.7392557464 6.5033326691 6.1399385949 6.1722222222 6.6 6.5 6.0722222222 6.85 7 6.3222222222 6.15 8.2722222222 13.8179068435 4.7579276146 2.3202728564 5.2268601941 2.76898463 19.3333333333 12.0333333333 6.5 11.8564102564 5.5 4.6 6.3 6.65
NaN NaN 5.55 9 9.15 10.2 6.3067245426 5.6789342698 NaN NaN NaN NaN NaN NaN NaN NaN NaN NaN NaN NaN NaN NaN NaN 6.65 6.8810207061 5.9119610908 4.5451780206 6.1078339874 4.1208927697 3.5944444444 3.3802373727 3.0854980438 3.0948841404 3.2103794978 5.8302373727 12.45 14.8861401162 2.0992758406 2.1384651411 2.5895346585 2.2108185325 1.9 2.1 6.2 6.45 17.3579276146 6.0017858479 6.597996552 7.0570224301 6.7111111111 6.3261904762 11.9692754236 6.3333333333 17.9833333333 6.65 6.6 11.3833333333 7.65 24.5333333333 6.65 6.1 5.95 2.188759456 2.4257841239 5.6177163727 6.6 3.2813855149 6.45 12.0274851991 6.75 5.7450715499 5.65 8.8 8.5 6.3
NaN NaN NaN NaN NaN NaN NaN NaN NaN NaN NaN NaN NaN NaN NaN NaN NaN NaN NaN NaN NaN NaN NaN NaN NaN NaN 9.4078339874 6.4397668798 3.3686485301 4.0801158374 6.4374258846 3.39071197 6.2047379305 3.54071197 5.9874258846 10.3 2.9780270252 5.9385969716 3.2240421083 2.3781824662 2.4089609265 1.6635231517 1.7893193566 2.0742242458 6.5608185325 5.9 6.9 6.0714045971 16.39071197 18.2166666667 6.4555555556 6.3716618094 6.5166666667 6.5166666667 5.8166666667 2.4166666667 6.4166666667 6.5666666667 6.4666666667 6.4 6.15 5.6533841227 2.7093499059 2.8058650915 6.9 6.85 6.45 6.55 6.6148090607 6.3560726134 5.9423526966 6.0768182948 8.8064102564 7 5.2545401467
NaN NaN NaN NaN NaN NaN NaN NaN NaN NaN NaN NaN NaN NaN NaN NaN NaN NaN NaN NaN NaN NaN NaN NaN NaN NaN 6.8 3.5374258846 2.8282389099 2.5282334925 3.8833333333 4.3360678439 2.7190047263 2.8620225406 NaN NaN 8.25 7.1860678439 3.25 2.8893446036 5.4721177144 2.0666666667 1.9181050248 5.2333333333 2.303030303 2.1768182948 2.2556550252 2.2634491708 7.2540925512 21.0833333333 7.79071197 15.7833333333 5.9 11.2 25.8 9.15 10.65 5.85 1.85 7.35 5.023998276 5.0078685395 16.9078339874 10.2855337841 16.1245352062 6.85 7 7.7 3.1880712638 6.3536979496 5.8577225718 6.2714045971 12.5644313952 6.5798625896 11.8830432003
