Outfile_3.asc
NCOLS 201
NROWS 151
XLLCORNER 730592.938286
YLLCORNER 2561222.529137
CELLSIZE 145.176046
NODATA_VALUE NaN
[rows 0 to 32 of 151, columns 75 to 149 of 201]
NaN NaN NaN NaN NaN NaN NaN NaN NaN NaN NaN NaN NaN NaN NaN NaN NaN NaN NaN NaN NaN NaN NaN NaN NaN NaN NaN NaN NaN NaN NaN NaN NaN NaN NaN NaN NaN NaN NaN NaN NaN NaN NaN NaN NaN NaN NaN NaN NaN NaN NaN NaN NaN NaN NaN NaN NaN NaN NaN NaN NaN NaN NaN NaN NaN NaN NaN NaN NaN NaN NaN NaN NaN NaN NaN
NaN NaN NaN NaN NaN NaN NaN NaN NaN NaN NaN NaN NaN NaN NaN NaN NaN NaN NaN NaN NaN NaN NaN NaN NaN NaN NaN NaN NaN NaN NaN NaN NaN NaN NaN NaN NaN NaN NaN NaN NaN NaN NaN NaN NaN NaN NaN NaN NaN NaN NaN NaN NaN NaN NaN NaN NaN NaN NaN NaN NaN NaN NaN NaN NaN NaN NaN NaN NaN NaN NaN NaN NaN NaN NaN
NaN NaN NaN NaN NaN NaN NaN NaN NaN NaN NaN NaN NaN NaN NaN NaN NaN NaN NaN NaN NaN NaN NaN NaN NaN NaN NaN NaN NaN NaN NaN NaN NaN NaN NaN NaN NaN NaN NaN NaN NaN NaN NaN NaN NaN NaN NaN NaN NaN NaN NaN NaN NaN NaN NaN NaN NaN NaN NaN NaN NaN NaN NaN NaN NaN NaN NaN NaN NaN NaN NaN NaN NaN NaN NaN
NaN NaN NaN NaN NaN NaN NaN NaN NaN NaN NaN NaN NaN NaN NaN NaN NaN NaN NaN NaN NaN NaN NaN NaN NaN NaN NaN NaN NaN NaN NaN NaN NaN NaN NaN NaN NaN NaN NaN NaN NaN NaN NaN NaN NaN NaN NaN NaN NaN NaN NaN NaN NaN NaN NaN NaN NaN NaN NaN NaN NaN NaN NaN NaN NaN NaN NaN NaN NaN NaN NaN NaN NaN NaN NaN
NaN NaN NaN NaN NaN NaN NaN NaN NaN NaN NaN NaN NaN NaN NaN NaN NaN NaN NaN NaN NaN NaN NaN NaN NaN NaN NaN NaN NaN NaN NaN NaN NaN NaN NaN NaN NaN NaN NaN NaN NaN NaN NaN NaN NaN NaN NaN NaN NaN NaN NaN NaN NaN NaN NaN NaN NaN NaN NaN NaN NaN NaN NaN NaN NaN NaN NaN NaN NaN NaN NaN NaN NaN NaN NaN
NaN NaN NaN NaN NaN NaN NaN NaN NaN NaN NaN NaN NaN NaN NaN NaN NaN NaN NaN NaN NaN NaN NaN NaN NaN NaN NaN NaN NaN NaN NaN NaN NaN NaN NaN NaN NaN NaN NaN NaN NaN NaN NaN NaN NaN NaN NaN NaN NaN NaN NaN NaN NaN NaN NaN NaN NaN NaN NaN NaN NaN NaN NaN NaN NaN NaN NaN NaN NaN NaN NaN NaN NaN NaN NaN
NaN NaN NaN NaN NaN NaN NaN NaN NaN NaN NaN NaN NaN NaN NaN NaN NaN NaN NaN NaN NaN NaN NaN NaN NaN NaN NaN NaN NaN NaN NaN NaN NaN NaN NaN NaN NaN NaN NaN NaN NaN NaN NaN NaN NaN NaN NaN NaN NaN NaN NaN NaN NaN NaN NaN NaN NaN NaN NaN NaN NaN NaN NaN NaN NaN NaN NaN NaN NaN NaN NaN NaN NaN NaN NaN
NaN NaN NaN NaN NaN NaN NaN NaN NaN NaN NaN NaN NaN NaN NaN NaN NaN NaN NaN NaN NaN NaN NaN NaN NaN NaN NaN NaN NaN NaN NaN NaN NaN NaN NaN NaN NaN NaN NaN NaN NaN NaN NaN NaN NaN NaN NaN NaN NaN NaN NaN NaN NaN NaN NaN NaN NaN NaN NaN NaN NaN NaN NaN NaN NaN NaN NaN NaN NaN NaN NaN NaN NaN NaN NaN
NaN NaN NaN NaN NaN NaN NaN NaN NaN NaN NaN NaN NaN NaN NaN NaN NaN 8 7.9 NaN NaN NaN NaN NaN NaN NaN NaN NaN NaN NaN NaN NaN NaN NaN NaN NaN NaN NaN NaN NaN NaN NaN NaN NaN NaN NaN NaN NaN NaN NaN NaN NaN NaN NaN NaN NaN NaN NaN NaN NaN NaN NaN NaN NaN NaN NaN NaN NaN NaN NaN NaN NaN NaN NaN NaN
NaN NaN NaN NaN NaN NaN NaN NaN NaN NaN NaN NaN NaN NaN NaN NaN 8.1 8.1 13 NaN NaN NaN NaN NaN NaN NaN NaN NaN NaN NaN NaN NaN NaN NaN NaN NaN NaN NaN NaN NaN NaN NaN NaN NaN NaN NaN NaN NaN NaN NaN NaN NaN NaN NaN NaN NaN NaN NaN NaN NaN NaN NaN NaN NaN NaN NaN NaN NaN NaN NaN NaN NaN NaN NaN NaN
NaN NaN NaN NaN NaN NaN NaN NaN NaN NaN NaN NaN NaN NaN 10.5 8 8.2 13.1 7.9 NaN NaN NaN NaN NaN NaN NaN NaN NaN NaN NaN NaN NaN NaN NaN NaN NaN NaN NaN NaN NaN NaN NaN NaN NaN NaN NaN NaN NaN NaN NaN NaN NaN NaN NaN NaN NaN NaN NaN NaN NaN NaN NaN NaN NaN NaN NaN NaN NaN NaN NaN NaN NaN NaN NaN NaN
NaN NaN NaN NaN NaN NaN NaN NaN NaN NaN NaN NaN 8.1 8.1 8.3 18.2 8 7.9 7.9 7.9 NaN NaN NaN NaN NaN NaN NaN NaN NaN NaN NaN NaN NaN NaN NaN NaN NaN NaN NaN NaN NaN NaN NaN NaN NaN NaN NaN NaN NaN NaN NaN NaN NaN NaN NaN NaN NaN NaN NaN NaN NaN NaN NaN NaN NaN NaN NaN NaN NaN NaN NaN NaN NaN NaN NaN
NaN NaN NaN NaN NaN NaN NaN NaN NaN 8.1 8.2 8 8.3 8.2 15.7 8.1 20.6 8 4 5 NaN NaN NaN NaN NaN NaN NaN NaN NaN NaN NaN NaN NaN NaN NaN NaN NaN NaN NaN NaN NaN NaN NaN NaN NaN NaN NaN NaN NaN NaN NaN NaN NaN NaN NaN NaN NaN 7.45 NaN 10.25 NaN NaN NaN NaN NaN NaN NaN NaN NaN NaN NaN NaN NaN NaN NaN
NaN NaN NaN NaN NaN NaN NaN NaN NaN 8.1 30.4 13.3 30.4 10.7 8.1 30.4 8.1 8 10.7 8.1 NaN NaN NaN NaN NaN NaN NaN NaN NaN NaN NaN NaN NaN NaN NaN NaN NaN NaN NaN NaN NaN NaN NaN NaN NaN NaN NaN NaN NaN NaN NaN 15.15 12.75 7.95 22.8 7.65 7.75 7.75 10.45 10.75 15.6 7.75 NaN NaN NaN NaN NaN NaN NaN NaN NaN NaN NaN NaN NaN
NaN NaN NaN NaN NaN NaN NaN NaN 8.4 8.1 8.4 8 8.1 8.2 13.1 8.1 10.9 18.4 13.3 18.2 8.1 NaN NaN NaN NaN NaN NaN NaN NaN NaN NaN NaN NaN NaN NaN NaN NaN NaN NaN NaN NaN NaN NaN NaN NaN NaN NaN NaN NaN NaN NaN 30.45 7.95 7.45 7.65 7.55 7.75 7.85 14.9 12.95 7.65 10.35 7.95 NaN NaN NaN NaN NaN NaN NaN NaN NaN NaN NaN NaN
NaN NaN NaN NaN NaN NaN NaN 8.3 30.5 30.4 7.8 8.2 7.7 7.6 30.3 30.5 13.2 8.1 8 10.7 10.1 NaN NaN NaN NaN NaN NaN NaN NaN NaN NaN NaN NaN NaN NaN NaN NaN NaN NaN NaN NaN NaN NaN NaN NaN NaN NaN NaN NaN NaN 13.3 18.1 9 20.8 30.4 8 10.5 8.2 17.2 20.85 14.5 30.15 7.75 NaN NaN NaN NaN NaN NaN NaN NaN NaN NaN NaN NaN
NaN NaN NaN NaN NaN 30.2 15.7 13.5 7 30.6 30.7 20.3 15.2 7.9 7.8 7.5 7.5 7.7 10.6 7.9 7.9 7.9 NaN NaN NaN NaN NaN NaN 8.1 NaN NaN NaN NaN NaN NaN NaN NaN NaN NaN NaN NaN NaN NaN NaN NaN NaN NaN NaN NaN NaN 23.3 8.1 8.2 10.7 8.3 10.6 23.3 18.4 7.75 7.95 13.15 7.85 10.05 7.75 NaN NaN NaN NaN NaN NaN NaN NaN NaN NaN NaN
5.2 NaN NaN 30.6 30.6 30.7 30.5 30.4 30.3 30.4 7.6 7.9 15.3 7.5 7.5 7.7 7.5 7.4 20.2 11.7 7.9 7.9 NaN NaN NaN NaN NaN NaN 6.6166666667 8.1 8 NaN NaN NaN NaN NaN NaN NaN NaN NaN NaN NaN NaN NaN NaN NaN NaN NaN NaN NaN 13.3 24.3 30.3 10.8 10.5 10.7 13.2 8.3 8.1 10.35 30.2618913743 10.35 7.65 7.95 NaN NaN NaN NaN NaN NaN NaN NaN NaN NaN NaN
22.9 7.9 15.8 7.9 25.9 23.4 8 7.9 8 31 10.4 7.8 7.7 7.7 7.4 7.7 7.4 7.6 17.5 12.8 12.8 9.3 8.2 8 NaN NaN NaN NaN 16.9703703704 4.9333333333 1.3 8.2 8.1 8 8.1 9 NaN NaN NaN NaN NaN NaN NaN NaN NaN NaN NaN NaN NaN NaN NaN 10.8 7.9 30.8 30.9 15.7 28.5 8.2 30.6 25.9 7.75 18.05 30.478511354 7.65 15.15 NaN NaN NaN NaN NaN NaN NaN NaN NaN NaN
22.1 6.8 7.9 7.5 10.3 7.9 7.8 8 13.2 25 7.4 7.6 7.8 12.7 10.2 10.1 7.3 7.4 7.3 7.4 7.5 7.4 8.3 8 30.1 10.7 30.4 10.8 8.1 10.6 13.2 18.6 23.4 13.3 7.9 21.6 7.5 7.8 NaN NaN NaN NaN NaN NaN NaN NaN NaN NaN NaN NaN 12.8 10.6 7.7 10.8 19.5 16 8.3 14.6257618163 30.8 30.3 8.1 7.85 18.15 10.2540925512 NaN NaN NaN NaN NaN NaN NaN NaN NaN NaN NaN
10 7.4 14.3 12.4 7.8 8.1 18.1 8.2 7.6 7.5 7.5 7.5 12.6 7.5 28 20.1 7.6 7.4 7.4 7.3 7.4 7.5 8.2 8.1 10.7 30.4 8 10.8 10.6 8.3 10.9 8 7.8 7.9 10.4 7.8 14.1 8 8 11.6 7.2 NaN NaN NaN NaN NaN 7.6 NaN 30.6 8 9.7 10.6 8.2 30.5 30.7 8.1 30.7 10.8 15.9 30.5 13.15 7.85 8.15 NaN NaN NaN NaN NaN NaN NaN NaN NaN NaN NaN NaN
6.7 6.7 30.3 7.4 8 7.9 10.1 10 10 7.6 7.8 10.1 7.3 7.5 7.5 15.4 7.9 7.3 7.4 7.4 7.5 10.1 7.6 8 8.3 8 7.9 7.9 7.9 1.9666666667 7.3 30.2333333333 18.6703703704 7.7 6.6 7.6 9.5 7.9 7.9 7.3 9.8 10 30.1 7.5 10.2 7.8 7.7 7.8 7.7 20.7 8.2 30.4 11 10.8 28.4 8.1 8.6 30.4 18.6 20.65 12.95 30.15 7.95 7.95 7.25 NaN NaN NaN NaN NaN NaN NaN NaN NaN NaN
7.1 7.1 7 7.4 7.8 7.4 7.2 7.6 7.4 7 7.7 7.8 7.3 7.3 7.6 7.5 12.5 18.2 7.5 14.8 7.4 10 7.2 7.8 8.3 7.7 12.5 7.5 13.1513641714 6.8666666667 7.2 30.0333333333 7.6 20.2 7.5 4.1 10.2 8.1 7.9 9.7 7.3 7.5 30.4 30.7 30.7 31 30.6 15.8 8.1 7.9 13 8.2 4.4289342698 17.9 1.8384487607 8.7 8 30.3 12.95 12.85 7.65 7.85 7.65 7.55 7.45 7.35 7.35 7.75 7.75 10.65 17 7.85 8.05 7.85 NaN
6.7 7 6.4 6.8 6.2 7.5 7.1 7 9.9 7.3 7.5 10.2 7.5 7.5 7.4 6.8 7.5 29.5 20.1 7.2 14.2 17.7 7.3 7.3 7 6.9 6.9 7.0380952381 25.1703703704 7.5 1.4 7.4 30.1513641714 7.6 7.2 7.5 11.6 30.6 4.3 6.9 30.1 30.7 30.2 30.7 30.6 30.9 12.9 7.7 7.9 7.7 10.3002805931 28.1 7.8 8 13.2 9.7540925512 30.35 7.75 7.95 18.15 8.05 15.35 30.85 15.35 7.55 7.65 7.65 30.55 20.75 30.55 7.85 15.75 8.15 10.65 7.75
6.9 7 6.9 6.9 6.5 7.2 7.3 7 11.7 7.5 7.7 7.8 10.1 30.4 12.8 30.4 10.4 27.5 30.6 30.5 15.1 7.7 30.6 7.7 7.5 30.2 30.4 7.5 7.6 15.6 7.7 12.7 30.4333333333 12.9 7.9 30.2 30.3 7.8 8.1 8.1 30.6579244652 27.5489137706 7.8 30.2129588438 30.7 30.3 7.5 6.9 4.2 7.1 22.7 7.8 7.5 30.3245006541 7.55 8.4333333333 7.75 1.81898463 20.05 7.75 10.75 7.75 7.65 7.95 13.05 7.65 10.35 7.65 7.85 28.05 8.05 8.05 10.65 10.65 NaN
6.7 6.9 6.6 6.8 5.6 19.8 NaN 6.9 21.6 30.2 19 7.6 30.6 10.3 7.4 15.2 7.7 7.2 7.2 7.4 9.8 7.4 15.573998276 30.6777777778 7.4 30.4777777778 7.4777777778 7.4 7.1 9.9 7.3 7.2 7.7 30.2 10.0564102564 27.5 7.5 7.6 30.6 8 8.3 4.8685127644 4.6991289 9.498142394 10.8 8.3 7.3 12.2 30.5 15.2 7.5 20.1 30.4540925512 6.75 7.65 7.55 7.65 7.55 12.75 7.55 28.05 15.55 10.25 8.05 30.45 7.95 30.55 10.25 13.15 8.05 7.85 8.05 7.75 7.95 NaN
6.6 6.7 7 6.5 6.8 NaN 7.1 NaN 7 30.4222222222 14.6289342698 12.8 10.3 7.6 11.973998276 7.1 30.203030303 7.3 9.8 24.9 7.3 7.5 7.4 12.6761904762 7.7 7.0761904762 30.3761904762 10.3945644158 7.7708182626 5.397178591 7.5 2 25.0617382165 4.4166666667 9.5166666667 10.7714045971 7.8 10.5 8 30.6430664066 10.5120225406 5.5047379305 16.0904286252 8.3211282852 14.8901371761 14.7094922192 7.8 7.8289342698 7.3 7.2 7.3 12.5 30.2333333333 6.95 7.75 7.75 7.55 7.65 12.6032369137 30.35 30.15 20.55 30.45 8.25 25.65 30.8 8.05 25.1 7.55 7.75 7.35 7.55 27.55 12.85 NaN
6.6 6.4 6.7 6.9 7.1 7 6.7 NaN 22.3 20.703030303 7.7 30.4333333333 17.1333333333 7.5 10.1 7.6 7.5 17.9270461645 7.2 7.4 20.2453558739 7.9 7.6 7.9111111111 5.2111111111 7.8111111111 7.8111111111 24.0609550211 6.6012482872 6.9777777778 5.5874258846 6.8080151505 2.32568603 2.1380983798 4.9333333333 30.3540925512 19.2111111111 8.1 7.8 7.8 10.5 7.9 6.8273928005 5.4921877893 14.5666666667 30.5622501134 7.7 8.3 7.9 7.1156866083 17.5 7 6.85 7.05 7.85 7.85 7.55 30.25 7.65 7.95 9.8 30.15 25.55 8.15 30.35 8.05 30.25 7.55 7.55 30.35 7.55 7.45 7.65 NaN NaN
6.9 7.1 9.8 6.8 6.7 6.8 7 7.2 30.1555555556 6.9 7.4 7.6 30.3666666667 1.9333333333 7.3 9.9111111111 7.5 12.5 30.2333333333 7.7 30.8 7.7 7.3 11.1666666667 30.4666666667 10.9666666667 10.8666666667 30.2200953027 7.3708927697 24.3120225406 20.1240453033 30.4840685946 7.8314757273 27.840057876 17.5333333333 6.9 7.3 7.3 7.2 13.7825157082 7.1 13.2 7.9 17.6575575791 30.1333333333 30.678511354 7.8 1.947996552 19.6585207206 6.8982350545 15.7 15.2993623108 7.15 6.95 7.75 30.3032369137 7.65 7.55 7.75 4.4 30.3 1.7 7.85 7.85 7.95 12.95 30.45 10.45 6.5 15.45 7.45 7.85 1.3 NaN NaN
25.2 12.1 7 6.8 8.7666666667 6.8 7 6.7 30.3333333333 21.2333333333 7.2 7.5 11.9 10 7.5 26.2666666667 7.6 7.8 10.1 7.5 7.8 20.1 14.8555555556 9.9761904762 30.2761904762 4.8761904762 4.5761904762 19.8019522925 18.4897640738 30.1245602819 30.0047379305 6.8 10.4112105808 6.7555555556 7.2 9.7 7.2 9.9 30.2523689097 8.1536979496 7.2 12.6 7.2100148419 12.7 9.9245006541 19.0666666667 30.3 8.3 8 6.0159705015 21.238708522 6.55 7.15 8.6237619586 7.85 10.45 7.55 7.45 15.35 29.5 30.4 30.3 30.25 15.45 8.15 10.45 28.25 30.35 13.05 30.45 7.65 11.8 NaN NaN NaN
14.8111111111 6.9 13.3111111111 6.6 8.2111111111 6.6 8.2111111111 28.3245006541 7 30.2333333333 17.3 10.0084518793 7.1 7.5 7.3 4.7761904762 10.3 7.6 7.5 14.5681050248 9.9 30.2094922192 9.9 7 4.3777777778 30.5777777778 30.1777777778 30.1777777778 8.2617382165 8.5958969948 18.8351191813 30.321584533 10.117305074 30.203030303 9.7 7.5 7.4 7.3 20.303030303 30.1797798013 10.6714285714 7.4 30.1137297639 9.5268601941 22.1134491708 20.9270461645 10.9453558739 8.1 18.4 30.4786892072 30.49071197 10.5127204931 9.85 12.25 7.75 30.1 16.9 7.85 12.95 7.85 7.55 6.9 30.3 10.35 7.75 7.85 7.95 30.3 15.65 8.15 7.95 7.45 7.55 NaN NaN
6.6 6.1 26.7166666667 5.6 6.5166666667 6.4 6.5 6.9 6.7 6.9 6.7 7.1 9.9 7.4 7.6 14.4847858837 30.4 7.7 7.8 7.5 30.5 30.6147188482 30.7083333333 22.0021130107 6.8 5 6.6 5.6694840324 10.2 7.8 30.7412609479 7.4555555556 7.803030303 12.6083333333 30.8083333333 30.0083333333 7.3 7.2 7.3777777778 10.2761904762 7.1 6.9 7.7 7.0777777778 30.4635231517 24.7094922192 8.3 8.1 30.0568038428 30.3 12.75 30.0302373727 7.15 6.0253443262 8.15 30.25 10.45 7.75 7.65 10.45 7.55 7.85 8.15 7.95 15.45 7.85 8.05 7.95 7.85 8.05 10.85 11.7 7.75 NaN NaN
6.2 6.1 6.3 5.6 5.7 5.9 6.3 6.9 6.3 6.9 7 7.1 7.1 7.2 7.2 17.0021130107 7.3 7.7 7.3 7.5 4.2 7 21.9 11.7 30.3 5.4 30.3 5.4777777778 13.3761904762 12.9 30.2 20.1969040394 5.7923526966 7.0047650464 7.2 7.3 4.3618913743 9.4333333333 15.1134491708 7.2 30.5666666667 17.8111111111 7.6 14.7777777778 30.4 6.6222222222 30.4094922192 8.4389532194 6.8853397564 8.0297003671 6.85 6.95 7.35 6.95 7.75 8.05 4.2 30.75 7.55 7.65 30.45 23.25 7.85 10.45 7.85 30.25 7.75 7.75 8.05 10.55 10.25 7.55 7.65 NaN NaN
