Outfile_1.asc
NCOLS 201
NROWS 151
XLLCORNER 730592.938286
YLLCORNER 2561222.529137
CELLSIZE 145.176046
NODATA_VALUE NaN
[rows 41 to 81 of 151, columns 92 to 183 of 201]
6.25 7.05 7.45 7.35 6.85 6.45 NaN 15 5 19.2 6.85 6.55 28.7 13.8 12 13 15 14 6.55 16 21 20 21 30.1 30.1 30.1 21.1 6.8 6.8 6.9 27.1 6.3 6.7 6.7 6.8 6.8 6.7 6.7 30.1 6.7 6.7 16 6.7 6.7 6.4 6.3 6.2 6.7 6.7 6.8 6.6 6.6 6.9 6.9 6.6 9 6.2 6.7 7.6 NaN NaN NaN NaN NaN NaN NaN NaN NaN NaN NaN NaN NaN NaN NaN NaN NaN NaN NaN NaN NaN NaN NaN NaN NaN NaN NaN NaN NaN NaN NaN NaN NaN
6.55 6.55 6.45 6.35 7.05 6.85 7.25 5.1 5.1 19.8 30.2 6.35 6.55 30.3 20.6 30.2 14.1 18.6 18.6 30.1 18 23 25 22 23 21 21 27 27 27 6.8 6.6 6.6 6.6 6.7 6.7 6.8 6.8 6.8 6.9 6.8 6.8 17.1 6.7 6.8 7 6.9 29.2 6.8 30.3 19 30.1 9.2 24.1 9.1 7 7.2 1.1 6.2 NaN NaN NaN NaN NaN NaN NaN NaN NaN NaN NaN NaN NaN NaN NaN NaN NaN NaN NaN NaN NaN NaN NaN NaN NaN NaN NaN NaN NaN NaN NaN NaN NaN
6.45 6.75 6.85 6.85 7.15 7.35 6.95 6.75 5.1 6.75 30.2 29.1 30.3 30.3 20.2 17 11 21 16 18 19 21 6.55 22 24 21 23 30.1 6.7 27 6.25 6.25 6.65 6.75 6.85 6.85 6.85 6.7 6.7 30.1 6.7 19 6.7 6.7 6.8 6.7 7 6.8 20.6 6.4 26.6 4 9.1 6.3 6.3 5.2 6.1 9.1 7.7 5 NaN NaN NaN NaN NaN NaN NaN NaN NaN NaN NaN NaN NaN NaN NaN NaN NaN NaN NaN NaN NaN NaN NaN NaN NaN NaN NaN NaN NaN NaN NaN NaN
6.35 6.45 11.7 5.1 6.75 7.05 6.75 6.75 5.1 7.1 30.6 16.7 20.1 6.95 7.15 30.2 6.65 6.65 21.1 18 15 20 23 25 21 21 6.85 6.95 27 23 6.25 6.25 6.65 25 6.35 6.75 6.75 6.75 6.6 6.6 21.1 19.1 6.7 30.2 6.8 6.8 6.7 6.8 11.1 18.7 6.5 6.3 6.3 6.2 6.4 22.1 1.1 7.7 7.6 7.1 7.1 NaN NaN NaN NaN NaN NaN NaN NaN NaN NaN NaN NaN NaN NaN NaN NaN NaN NaN NaN NaN NaN NaN NaN NaN NaN NaN NaN NaN NaN NaN NaN
6.35 12.7 6.55 6.55 5.2 7.05 6.75 6.75 6.95 7 13.7 26.9 27.6 6.85 6.85 6.65 6.55 17 6.75 6.65 26.6 30.1 6.65 30.1 27.1 6.95 28.6 6.85 6.95 6.25 27 27 6.25 25 30.1 6.85 6.75 6.75 6.75 6.6 6.7 30.1 6.8 17.1 6.6 6.2 15.1 6.3 6.4 6.4 6.5 6.3 6.1 6.3 12.2 7.2 1 7 1 30.4 5.2 29.7 NaN NaN NaN NaN NaN NaN NaN NaN NaN NaN NaN NaN NaN NaN NaN NaN NaN NaN NaN NaN NaN NaN NaN NaN NaN NaN NaN NaN NaN NaN
6.45 6.45 6.45 6.55 5.1 7.15 6.65 6.65 20.2 7.1 30.5 30.2 11 11 13 21.1 6.05 6.55 6.55 6.65 6.55 21 25 19 23 22 6.85 6.95 7.05 6.35 6.35 6.35 30.1 6.35 25.1 6.75 6.95 6.75 6.85 6.85 6.2 6.2 30.3 12.1 6.6 6.6 13 13 11 16.4 9.7 6.1 6.4 6.4 3.8 6.4 3.6 1 1 5.2 9.2 30.3 7.7 NaN NaN NaN NaN NaN NaN NaN NaN NaN NaN NaN NaN NaN NaN NaN NaN NaN NaN NaN NaN NaN NaN NaN NaN NaN NaN NaN NaN NaN
6.35 6.45 15.1 6.55 7.15 6.9 4.1 5.2 5.1 6 18.7 7.7 9 13 13 30.1 19.3 14.1 30.1 18.6 19 19 20 21 21 27 25 23 6.35 6.25 29 29 25 21 6.35 23.6 6.85 6.95 6.75 6.75 6.2 19 6.2 17 12.6 15 13 13 11 11 30.2 19.2 24.2 11.7 6.9 14.8 6.1 7.2 6.4 6.4 14.7 6.4 22 6.3 NaN NaN NaN NaN NaN NaN NaN NaN NaN NaN NaN NaN NaN NaN NaN NaN NaN NaN NaN NaN NaN NaN NaN NaN NaN NaN NaN NaN
7.2 7 10.3 5 7.8 6.7 7.1 3.7 5 3 7 30.3 26.6 15.1 22.1 17.1 30.3 6.15 5.95 30.1 19 15 15 21 23 21 23 6.65 6.65 6.75 29 6.25 6.25 6.75 6.85 6.75 6.75 6.75 6.85 30.1 21 19 15 17 15 6.8 13 13 11 11 9.1 19.2 30.2 9 7.1 22.7 1.2 5 18.6 5.1 12.1 6.2 11.8 30.5 6.8 NaN NaN NaN NaN NaN NaN NaN NaN NaN NaN NaN NaN NaN NaN NaN NaN NaN NaN NaN NaN NaN NaN NaN NaN NaN NaN NaN
7.6 30.2 14.3 30.2 4.1 9.6 3.7 3.7 4.3 3.1 7.1 9 5.1 11.1 11 17.1 15 6.05 6.05 30.1 16 18 19 21 23 6.65 6.65 27 27 6.75 6.65 6.65 6.85 6.65 25 6.75 30.1 6.75 23 21 30.1 19.1 17 6.6 15 6.6 6.7 6.6 6.6 6.7 19.7 30.3 30.2 9.1 30.2 4.1 30.2 4.2 30.2 7 11.6 9.1 9.8 7 6.6 NaN NaN NaN NaN NaN NaN NaN NaN NaN NaN NaN NaN NaN NaN NaN NaN NaN NaN 5.1 5 9.1 7.55 5.1 5.2 7.45 5.1 7
5.65 30.3 5.1 5.8 15.3 30.1 1.1 3.6 1 7.1 11.1 3 17.1 16.7 13 30.1 30.5 13 6.15 17.6 30.1 6.25 13 6.65 6.65 6.65 6.65 23 23 6.85 6.75 30.1 6.65 21 25 25 30.1 19 30.1 19.6 15 26.6 14.7 6.7 6.7 6.7 15.6 6.8 6.7 6.7 6.2 14.6 7.1 7.1 6.6 30.4 6.2 9.2 30.1 11.6 6.2 6.3 7.1 7.1 6.7 6.5 NaN NaN NaN NaN NaN NaN NaN NaN NaN NaN NaN NaN NaN NaN NaN 5 1.2 30.3 7.15 7.15 7.55 7.85 9.85 5.2 7.35 9
5.1 7.6 5 5.1 6 6.6 1.1 13.7 1.1 4 3 3.1 7.6 8 30.4 12.7 15.6 15 19.6 30.2 11.2 13.1 13 13 6.65 6.65 6.65 6.35 5.95 21 6.35 25 25 30.1 23 28.1 18 18 30.1 17 30.2 30.2 30.1 6.7 6.6 6.6 11 30.6 6.9 7 7 30.1 11.6 6.4 3.8 30.3 30.4 14.8 11.5 9.1 6.2 11.7 9.1 7 9 6.8 6.5 NaN NaN NaN NaN NaN NaN NaN NaN NaN NaN NaN NaN NaN NaN NaN 6.3 7.35 7.45 7.45 7.45 12.45 9.7 7.55 7.45 7.25
10.2 5.7 5.1 5 5.1 4.1 1 3.6 1 4.1 4.2 11.1 8.2 9.1 8 11 6.4 30.1 13 24.6 16.1 11.1 11 17 16 23.1 6.45 30.1 23 23 30.1 24.6 19 30.1 21 21.6 19 16 19.6 19 11 15 5.8 6.3 30.2 6.4 13 11.6 6.6 6.7 7.2 7.1 6.3 5.8 3.9 9.3 30.5 14.3 6.3 6.3 26.7 16.7 30.1 6.5 7 6.5 6.8 NaN NaN NaN NaN NaN NaN NaN NaN NaN NaN NaN NaN NaN NaN NaN 7.35 7.55 15.15 7.45 7.45 9.95 7.45 4 7.55 7.55
30.2 5.2 4.2 1.1 30.2 1 1.1 1 4 5.8 5.8 9.7 5.6 8.3 5.1 6.2 6.3 7.3 9 16.5 30.5 11.1 6.75 6.65 30.2 30.3 30.2 21 21 5.85 5.95 23.6 19 21.6 5.95 16.1 19 16 14 22.8 17 17 15 11 11 5.9 17.2 11.6 16.5 6.3 30.4 29.7 6.3 5 4.1 5 30.2 30.3 30.1 30.4 22.2 7 30.1 11.1 6.1 6.2 6.35 6.45 NaN NaN NaN NaN NaN 6.25 NaN NaN NaN NaN NaN NaN NaN 7.25 12.65 7.05 7.05 6.95 7.05 9.1 7.55 7.35 7.35 7.75
5 7.8 7 1 5.3 6.1 8.7 1 1 1 6 4 6.1 6 7.6 5.2 7.1 7.1 9.7 11.7 9 14 30.2 18.7 30.1 13.6 17 6.15 6.15 30.1 13.1 30.2 21 21.6 21 21.1 16 15 15 15 30.2 30.1 15 11 5.8 13 7.1 26.5 5 6.3 4 30.5 4 4 4 16.6 5.7 21.1 30.4 29.8 30.4 14.4 6 30.2 6.4 6.05 6.45 7.3 6.65 6.75 6.45 6.25 6.25 6.35 NaN NaN NaN NaN NaN NaN 3.6 7.15 7.05 7.05 7.05 7.05 7.05 6.95 6.95 12.15 7.45 7.55
5.45 30.3 6 1.1 5.1 11.1 10.1 1.1 4.1 1.2 12.1 1 1.1 3 3 5.1 10.6 7.7 12.2 24.7 12.1 30.2 9.1 6.65 11.1 30.2 22.6 20.1 6.25 6.25 30.2 25.6 6.25 17 5.8 30.1 17 17 15 17 5.9 5.9 26.1 13 5.8 9 18.6 21.6 4 6.3 4 4 4.1 11.6 4.1 11.7 5.8 30.4 11.7 6.1 7.9 30.5 6 6.5 6.55 30.3 9.3 6.45 6.65 6.55 6.55 6.35 6.15 6.45 NaN NaN NaN NaN NaN NaN 6.95 7.05 7.05 6.95 7.15 7.05 6.95 6.95 6.95 7.05 6.95 7.35
7.8 19.8 30.2 6.7 NaN 1 6 NaN 5 5.45 5.05 3.7 3.6 3.6 3 3 5 7.7 7.6 7 7.2 14.8 30.4 6.25 17 13 6.25 6.15 17 6.35 30.2 30.2 6.45 22.1 5.9 27.1 17 15 17 17 17.6 13 9 14 13 11 7.1 11.6 6.6 6.3 9 10.6 9 4 4 4.1 9.6 11.6 19.8 7.1 12.3 5.8 6 6.1 6.75 19.1 30.2 6.75 19.4 30.3 6.35 6.25 6.45 6.65 NaN NaN NaN NaN NaN 6.55 6.65 6.65 7.05 1 12.15 7.05 6.95 6.95 6.95 7.05 6.95 9
5.2 15.2 6.6 6.1 30.3 5.3 3.7 5.4 15.2 1 3.6 1.1 1 1 1.1 8.2 3 5.6 7.8 17.7 10.8 10 11 16.1 18.2 17 22.1 15 19 19.1 19 19.6 6.45 13 15 19.2 30.1 20.1 5.8 15 11 11.1 9 8.1 5.8 5.8 6.6 9 6 5.9 6 6 19.1 4.2 20.9 26.5 9.3 4.2 9.8 30.5 30.2 5.3 9.6 30.4 6.35 30.4 6.45 6.55 6.65 6.25 6.35 6.45 6.45 6.75 NaN NaN NaN NaN 6.55 6.65 4 6.55 9.3 4.1 7.05 7.15 6.95 6.95 6.95 6.95 7.15 6.95
9.6 7.7 5.8 12.7 5.1 9.1 5 1 1.3 30.4 1.2 3.7 1.1 1.1 1.1 1.1 3.2 8.7 8.1 7.8 5.3 13 13 11 30.1 6.35 30.2 13 20.2 15 17.1 30.2 30.5 25.7 30.1 30.2 18.1 17.6 6 6 6 16.9 21.7 6 24.3 7.3 9.6 3.8 30.3 6.2 22.7 11.6 10.2 4.2 6.7 15.3 4 4 9.6 6 5.8 5 7.3 5.7 9.1 6.05 9.1 6.35 6.15 6.45 21.9 6.15 6.35 16.2 NaN NaN NaN 6.65 6.35 6.25 27.6 6.65 6.65 6.65 6.45 6.2 6.95 6.95 6.95 6.95 6.95 7.05
7.1 7 4.1 1.2 1 3.7 1.1 1.1 1.1 1.1 1.1 1.1 3.6 1.3 1.2 3.7 1.2 1.1 13.2 30.4 20.8 9 9 9 13 30.1 15.1 30.3 13 13 13 30.1 26.4 13.6 28.1 13 11 5.8 5.8 5.8 5.9 5.8 5.9 5.9 9.2 9.2 6 30.5 6.2 12.9 30.6 5.9 4.1 4.1 7.1 4.1 4 4 9.6 30.4 7 30.3 12.1 12.1 5.9 17.3 30 30.4 6.35 9.3 30.4 6.75 6.35 NaN NaN NaN 4.1 30.3 5.2 30.3 9 30.3 3.7 6.55 30.2 21.7 6.85 6.95 6.95 6.95 6.95 27.05
7 15.3 3.7 4.1 8.7 6.8 1 1.1 10.7 1 1.1 3.6 6.2 1 1 1 1 6.1 1.3 3.1 7.45 13.7 30.1 26.6 30.5 30.1 23.7 7.1 13.1 10.1 11 15.7 30.4 11.1 13.1 11 13 30.1 6 6.1 6 12.2 30.3 6 7.6 30.2 30.2 8.8 9.4 30.3 6.1 4.1 5.1 7.7 10.2 14.2 4.1 4.1 5.2 27.7 30.5 9.6 5.8 5.8 30.5 9.8 21.7 7.1 7 5.95 6.25 6.35 6.65 6.45 NaN NaN 4.2 6.45 6.55 6.95 6.55 12.2 6.65 1 7.25 6.1 15.15 7.55 7.85 7.85 7.85 7.85
7.1 NaN 10.1 1.2 30.3 4.3 6.2 6.4 3.7 6.1 1 1 3.6 1.1 1 1 1 4.8 1.2 7 30.4 30.2 27.8 9 30.2 9 30.3 30.2 30.1 13.6 9.1 11.6 16.6 11.6 9.2 13.1 13.6 5.9 5.8 5.9 5.8 5.8 9 10.3 14.3 4.3 11.8 5.9 1.3 5.9 5 5.1 5.2 5.1 5 14.1 4 4.1 4 5.2 5.3 5 5 5.9 5 5.9 9.6 12.2 7.7 5.75 9.3 16.8 6.15 NaN 6.65 6.65 4.1 6.15 7.05 16.9 6.45 4.2 3.7 4.1 7.25 1.1 7.55 7.45 7.45 7.45 7.75 7.95
NaN NaN NaN NaN 6.45 1.2 1.5 6.3 1.3 1.3 1.2 1 1 1 3.6 1.1 6.1 6.2 9.65 7.05 5.1 1.3 3 3.1 7 30.1 7.1 19.2 11.7 9 6.15 11.5 30.2 26.6 9.2 7 7 5.8 6 7 5.8 5.9 12.9 5.8 9.8 16.6 4.2 3.7 4.2 1.1 9 9.2 6 7 5 4.1 5.7 5.8 27.8 5.8 5.9 5.8 10.1 7.2 9.8 22.1 5.1 5.2 6.05 12.6 9.3 4 4 6.25 6.75 30.6 6.9 16.8 6.85 30.4 6.95 9.1 6.95 6.6 7.45 7.35 7.45 7.75 7.55 12.55 5.1 7.75
NaN NaN NaN NaN NaN NaN 6.45 6.6 4.1 1.1 3.7 8.9 28.8 1.2 6.1 1.1 1.3 1.3 7.05 16.5 3.6 9 6.1 1 1 5.6 12.2 7.3 9 12.2 14.6 6 7 7.1 11.5 7 9 6 6 30.2 6 30.3 6 5.7 5.8 3.6 1.3 26.7 5.5 3.6 5.6 14 5.9 7.6 5 7 7.1 5.9 5.8 5.7 5.7 6.1 7.6 7.2 5 12.1 16.6 6.35 4 6.55 9.8 5 4 30.3 30.3 24.4 4.1 4 9.4 6.85 9.65 9.1 9.95 7.05 6.95 7.35 7.25 7.65 12.65 7.45 7.45 7.45
NaN NaN NaN NaN NaN NaN NaN NaN NaN 4 4 1 3.6 8.7 1.3 1.6 5.1 1.1 7.05 26.2 4.2 30.4 1 1 1 8.7 1 5.1 7.7 6.15 7 21.6 9.7 5.2 7.7 30.3 5.2 4.5 6.2 15.3 7.7 5 5.8 5.5 6.8 1.3 1.3 6.2 6 5.7 5.7 5.1 5.1 7.7 7.6 7.1 6.5 4.3 6.2 6.3 7.2 30.6 6.3 5.2 30.3 1.2 9 4 6.35 4.1 4 9.2 7.7 30.2 30.4 6.65 5 6.55 6.65 30.5 7.1 7.25 9.2 30.1 9.65 7.25 7.45 10.2 7.45 9 7.55 7.55
NaN NaN NaN NaN NaN NaN NaN NaN NaN 6.15 1 1 1 1 3.6 6.2 6.3 NaN NaN 6.25 9.4 6.4 3.6 4.2 11.2 1.2 4 6.2 30.4 8.8 1.2 7.7 30.2 7.8 5 5 7.1 7.2 7 6.8 5 1 6.6 6.7 6.6 4.1 12.7 7 6.1 6.2 6 1.1 5 4 30.1 7.1 5.3 9.6 4 17.1 5.1 6.6 6.8 7.6 5 7 11.7 13.7 7.3 6.35 6.35 4.3 15.2 5.4 11.9 30.6 6.55 13.2 6.65 6.75 7 10.2 7.05 6.85 7.25 7.45 7.35 7.75 10.05 10.2 7.6 7.6
NaN NaN NaN NaN NaN NaN NaN NaN NaN 5.65 1 1 1 1 1.2 1 NaN NaN NaN NaN NaN 6.5 6.2 11.2 3.8 7.7 6.3 1.3 1.2 9.1 5.2 5.1 9.6 6 5.1 5.1 7.2 7.6 19.1 6.9 6.7 5.1 6.7 5.1 6.6 6.7 6.8 6.6 6.8 6.8 5 5 4.1 6.6 4.2 5.4 20.1 4.1 6.6 4 5.2 6.6 22.9 4.1 1 7 1 9.1 6.35 5.1 4 6.35 10.4 27 11.6 9.1 30.2 6.55 6.55 12.05 6.95 7.7 7 9.95 7.45 10 7.6 7.5 6.9 9 7.6 30.1
NaN NaN NaN NaN NaN NaN NaN NaN 2.6 5.75 4 1 4.1 5.95 5.85 NaN NaN NaN 7.05 6.95 30.2 11.5 13.9 1 1.1 1 1 6.2 6.6 1.2 10.2 5.1 6.35 30.1 9.1 10.3 7.2 15.2 5 7.7 6.8 6.8 6.6 6.8 6.7 6.7 6.8 6.8 6.7 6.6 6.7 6.6 6.6 6.8 7.1 6.6 1.3 6.9 3.6 13.7 4 4.2 6.7 4 1 1 9.1 5.1 6.1 7.1 9.6 21.8 6.15 30.5 5 14.1 30.1 6.65 7.1 6.65 6.95 19.2 6.7 7.2 7.5 7.4 7.5 7.4 7.6 10.4 24.5 7.8
NaN NaN NaN NaN NaN NaN NaN 3.6 2.2 NaN NaN NaN 5.75 5.75 NaN NaN NaN NaN 5.85 7.25 6.95 9.1 1.3 1 6.1 1 3.6 1 10.2 13.6 7 5.2 7.7 5 5.1 5 7.6 26.2 1 6.9 6.6 5.1 6.7 6.8 6.6 6.6 6.7 6.8 6.6 6.8 6.7 6.6 6.7 6.6 6.6 4 6.7 6.2 5 1.3 30.3 1.2 4.1 20.7 4 6.2 6.1 6.1 6.1 6.25 9 30.4 30.1 1.1 6.35 6.2 3.6 3.9 3.6 7.1 7.3 7.1 6.7 7.1 6.6 7.1 7.4 10 10.5 30.6 5.2 7.6
NaN NaN NaN NaN NaN NaN 30.4 6.45 30.2 1.1 5.85 NaN NaN NaN NaN NaN NaN 5.85 11.5 14.6 4.1 1.1 6.8 3.7 1 4 1.1 4.1 5 6.25 11.6 6.35 7.05 5.2 5 5 27.1 6.7 6.7 6.7 6.6 6.7 6.7 6.8 6.7 6.6 6.8 6.6 6.7 6.6 6.8 6.8 6.6 6.6 1 1.1 4.1 16.2 6.8 11.1 1 6.6 6.1 6.3 6.2 6.3 6.2 6.5 6.5 1.1 14.3 1.3 24.2 7.35 6.85 30.4 7.3 25.2 10.3 7.5 7.6 7.5 30.2 6.7 7 7.4 7.8 7.7 7.8 7.4 7.5 4.3
NaN NaN NaN NaN NaN 4.1 9.1 6.25 1 9.7 5.75 1.1 5.85 NaN NaN NaN NaN 5.85 5.75 4.2 4.75 5.1 3.7 4.3 5 17.7 25.1 6.95 7.05 5.15 5.15 5.05 4.75 6.7 7.6 10.2 10.1 5 5 5.1 6.6 5 6.9 30.15 7.05 7.25 17.25 6.6 6.7 6.6 5.3 7 22.1 4 1.1 1.1 6.6 6.3 7.7 1 9.2 6.5 6.1 6.3 6.2 6.5 6.5 1.1 6.3 6.6 6.7 6.7 30.3 14.2 7.4 6.9 14.4 9.9 14.2 7.2 10.2 7.2 7.1 6.9 6.8 29.4 7.6 11.7 10.1 7.8 7.5 8.8
NaN NaN NaN NaN 4.1 6.25 1 9.2 6.8 5.55 5.3 5.95 7 5.75 NaN NaN 5.85 4 5.75 4.75 4.75 4.75 4.95 5.05 4.85 5.55 7.1 5.65 5.55 4.95 7.6 4.15 4.25 5 4.1 1.2 5.85 5.85 6.6 6.7 6.6 4 7.25 12.15 7.15 7.15 7.25 6.3 6.3 6.8 6.7 4.3 1 6.6 1 1 6.7 3.7 4 1.2 6.5 NaN 1 6.6 6.6 6.5 7 5.1 6.2 6.1 6.8 6.9 30.7 6.6 7 29.7 7.2 7.2 30.1 6.4 6.9 7.1 27.3 7.3 7.2 12.1 7.1 7.1 7.5 7.8 7.6 7.6
NaN NaN 1 6.35 6.35 14.7 6.15 6.15 6.15 5.65 5.85 5.85 14.2 NaN NaN 5.95 30.3 5.45 9 4.75 4.65 4.65 30.4 7.4 4.85 5.85 5.55 5.55 5.55 9 5.65 19 7.1 7.1 6.2 1 22.7 5.85 5.85 7.15 7.05 7.25 7.15 7.05 7.25 7.05 6.85 6.85 6.6 6.4 6.7 4.2 1 1.1 1 3.6 11.8 3.6 6.5 6.6 6.7 7 6.1 6.5 7.6 6.6 6.6 7 7.1 7.4 8 5.4 6.8 6.2 5.7 7.4 9.7 5.9 6.4 6.6 6.5 30.2 7.6 10.5 7.2 7.1 7.2 7.2 7.4 7.6 17.5 10
3.6 3.6 7.7 6.15 6.45 6.35 5.2 19.6 5 14.7 5.75 5 NaN 5.95 6.15 9.6 5.65 1 5.45 5.55 5.55 5.55 5.75 5.65 5.95 5.85 5.55 7 5.55 5.55 5.65 5.4 5.1 5 4.1 1 5 5.1 5 6.85 6.85 6.85 6.75 6.85 5 6.95 6.85 6.85 6.85 5.1 6.4 9.2 3.7 1 1.2 1.1 4 24.7 12.6 6.5 4 30.3 6.5 6.5 7.4 6.7 6.7 7.1 14.9 5.4 4.2 7.5 9.8 1 5.5 6.7 5.1 11.6 12.4 6.7 9 17.2 7.7 7.6 9.7 10 7.4 7.5 7.4 7.4 15.2 7.5
5.2 6.15 5.45 7.2 6.35 6.6 5.1 5.95 4.1 9.1 5.05 4.95 5.85 5.55 5.65 5.55 5.45 5.65 5.55 3.7 5.45 5.55 5.85 5.75 5.75 5.75 5.75 5 5.55 5.65 22.9 5.1 5 10.2 5 6.75 5 5 5.1 6.95 5 6.85 6.85 6.85 6.75 7.6 7.25 6.85 7.05 6.95 7.05 14.4 1.2 28.7 1.2 1 4 4.1 5.2 5.1 5.2 9.6 6.8 3.8 3.6 6.6 6.9 7.1 7.4 7.5 7.5 7.2 6.6 7 11.5 14.2 5.8 10.4 1 30.1 6.2 7.6 7.7 12.5 7.9 7.5 7.5 7.6 7.4 17.6 10.2 7.5
5.75 7.1 5.2 5.2 5 5.95 9.1 7.6 5 4.95 1 6.2 5.65 1 5.55 5.45 19 5.75 7.7 6.7 20.2 6.05 6.15 6.15 6.05 5.1 6.25 5.85 30.2 7.2 12.2 9.1 8.9 5.1 1.1 4.1 5.1 5.1 7.7 7.9 5.1 12.7 6.95 6.85 6.85 6.85 6.85 6.95 1 17.1 6.85 7.35 4.1 3.8 1.1 1.1 3.6 4.3 6.5 6.5 6.6 6.2 30.3 6.6 6.5 6.6 13.8 7.3 4.1 10.1 7.3 7.3 7.8 9 14.1 7.2 7 7.7 14.2 9.2 6.9 7.3 30.1 30.2 7.8 9.1 7.6 7.7 17.7 7.5 7.6 7.6
5.75 4.3 5.45 5 5.95 12.1 17.6 12.6 7 1 5.45 9.3 1.2 1 3.6 4 3.7 5.55 5.85 7.6 5 1.1 5.85 6.15 9.1 5.85 5.85 7.2 5.95 7.2 5 4 6.8 5 5 7 5 5 5.1 11.6 5.1 5.2 6.75 6.75 6.95 6.75 6.95 4.2 9.2 7.45 7.1 7.8 30.25 1.3 1 1 6.6 6.7 6.7 8.8 9.2 5 4 1 6.6 7.3 4.2 7.4 7.6 7.5 9.8 7 7.4 11 11 11 7.4 7.6 13.8 11 5.7 7.3 7.3 7.1 7.9 7.8 7.7 7.7 9.8 9.8 7.8 8.5
24.2 5.55 5.55 5 5.95 5.3 5 1 9 1 7.7 4 1 1.1 1.1 10.1 5.85 5.95 6.05 5.95 4 6.1 5.95 6.05 4 1.2 6.05 4.2 1 28.8 5 26.5 5.75 4 5 4 4 7.6 5.1 9.1 7.7 8.8 6.85 9.7 6.85 5.3 7.55 5 7.35 7.35 7.35 7.35 5.2 6.6 3.7 4 6.7 30.1 7 30.3 6.8 6.8 3.2 6.8 7.1 7.3 14.6 10 10 7.2 7.3 7.3 13.8 11.1 9.8 7.9 7.7 7.1 30.3 7.5 7.6 13.6 7.5 7.2 1.2 16.8 12.2 30.2 7.2 7.7 10.1 29.3
6.25 5.45 15.2 6.05 27.7 5 1 5 9 11.7 1.1 1 1 5.65 5.65 5.55 5.55 5.05 5.15 5.05 9 7.6 17.7 30.2 5.95 6.05 5.95 5.1 5.75 5 5.65 24.1 6.85 13.7 5 5 7.1 1.2 12.6 14.3 5.3 5.2 30.1 6.95 14.55 14.95 9.7 7.45 7.45 4.3 7.35 7.45 7.75 6.9 6.9 30.3 9.6 29.1 6.7 6.6 7 3 6.6 6.8 7.1 7.6 30.3 7.5 7.4 7.2 9 7.2 30.2 14.1 7.3 30.3 12.8 13.1 6.6 10.6 7.1 7.1 7.8 7.3 7.6 9.2 7.4 7.8 7.6 7.5 7.6 7.8
14.2 6.15 1.2 10.7 30.7 1.3 26.3 11.2 1.4 17.8 4.1 1.1 6.1 4.2 3.7 5.15 5.65 5.75 7.2 5.75 5.65 5.95 11.7 11.5 17.7 11.7 4 4.1 5.65 5.65 4 5 7.8 30.4 5.1 12.6 18.7 4 4 7.8 5 6.15 12.1 5.95 6.85 1.2 7.45 7.35 21.3 1.1 7.55 9.95 7.75 6.8 11.1 30.4 6.6 6.5 6.5 6.6 6.6 6.7 6.8 9.1 7.1 7 10.1 10 7.4 7.3 7.4 8.1 7.4 30.1 25.1 7.3 30.3 7.2 30.2 7.3 13.2 7.6 7.7 7.5 7.6 7.5 7.6 10.3 7.6 7.5 5.1 7.6
6.05 6.05 6.15 30.2 3.7 8.9 6.05 5.95 5.2 4 6.35 4 5 1.1 6.35 5.95 5.85 6.05 5.95 6.05 6.15 5.65 5 9 5.15 5.75 5.75 5.35 5.75 5.75 5.65 5.65 4.2 4.3 14.4 4.1 4.1 4 5.1 5.2 14 6.05 6.35 6.25 5.2 5.4 17.7 30.3 3 12.65 8.2 8.8 7.75 7.7 10.1 5.1 5 6.6 6.5 6.6 6.8 6.8 6.7 7.1 7 9.7 14.7 30.2 7.4 12.1 7.3 11.2 16.6 20.2 30.3 13 7 7.2 15 7.2 7.5 7.6 7.5 7.7 7.5 10.1 7.6 7.8 7.8 7.7 7.5 7.5
6.15 5.95 7.6 5.35 5.15 6.05 6.45 5.3 5.1 6.35 5 5 4 9.1 29.2 22.1 24.7 7.1 6.55 6.05 26.4 11.6 5.85 5.85 5.75 5.65 30.4 4 5.25 4 5.65 4 5.1 1.1 1.1 30.4 4 30.2 5.1 5.1 5 6.4 6.05 1 4.2 7.1 6 8.2 3.3 5.6 8.1 18.1 18.2 30.2 23.3 30.3 30.2 6.9 6.9 7.1 7 7 30.1 10 7.3 30.3 23.7 7.4 7.3 7.4 20.6 9 30.3 17 30.1 6.8 7 7.5 7.5 7.5 7.5 7.6 20.1 9.8 7.6 10.2 10.2 7.7 7.5 7.6 7.6 7.6
