Outfile_2.asc
ncols         201
nrows         151
xllcorner     733748.947016
yllcorner     2561541.418206
cellsize      137.483444
NODATA_value  -9999
[rows 64 to 95 of 151, columns 72 to 143 of 201]
-9999 -9999 -9999 -9999 -9999 -9999 -9999 -9999 -9999 -9999 -9999 -9999 -9999 -9999 -9999 -9999 -9999 -9999 -9999 -9999 -9999 -9999 -9999 -9999 -9999 -9999 -9999 -9999 -9999 8.2578339874 5.8397668798 2.5686485301 3.0801158374 5.3874258846 7.69071197 4.9047379305 5.09071197 7.9874258846 19.9 7.4780270252 9.9885969716 12.2240421083 4.4281824662 1.7089609265 1.3635231517 1.3393193566 6.3242242458 5.2108185325 5.1 6.5 18.2714045971 26.19071197 30.6666666667 15.6555555556 30.2716618094 13.5666666667 24.5666666667 7.2666666667 4.2666666667 5.7666666667 30.5666666667 10.7666666667 6.35 5.85 30.2033841227 2.2093499059 30.3058650915 6.55 6.25 5.75 5.85 6.0648090607
-9999 -9999 -9999 -9999 -9999 -9999 -9999 -9999 -9999 -9999 -9999 -9999 -9999 -9999 -9999 -9999 -9999 -9999 -9999 -9999 -9999 -9999 -9999 -9999 -9999 -9999 -9999 -9999 -9999 6.4 2.8874258846 1.8282389099 1.9282334925 3.3333333333 10.8360678439 4.6690047263 2.4120225406 -9999 -9999 6.6 9.0360678439 12.9 4.9393446036 7.6721177144 4.3166666667 9.1681050248 9.6333333333 9.003030303 1.3768182948 6.6556550252 4.3134491708 6.1540925512 30.2333333333 11.79071197 8.3333333333 30.4 9.7 7.1 6.85 6.95 5.2 6.3 6.95 19.573998276 12.3578685395 30.4578339874 18.8355337841 30.3245352062 6.15 6.25 6.25 30.3380712638
-9999 -9999 -9999 -9999 -9999 -9999 -9999 -9999 -9999 -9999 -9999 -9999 -9999 -9999 -9999 -9999 -9999 -9999 -9999 -9999 -9999 -9999 -9999 -9999 -9999 -9999 -9999 -9999 -9999 5.8 2.399076262 1.9506636589 2.4553296488 4.6846975047 2.5400621611 27.9502212362 -9999 -9999 -9999 -9999 -9999 8.2874258846 4.1134491708 30.3223216919 2.4111111111 11.1084518793 6.9666666667 1.7555555556 1.5714045971 4.6042261031 5.4615508071 16.0453558739 15.4333333333 6.35 30.3540925512 7.4666666667 7.8666666667 30.0666666667 27.6666666667 7.05 6.85 23.4666666667 19.85 29.2361506991 7.05 7.15 7.15 9.65 7.05 7.25 11.0333333333 8.3666666667
-9999 -9999 -9999 -9999 -9999 -9999 -9999 -9999 -9999 -9999 -9999 -9999 -9999 -9999 -9999 -9999 -9999 -9999 -9999 -9999 -9999 -9999 -9999 -9999 -9999 -9999 -9999 -9999 1.5205792798 5.9 5.6990906338 2.9761588859 4.2289342698 5.9 5.9 -9999 -9999 -9999 7.2 7.1 30.6840685946 30.4876160094 7.5874258846 2.9994767825 6.5 7.2333333333 7.0333333333 10.3666666667 15.4540925512 9.5453558739 28.3205792798 5.9727786529 6.5 20.0919346658 12.2727786529 15.6901371761 5.4703703704 10.6703703704 13.0703703704 5.3703703704 6.95 7.05 7.35 7.45 7.35 7.05 6.95 6.95 6.85 7.05 6.85 6.85
-9999 -9999 -9999 -9999 -9999 -9999 -9999 -9999 -9999 -9999 -9999 -9999 -9999 -9999 -9999 -9999 -9999 -9999 -9999 -9999 -9999 -9999 -9999 -9999 -9999 -9999 -9999 28.1269562388 2.8440446391 -9999 -9999 -9999 5.9 5.9 -9999 -9999 -9999 -9999 6.3 9.9 10.1 5.1859420902 1.7737387429 6.8302830782 1.7666666667 17.2333333333 4.7540925512 2.7666666667 10.9333333333 6.4 30.7954770164 8.7223216919 30.05460281 6.0148090607 5.8283329622 8.1905960329 28.0380952381 25.7380952381 6.8380952381 6.85 6.75 13.0380952381 7.05 7.15 7.05 6.95 7.15 7.05 7.05 7.05 6.85 6.85
-9999 -9999 -9999 -9999 -9999 -9999 -9999 -9999 -9999 -9999 -9999 -9999 -9999 -9999 -9999 -9999 -9999 -9999 -9999 -9999 -9999 -9999 -9999 -9999 -9999 -9999 4.5578685395 6.7 30.3726526899 19.7230769231 6.1 -9999 -9999 -9999 -9999 -9999 -9999 6.1 30.575 30.335446344 20.6313839675 1.65559494 4.2858309864 1.298142394 1.3333333333 4.4703703704 6.7134491708 30.2761904762 30.4716618094 7.1 14.6054744498 6.5 9.8 30.3381572756 6.4282174738 5.7752416018 7.4135735976 9.55 6.95 7.25 7.05 7.05 7.25 7.25 6.95 7.05 6.95 12.05 6.85 7.05 6.95 6.95
-9999 -9999 -9999 -9999 -9999 -9999 -9999 -9999 -9999 -9999 -9999 -9999 -9999 -9999 -9999 -9999 -9999 -9999 -9999 -9999 -9999 -9999 -9999 -9999 -9999 10.9399385949 21.1758255781 6.2 4.6351191813 8.338878435 6.1 3.973998276 6.1 -9999 -9999 -9999 -9999 6.3 6.2 30.4181192171 5 5.3615508071 1.2393193566 4.3108185325 7.9242242458 15.5393193566 5.4564102564 15.3 31 5.6 5.3 5.3 4.9 30.0240453033 8.8047379305 6.2013189489 5.6205792798 30.0615508071 10.4768182948 22.1345325216 7.25 30.4 6.75 7.4 7.5 7.4 12.6 6.95 6.95 7.15 5.1 7.4
-9999 -9999 -9999 -9999 -9999 -9999 -9999 -9999 -9999 -9999 -9999 -9999 -9999 -9999 -9999 -9999 -9999 -9999 -9999 -9999 -9999 -9999 -9999 -9999 4.2 6.6 4.1853044011 4.8897412037 6.2146632187 5.6 5.8795713869 6.1 9.7 5.9 -9999 -9999 6 5.0538357466 6 5.4 5.2 5.1 5.1 4.9 4.8 5.7 10.04984391 6 6 5.3 30.496856485 4.5 4.4 10.702378304 6.1041611408 1.2635231517 6.1 6.1 6.75 12.45 9.75 16.9047650464 7.4 7.4 7.2 7.6 24.9 6.75 6.65 6.95 7.55 6.8
-9999 -9999 -9999 -9999 -9999 -9999 -9999 -9999 -9999 -9999 -9999 -9999 -9999 -9999 -9999 -9999 -9999 -9999 -9999 -9999 -9999 -9999 1.1 6.6 6.5 12.6668015807 6.3 6.3 6.3 5.8 6 5.9 24.1 -9999 -9999 6 30.0587251934 5.6 30.0333333333 5.5 4.9 4.8 5.5270461645 15.0166666667 5 6.1 5.9 5.8 5.8 21.6 5.8 9.9018449158 10.606919727 16.7282174738 2.8830646666 2.1306741015 7.3570224301 6 6.4 7.7 7.5 7.5 9.9 22.5 10.1 7.8 12.2 24.7 6.75 6.55 7.15 6.7
-9999 -9999 -9999 -9999 -9999 -9999 -9999 -9999 -9999 -9999 -9999 -9999 -9999 -9999 -9999 -9999 -9999 -9999 -9999 6.5 1.1 8.7 5 6.2 6.5 6.5 6.0224739802 8.3955834467 5.9084518793 9.2559224131 6 8.1212869664 -9999 6 6 7.9863806577 5.8 1.6205792798 5.8 5.7 6 5.6 5.6 5.9 5.9 6 6 10.0928371643 5.7 5.9 5.8 5.6514076045 6.1994767825 11.1690355763 5.467051395 6.6622501134 5.8453558739 16.8666666667 30.2333333333 7.4 7 7.1 7 7.4 30.3703703704 7.1 7.4 7.2 14.8 28.2222222222 6.55 4.1
-9999 -9999 -9999 -9999 -9999 -9999 -9999 -9999 -9999 -9999 6.65 4.4 -9999 -9999 -9999 -9999 -9999 6.1 1.1 5.8 7.9 6.3 5.7 7.3242242458 6.6 4.4928371643 6.3117382165 6.5 6.2801158374 12.8060112703 5.2 5.3 6.3 5.8 6.2 5.7 5.8 5.8 5.7 7.120674489 5.9 6 5.8 5.8 5.8 5.8 6 5.6666666667 5.8 5.9 23.053428636 5.4042261031 6.0245006541 20.2 8.5453558739 7 5.3874920661 25.9716618094 14.0111111111 7.6 30.31898463 7 6.9 14.7 7.1 6.1333333333 7.3 7.2 7.1 7 7.4 29.4
-9999 -9999 -9999 -9999 -9999 -9999 6.55 4.4 4.4 4.7 11.6 4.6 4 4.4 4.3 6.55 6.7 5.85 5.85 7.1 5.8 7 12.8242242458 5.2946277864 5.5267895821 6.3 8.9570224301 8.6661434492 30.2413293538 5.2 2.9391639897 4.5660740412 5.8 2.0167993852 5.7 6.1 15.0485927876 5.9 5.569983854 9.6545637691 30.0621827039 6.1 6.2 6 6.1 9.9666666667 6 5.7 5.7453558739 12.5267895821 14.9946277864 30.2714045971 2.59071197 8.3333333333 1.9716618094 4.5192754236 15.7602895721 8.2726779369 30.1333333333 10.1 6.1084518793 7.9681050248 6.9 7.2 7.2 7.2 7.6 7.5 30.3333333333 30.1222222222 6.9 7.5
-9999 -9999 -9999 -9999 6.65 4.4 4.5 3.6 3.9 3.5 4.1 4 4.4 10.1 6.45 5.85 4 6.05 5 5.6 5.7 4.3242242458 5.8 10.6267895821 6.3 10.4333333333 6.59071197 13.4666666667 7.5267895821 9.6223216919 5.6 5.6499159511 5.3161994504 4.0135735976 2.7164737863 12.3892557464 1.4928371643 5.8 6.1 10.5147188482 25.6328101159 1.2694840324 6.1 6.1 16.903030303 6.2 6 8.49071197 5.7 7.8856743286 5.6267895821 7.2555555556 25.0333333333 24.29071197 5.6714045971 30.3768182948 30.1242242458 13.0333333333 15.8666666667 7.3333333333 6.3540925512 30.3134491708 7.1 7.2 7.4 7.2 7.5 30.5453558739 4.7615508071 7.6 7 5
-9999 -9999 6.65 4.4 4.3 4 4 3.8 11.8 4.1 4.1 4.1 4.1 6.45 6.35 5.75 5.95 5.1 7.2 5.7 16.913394791 5.9 5.7 5.8856743286 6.3 14.09071197 5.6892557464 1.7928371643 9.4925555291 1.7249319761 19.0127204931 8.8240453033 7.9578339874 2.4287267571 4.3740079158 9.4615508071 6.3 6.1 6.2 6.3 9.2 6.3 6.2 6.2 11.914274771 1.3768182948 6.1 4.6892557464 2.59071197 16.0333333333 8.6859549217 9.8956009364 5.8 5.3487248999 8.2042261031 9.653428636 7.2108185325 5.703030303 10.7555555556 30.2666666667 29.3666666667 30.5761904762 7.4 30.0289342698 12.3 5.6666666667 7.8 6.3333333333 7.6 7.8 7.5 7.5
7.55 4.4 4.4 4.5 3.5 3.6 3.5 4.4 4.3 4.1 4.1 4.1 4.1 6.45 6.45 5.85 4 6.35 5.85 5.7 6.6 5.8 30.0453558739 6.3 6.278511354 8.1205792798 4.0615508071 5.3946277864 30.4315546285 17.6590193633 23.6539264695 7.1111149814 5.7967854397 5.8 6 6 6.1 5.5 5.4 5.3 19.4289342698 30.5067245426 5 9.1 6.4 6.2 6 5.3615508071 5.7 6.4787919471 5.9 10.2629494148 7 30.1904286252 11.0991289 20.5328101159 21.5 4.0768182948 30.2714045971 10.5869026671 30.6889883586 6.1006271054 9.7138488355 7 7.1 7.6 25.8550633642 20.6 7.6 4.3380952381 17.9 7.6
9.6 4.6 3.7 3.5 3.5 4.1 4.4 4.4 4.1 4.2 4.2 4.1 4.1 6.45 6.45 5.75 1.1 23.7 5.95 6.3 9.298142394 6.3 2.6666666667 6.59071197 5.6892557464 1.4384487607 7.4135735976 1.5267895821 7.0856743286 8.6784048832 5.9240453033 3.2801158374 5.6153372142 4.8897640738 11.9073155329 5.5 5.8 5.8 7.5714045971 5.9 5.7 6.2 12.0961517174 30.2193279424 8.1098388924 7.3892203723 4.4564102564 6.9618913743 5.8 6.2 10.8169601147 5.7892557464 30.4903557635 20.5742996679 15.9628248883 13.3666087768 7.3 4.5556550252 4.8585207206 11.3417852127 18.2134491708 6.3 30.5383691019 6.1 7 2.1524976531 7.8 10.4 4.2181350989 1.3703703704 7.5 7.8
5.4 3.8 3.6 3.8 4.1 4.1 4.4 4.4 4.1 4 4.2 4.1 4.2 6.55 6.55 5.85 6.55 5.85 6.35 5.75 6.2 6.3 6.3 19.9333333333 19.0928371643 1.3135735976 6.2 6.2 7.4570224301 6.8205455818 6.6 19.1120225406 30.556466985 5.4245602819 6.8 6.4 6.2 6 6.3 6.1 6.2 5.9 8.2934849615 22.4415013475 5.2 5.9 5.9 5.5 5.9 6.2 5.7 5.8 4.3 13.4207592179 10.0047379305 22.599404584 9.6587567673 7.1540382048 18.4528909085 6.5159705015 30.4417852127 6.4 6.4 6.4 30.2690047263 30.5595038309 30.3813298853 9.2955834467 7.1748334564 7.7 1.7666666667 4.6666666667
4.4 3.5 4.2 4.1 4.3 4.3 4.3 4.5 4.2 4.2 4.4 4.5 4.2 6.35 6.35 6.55 5.95 5.75 5 6.35 6.2 6.5 5 5.4 5.4 6.3 6.6 7.3570224301 6.59071197 6.7 5.9475950733 8.3573786367 7.3573786367 30.3380712638 30.2434849615 8.8666666667 30.4666666667 13.8666666667 7 6.3 11.0570224301 28.2235829038 6 5.9 5.7 5.8 6.2181192171 4.9729948341 5.5 5.2934562487 5.8 30.7872459465 30.4451780206 4.2205792798 5.1782210422 12.6890396954 12.1682213103 4.643952253 5.9351191813 8.7035521076 10.6903557635 7.5084518793 6.2 16.8573786367 20.7786892072 30.1813298853 24.9903557635 30.1417852127 4.0681050248 1.2374901471 4.2 19.1
4.5 4.2 4.3 4.1 4.2 4.4 4.4 4.2 4.3 4.3 4.1 4.1 4.3 6.65 6.65 17.3 1.1 6.45 5.85 5.85 5.7 6.3 8.535446344 7.8616480027 6.5 6.6 30.1 5.59071197 5.6892557464 6.7 5.9782174738 9.4381572756 16.2937128312 6.8 6.8 6.7 6.8 6.7 7 11.2084518793 12.1 30.3223216919 6.9 6.5 5.8240453033 5 4.9 4.9 6 6 21.9666666667 6 5.8 6.2 23.5666666667 9.0009114294 21.8958674673 7 11.6993623108 6.2 12.8813298853 30.4955834467 6.3302373727 30.2540925512 2.7911673208 6.4955834467 22.9417852127 5.4225890798 6.15 9.9956009364 7.2666666667 1.8666666667
4.4 4.1 4.1 4.3 4.4 4.3 4.5 4.1 4.3 4.2 4.1 4.2 4.2 4.2 4.2 5.75 5.95 5 6.7 6.45 6.3 15.7678658549 8.7181192171 2.0207704779 7.7905296316 6.8 5.1292657005 6.6 6.8 6.9 4.269104196 16.6522349452 6.9 6.7 6.9 6.8 6.8 6.6 6.8 1.3726779369 6.7 30.1090005921 7 2.8754153933 5.9 6.1 6 6 6.1 6.1 30.5666666667 6.7 10.0051154274 15.4742996679 30.4444323581 14.5838120122 7.0475304232 10.6237619586 1.541134965 7.393075142 8.5684525146 6.5958969948 10 1.4134491708 4.9393446036 1.7785371601 1.7384753952 30.7088191311 6.25 7.1 4.4333333333 4.3333333333
5.3 3.7 4.3 4.4 4.2 4.3 4.5 4.3 4.2 4.2 4.4 4.1 4.2 4.2 4.2 5.85 6.35 5.95 5.85 6.35 6.3 6.4 8.7955834467 8.726507906 16.5928371643 6.226286502 15.9637572938 22.7835203106 6.8 7 14.8703703704 10.440057876 6.7 6.8 6.7 1.2768182948 6.7 6.8 1.4564102564 5.2564102564 6.6 6.8 7.1 6.9 6.9 1.9843572659 6.7 6.7 6.7 30.261450055 5.9 7.7807843887 6.9098879263 30.3821701562 15.6983456956 7.7191643198 8.8487248999 4.4134491708 4.503030303 4.6761904762 7.0745942812 2.5132241218 5.0661434492 4.5889883586 22.1640561799 4.7457042423 1.5755853852 9.8670295079 1.4377707402 4.4222222222 3.8222222222 14.4222222222
-9999 5.3 4.5 3.8 3.7 3.8 4.3 4.4 4.3 3.8 4.3 4.3 4.2 4.2 3.6 5.95 6.35 5.85 5.95 5.2768182948 6.75 6.7 16.0869632333 9.0570224301 6.826507906 13.9564484313 21.2685658488 5.9302373727 6.6 6.7 6.8 6.9 7.4268601941 6.7 9.6737387429 1.6746415108 7.2761904762 1.5761904762 1.5166666667 6.7 4.5166666667 4.4419755892 7.5916625669 6.9 8.9238672278 6.6 6.6 4.735446344 6.9 30.2827011897 13.7434982679 1.2923526966 4.7223216919 7.6850892186 5.6 14.0893298864 30.10209398 8.4273168347 5.6630813152 5.15 5.85 5.5111111111 1.9333333333 30.0333333333 1.5555555556 15.703030303 18.8222222222 1.3 6.05 4.1 1.1 6.95
-9999 -9999 7.55 5.3 5.5 4.6 4.6 3.6 3.6 3.7 3.7 3.7 3.5 3.5 3.5 5.75 6.05 4.3047650464 6.15 6.65 6.95 6.9 6.7 6.6 11.4603794978 17.4240453033 9.5911673208 6.5153372142 6.1618805153 27.21898463 30.0422194537 6.7 22.3270461645 19.2302373727 6.3 20.3869026671 6.3 15.4111111111 6.7 6.8 6.9 6.6 6.8 30.4444444444 14 6.75 24.9363636364 6.8083333333 6.9 6.8 10.8032244134 11.8376880965 6.9 6.6 6.4 6.6 9.5384487607 4.8765569041 5.7138991347 1.8239552048 2.8666666667 7.4111111111 4.8111111111 6.0570224301 12.747996552 6.45 5.9217300308 6.25 4.1 6.95 6.9067245426 6.8484520197
-9999 -9999 -9999 5.5 5.4 9.2 5.4 5.3 7 5.4 5.4 5.6 4.2 4.1 4.6 4.3 5.95 6.15 6.15 6.45 6.95 5.2768182948 30.497178591 7.9848537679 6.163570706 6.0540925512 7.0641856825 10.3471596063 7.24984391 6.55 9.0684525146 21.4813298853 30.1240453033 6.55 30.1134491708 30.3889883586 6.85 29.5570224301 7.3333333333 30.4333333333 7.3333333333 11.0059860233 5.1644437802 6.75 6.45 6.25 6.45 6.65 6.55 6.85 6.85 9.5815230842 5.3032244134 11.2194011491 13.7805354371 6.0838046346 13.6799677164 9.175118546 2.1476254443 7.3856826954 5.9813855149 7.3111111111 4.8111111111 20.8666666667 6.95 4.4777777778 6.55 30.2564102564 6.25 6.9564102564 6.95 6.95
-9999 -9999 -9999 -9999 1.3 5.4 5.4 5.3 4 5.4 5.4 5.4 5.5 5.3 5.5 7.65 6.45 5.85 6.15 30.19071197 6.75 11.3353191866 10.316476147 7.6598811283 6.2578339874 6.75 6.1091218061 6.75 7.8850406063 11.2266136648 6.3958969948 6.75 30.2120225406 28.2236890968 8.6393446036 5.95 10.7794273899 4.747996552 1.5555555556 6.05 5.5555555556 7.7302830782 6.25 6.55 22.4585392229 9.8839733804 6.55 30.2615508071 4.8829332032 2.2093499059 6.8490013082 7.15 6.85 8.9477344001 7.4603794978 11.4681050248 10.3417852127 5.9570224301 8.0621722674 4.8078695051 16.0883966975 5.1111111111 5.5111111111 5.2666666667 1.4761904762 7.0901371761 9.85 6.95 6.45 9.75 7.15 6.95
-9999 -9999 -9999 -9999 -9999 5.4 4.2 22.7 5.5 5.4 5.4 4 9.6 7.2 5.1 7.85 6.75 6.55 6.55 6.75 6.75 5.4622501134 6.85 6.75 6.55 7.0223216919 5.7260343862 6.75 5.95 5.5042261031 7.6511991882 6.05 5.65 6.25 6.7501731634 8.0440446391 6.2934119078 18.6084518793 4.7666666667 9.0969040394 1.3901371761 9.3094922192 4.2694840324 6.55 6.75 9.8266010238 7.25 6.75 4.6971540342 24.4373355562 30.1176752738 5.9617989856 6.75 6.9207592179 2.3302373727 4.9748334564 5.0178056689 6.138708522 3.1934562487 7.7048156164 8.5729948341 4.8111111111 7.05 6.95 6.75 6.95 7.3111111111 7.4111111111 8.0111111111 2.1111111111 6.95 7.05
-9999 -9999 -9999 -9999 -9999 5.3 11.3 5.6 5.6 5.5 5.5 5.5 7.65 7.75 5 7.45 6.75 6.55 6.65 6.45 6.35 6.45 6.85 6.85 6.45 8.0540925512 5.4134491708 5.2768182948 5.3758686137 5.3533326691 7.7705834467 6.25 6.05 5.3666666667 6.7777777778 7.0833333333 10.6897435897 6.15 6.15 6.05 5.8084518793 5.737864697 7.635208726 30.4651472445 6.65 4.4300971077 30.303030303 5.498142394 7.2768182948 6.95 7.15 6.75 7.9060112703 2.2219010501 6.85 5.5835203106 1.6574638207 4.6471417218 4.2758686137 2.278316797 3.0733912093 8.5158761576 21.1084518793 6.25 10.0333333333 6.15 5.8666666667 8.1666666667 7.9666666667 2.6666666667 5.7666666667 6.7666666667
-9999 -9999 12.75 -9999 -9999 -9999 5.3 5.2 -9999 5.5 6.6 7.65 7.75 7.75 7.85 10.45 5.7578685395 6.95 7.05 9.3270461645 4.5384487607 6.85 9.65 6.95 6.55 6.85 5.4615508071 5.2946277864 5.5267895821 5.61898463 6.378511354 6.15 9.6541587328 6.85 6.05 7.8295231453 5.7948749122 6.05 30.1333333333 5.6666666667 1.3067245426 12.1434849615 2.2811298163 5.95 6.15 7.25 7.05 6.85 5.8897785367 17.222521847 6.55 6.65 2.4235829038 6.75 6.85 14.8289342698 4.5116052299 9.8349737791 8.9117382165 8.62568603 3.1648090607 6.05 6.05 5.95 6.15 7.1555555556 4.4270461645 6.05 6.45 5.5761904762 4.6761904762 23.2761904762
30.45 10.25 23.05 10.35 7.85 -9999 -9999 5.4 5.4 5.4 7.65 12.75 6.6 7.75 5.3242242458 7.85 6.85 6.85 6.85 -9999 6.4847858837 6.55 6.65 6.35 11.0333333333 8.3537203881 5.5316790289 5.7267895821 16.0856743286 25.1333333333 18.8333333333 6.95 6.95 6.95 6.95 6.55 1.6062672167 6.85 6.65 5.85 6.75 6.05 5.75 26.7207592179 6.65 9.7526087569 6.85 5.9850406063 30.5853397564 6.95 6.45 6.7705960277 7.0343272963 1.3874920661 1.2564102564 7 4.3564102564 1.7385891958 8.1417852127 10.8302373727 30.3937128312 6.85 6.85 1.7358404189 1.303030303 4.303030303 6.598142394 19.6777777778 30.1777777778 5.5777777778 4.3777777778 9.0777777778
12.95 15.35 9.85 7.85 7.55 10.25 -9999 -9999 -9999 4 7.65 7.65 7.75 -9999 9.5558900823 7.75 6.85 6.85 6.95 6.85 7.05 7.2768182948 5.5513641714 8.4666666667 5 6.01056489 5.6011704976 5.81898463 17.4570224301 6.8666666667 9.65 6.95 7.05 9.55 9.6727487108 7.2175430751 30.1242242458 13.1393193566 6.85 6.25 6.95 6.75 30.2625444306 30.8570224301 16.5591076631 6.25 2.4328411419 18.6117382165 30.6060112703 22.2236890968 30.1453558739 2.3219010501 4.7115754658 9.1002554047 7.2222222222 6.45 3.8257618163 1.6977602346 6.75 6.5911673208 8.7118446873 3.0356117652 1.8208927697 4.2169517877 1.2222222222 3.9222222222 19.2202728564 30.5083333333 30.0083333333 14.8083333333 11.5083333333 4.4183739396
10.55 7.75 7.55 7.35 17.75 27.55 7.75 7.65 7.65 -9999 -9999 -9999 -9999 -9999 7.75 1.8893446036 6.95 11.702378304 7.05 6.85 9.8687796773 6.85 6.95 5.4969040394 6.9252444916 27.8418083139 5.8922860495 6.8665805837 7.5812466759 5.8666666667 6.95 6.75 6.75 6.95 6.75 6.85 6.85 6.55 5.95 6.15 6.05 6.15 6.65 16.538708522 30.4595038309 6.15 6.05 1.9318455014 25.1801158374 3.5326039052 30.2573786367 17.7683086365 6.75 9.7909187831 30.2752543046 12.973998276 1.3847858837 13.3963442264 8.4480057157 11.9101749826 30.4578339874 6.5523409952 7.4870412155 7.3421966066 6.4380952381 6.9380952381 6.9380952381 12.1380952381 12.3450715499 6.55 9.9758686137 7.05
10.65 8.25 28.05 7.25 9.95 4.1 7.25 7.25 7.45 7.35 7.85 10.65 8.05 7.85 -9999 -9999 6.85 7.05 -9999 -9999 6.85 6.85 30.0134491708 9.6915219852 6.75 5.5622501134 11.9340669095 5.5267895821 8.771505315 10.2197773382 6.55 6.75 6.75 6.85 6.85 4 30.3 30.2 6.35 6.45 5.95 6.65 4.6574638207 6.85 15.2993623108 5.05 6.15 5.95 30.2095238095 6.163570706 11.3055575185 1.9194193466 4.9088191311 4.7723311278 1.8248334564 10.4924010611 6.5761904762 11.0501096867 6.4314757273 6.7825157082 30.2 4.9047379305 7.6671695589 7.42568603 19.7833292142 5.85 5.85 30.4703703704 12.2726779369 30.4166666667 30.1578685395 7.4716618094
