Outfile_4.asc
NCOLS 201
NROWS 151
XLLCORNER 733748.947016
YLLCORNER 2561541.418206
CELLSIZE 137.483444
NODATA_VALUE NaN
[rows 39 to 77 of 151, columns 89 to 177 of 201]
28 13.1 30.4 21.7 5.9 13.5 5.3 30.6 6.9 6.5 30.6 30.3 30.7 6.5 6.95 10.4 12.9 6.7 7.1 12.7 7.8 10.4 7.3 12.7 7.45 7.25 7.55 20.45 7.55 7.55 7.35 30.65 30.65 20.15 7.55 7.45 7.55 16 30.1 18.6 30.6 6.85 6.35 22.2 6.65 9 23.1 30.6 NaN NaN NaN NaN NaN NaN NaN NaN NaN NaN NaN NaN NaN NaN NaN NaN NaN NaN NaN NaN NaN NaN NaN NaN NaN NaN NaN NaN NaN NaN NaN NaN NaN NaN NaN NaN NaN NaN NaN NaN NaN
7 6.3 6.8 30.5 7.3 21.1 29.1 8 9.1 6.6 15.6 8.9 4.1 6.65 15.4 30.2 6.7 6.7 30.6 12.8 6.3 6.7 9.8 7.2 7.6 5.1 14.95 14.95 7.35 30.2 10.05 30.4 30.6 7.75 27.85 7.55 11.8 9.65 7.05 6.95 3.3 7.25 6.45 30.4 6.6 11.3 9.7 30.7 30.7 NaN NaN NaN NaN NaN NaN NaN NaN NaN NaN NaN NaN NaN NaN NaN NaN NaN NaN NaN NaN NaN NaN NaN NaN NaN NaN NaN NaN NaN NaN NaN NaN NaN NaN NaN NaN NaN NaN NaN NaN
7.1 6.7 6.6 6.7 7 6.9 5.8 8.7 6.6 30.3 19.4 14.3 30.4 7.8 30.1 12.7 9.1 6.2 7 30.3 6.7 6.5 7.5 12.3 30.2 7.3 7.25 7.55 30.5 3.2 10.9 12.45 30.8 7.85 6.35 6.25 30.3 30.6 6.85 30.6 6.15 22.3 30.4 31 3.8 27.9 1.3 30.6 19.9 20.6 NaN NaN NaN NaN NaN NaN NaN NaN NaN NaN NaN NaN NaN NaN NaN NaN NaN NaN NaN NaN NaN NaN NaN NaN NaN NaN NaN NaN NaN NaN NaN NaN NaN NaN NaN NaN NaN NaN NaN
7.3 7.1 6.9 7 7.2 6.8 30.6 30.6 30.4 7.9 6.3 8 1.2 17.7 6.7 30.7 6.5 5.4 6.6 30.6 18 30.4 30.5 7.2 7.5 7.6 30.8 6.65 6.45 24.4 30.4 7.35 19.95 6.75 30.7 14.2 6.85 6.35 6.85 9.55 25.6 6.45 30.5 30.1 30.6 6.1 3.9 24.7 30.3 30.5 30.1 NaN NaN NaN NaN NaN NaN NaN NaN NaN NaN NaN NaN NaN NaN NaN NaN NaN NaN NaN NaN NaN NaN NaN NaN NaN NaN NaN NaN NaN NaN NaN NaN NaN NaN NaN NaN NaN NaN
18 30.8 31.1 6.6 18.1 30.8 30.2 5.2 30.4 3.7 3.1 15.9 1.2 8 6.7 6.5 6.6 6.6 7.7 9.9 6.6 5.3 12.4 7.9 7.6 7.6 25.1 6.75 7.15 6.35 9.3 30.2 21.8 14.2 9.1 30.9 30.7 30.7 30.4 7.1 30.5 30.3 30.3 14.1 14 19.1 6.95 18.1 30.5 30.5 30.1 30.4 NaN NaN NaN NaN NaN NaN NaN NaN NaN NaN NaN NaN NaN NaN NaN NaN NaN NaN NaN NaN NaN NaN NaN NaN NaN NaN NaN NaN NaN NaN NaN NaN NaN NaN NaN NaN NaN
30.1 30.7 6.7 5.5 5.7 5.9 30.5 8.9 17.9 1.2 30.5 30.5 7 10 30.3 9.7 9.1 14.1 21.8 6.5 10.2 7.3 7.4 7.3 10.5 7.7 7.9 7.5 7.15 6.55 14.4 30.4 13.4 30.5 30.4 24.7 30.4 17 30.6 30.6 30.7 30.5 30.5 30.7 29.1 30.4 30.2 30.4 30.3 6.25 6.55 30.6 6.25 NaN NaN NaN NaN NaN NaN NaN NaN NaN NaN NaN NaN NaN NaN NaN NaN NaN NaN NaN NaN NaN NaN NaN NaN NaN NaN NaN NaN NaN NaN NaN NaN NaN NaN NaN NaN
6.3 16.8 30.5 6.6 6.8 22.8 8.4 9.3 11.7 13 30.5 30.2 7.5 27.8 7.3 7.6 7 30.3 7.1 7.2 7.6 7.4 7.4 7.7 7.7 7.7 6.7 30.6 31 6.65 30.5 30.6 11.9 30.05 7.35 7.65 30.1 30.3 30.4 6.45 30.3 30.5 27.1 5.4 30.3 28.1 30.7 7.4 30.4 30.6 9.2 30.8 7.25 NaN NaN NaN NaN NaN NaN NaN NaN NaN NaN NaN NaN NaN NaN NaN NaN NaN NaN NaN NaN NaN NaN NaN 8 30.4 10.4 NaN NaN NaN NaN NaN NaN NaN NaN NaN NaN
5.2 24.4 30.2 6.6 6.4 30.3 11.6 30.5 9.1 30.6 7.6 7.6 3.2 17.3 30.2 12.5 7.4 12.4 7.3 12.5 30.4 27.8 12.4 7.4 30.9 30.4 8.3 15.4 30.5 6.45 9.85 30.25 30.55 7.45 30.5 7.45 14.75 14.95 14.3 30.1 30.8 31 30.4 6.35 19.2 30.7 30.5 30.6 13.1 13.2 30.4 7.35 30.9 7.15 NaN NaN NaN NaN NaN NaN NaN NaN NaN NaN NaN NaN NaN NaN NaN NaN NaN 30.7 13.3 31 8 31.1 26.2 30.7 31.2 30.7 30.8 6.4 30.9 31.3 6.4 6.2 30.6 6.3 6.2
5.2 7.5 30.4 5.4 6.6 30.1 30.4 6.5 3.7 30.5 30.3 7.5 12.7 22.8 30.5 30.6 7.8 7.4 30.3 15.5 30.1 24.3 10.3 15.3 8 30.6 30.4 6.6 30.4 16.2 9.85 7.65 7.65 7.45 30.35 30.15 9.7 7.55 30.2 7.1 30.5 30.5 30.2 6.65 6.45 30.5 30.7 30.2 6.65 6.25 20.9 10 17.55 7.35 7.55 NaN NaN NaN NaN NaN NaN NaN NaN NaN NaN NaN NaN NaN NaN NaN NaN 31.5 31.1 31.4 11 30.8 8.3 16 10.5 30.7 30.7 31.2 8 30.3 30.9 6 6.4 30.1 6.5
10.8 26.1 30.5 30.6 30.9 30.2 30.5 6.4 23.9 30.5 9.9 7.5 1.2 6 6.6 30.8 30.6 6.2 9.9 30.4 30.5 19.4 30.6 6.5 31.1 30.4 6.4 6.5 30.7 30.4 30 12.35 12.55 30.55 25.45 25.25 30.3 14.9 30.3 10 30.6 6.35 26.6 6.45 30.6 30.2 9.3 6.55 6.75 30.6 6.65 19.3 30.4 30.5 10.25 NaN NaN NaN NaN NaN NaN NaN NaN NaN NaN NaN NaN NaN NaN NaN NaN NaN 10.5 30.8 31.9 9.2 30.2 8.3 31 8.5 30.4 8.1 16 5.9 31 5.7 6.3 17.9 7.4
30.5 5.2 6.05 30.5 9.9 16.2 6.4 3.9 6.3 6.5 7.2 21 6.5 10.4 6 6 9.7 31.1 30.4 30.5 30.6 30.9 30.8 30.5 21.6 30.7 30.7 30.8 30.4 31 6.25 6.95 31.2 12.65 31.1 30.1 30.25 7.45 9.7 7.2 6.65 5.7 7.9 6.35 3.3 19.3 17.8 30.6 6.55 27.2 7.55 30.9 30.6 30.9 7.65 10.55 NaN NaN NaN NaN NaN NaN NaN NaN NaN NaN NaN NaN NaN NaN NaN 30.7 14 8.5 28.6 8.7 18.1 8.8 15.9 30.5 31 8.3 23.5 6 6.3 5.7 5.8 7.5 7.3
8.8 6.15 6.45 30.9 30.1 13.8 30.2 13.8 6.8 27 30.6 30.3 6.2 30.8 24.4 30.2 6.3 6.1 30.6 30.7 15.3 6.3 8.4 30.5 30.4 23.6 30.4 6.5 15.7 30.9 14.4 30.3 30.5 6.65 30.8 30.4 9.9 7.05 31 30.7 6.95 30.3 31 6.45 11.1 31 30.7 30.5 30.5 6.05 7.35 30.1 7.05 7.35 14.85 7.8 10 NaN NaN NaN NaN NaN 6.6 NaN NaN NaN NaN NaN NaN NaN NaN 13.2 8 16.4 30.1 30.6 30.5 30.9 18.2 11.1 28.5 8.1 8.4 31 6.5 6 6.2 5.6 NaN
9 11.9 8.8 1.3 6.6 21.5 22.1 6.6 30.1 11.8 30.4 3.4 30.7 30.9 30.9 30.5 30.5 3.8 4 30.1 25.1 30.6 30.1 8.4 30.7 10.2 5.5 30.6 30.5 30.7 9.8 30.4 30.3 6.45 5.95 31.1 30.5 6.85 18.6 30.9 3.1 10.8 3.5 6.65 6.55 15.1 13.4 6.05 30.6 31 31.1 9.85 9.65 30.5 6.3 7.2 30.8 17.2 7 7 7.2 6.9 7 6.5 NaN NaN NaN NaN NaN NaN 8.1 30.1 30.7 8.3 15.5 15.6 30.4 8 28.4 30.7 11.3 30.5 10.8 18 6.2 6.1 5.6 NaN NaN
26.9 9.1 30.6 4.1 4.2 4 30.6 16.9 1.4 21.4 6.5 11.7 30.4 30.5 21.7 30.3 6.3 30.4 3.8 6.4 30.1 6.05 9.8 9.9 30.6 30.3 30.4 6.05 6.15 30.8 16.1 6.05 30.5 30.8 30.6 30.2 6 6.85 30.6 30.3 13.7 6.7 31.1 3.6 30.6 30.2 30.9 30.9 31.1 30.5 6.45 6.25 30.3 6.9 6.4 30.5 7.2 7.2 17.4 7.3 6.9 6.7 6.7 6.9 NaN NaN NaN NaN NaN 16.4 30.6 13.7 30.4 13.1 30.8 16.1 8.1 31.4 30.8 18.3 12.9 30.5 30.1 13.2 13.4 NaN NaN NaN NaN
3.9 1.4 30.6 26.7 1.6 18.7 1.3 3.7 10.7 6.7 13.5 20.3 30.3 6.5 30.1 28.2 30.5 30.4 9 6.3 30.4 5.95 17.2 30.5 30.9 30.7 30.7 30.3 30.5 30.8 28.1 13 30.5 10.5 30.6 6.95 30.6 7.25 30.6 30.7 30.4 6.1 31 31 30.8 30.6 31.1 30.4 30.6 27.2 6.45 6.25 7.1 6.9 30.3 30.5 7.2 30.9 30.3 7.1 22.3 7 7.3 5.6 NaN NaN NaN NaN NaN 7.6 7.3 7.7 31 6.4 28.4 18.4 30.7 8.5 30.6 8.5 11 30.8 8.7 30.5 8.1 NaN NaN NaN NaN
11.2 11.3 30.5 30.3 1.3 30.8 6.3 7.8 10.4 17.9 7.8 7.9 30.3 30.9 6.7 30.3 30.3 30.2 30.4 6.5 7.9 17.7 30.4 30.1 27.8 30.5 30.5 31 6.05 30.5 18.8 30.9 31 27.5 6.15 30.5 6.75 6.35 30.7 6.65 30.7 30.2 3.5 5.9 11.2 8.6 30.9 30.3 30.6 15.3 29 30.7 6.75 6.8 6 6.2 7 7 6.7 6.7 7.2 7 6.9 9.6 NaN NaN NaN NaN 7.2 7 7.5 30.9 30.6 17.8 8.2 25.8 8.3 7.9 15.4 25.7 28.1 30.4 11.1 30.2 8.5 NaN NaN NaN NaN
3.9 3.8 30.2 30.1 30.1 4.2 30.6 30.9 30.9 30.6 20.3 30.3 30.1 6.4 7.2 6.6 29.9 30.5 30.7 30.6 5 19.2 30.7 30.6 6.15 5.95 5.95 12.8 16.7 30.1 31 6.45 14.9 30.4 6.15 10.3 6.35 6.45 6.55 30.2 7.9 30.4 26.1 3.1 3.4 23.8 5.7 30.2 6.25 30.6 10.9 30.3 31 26.8 6.2 30.5 6.2 6.4 7 30.6 9.6 9.8 30.5 NaN NaN NaN 7.2 6.8 6.4 30.7 31.2 7.7 7.4 7.3 12.6 8.2 8.1 10.8 7.9 8.5 7.8 8.5 20.9 30.4 NaN NaN NaN NaN NaN
1.3 1.1 11.4 9 1.1 6.6 30.4 30.2 30.1 27.9 13.1 15 6.6 10 30.1 10.1 30.6 7.8 10.2 30.3 30.5 30.5 12.4 7.8 17.9 6.15 5.95 5.95 30.8 6.15 30.6 30.9 7.05 6.65 31.2 25.4 5.95 30.6 30.1 30.7 17.9 30.5 19.8 30.3 30.2 5.7 30.5 30.5 30.5 9.1 7.4 30.5 30.5 30.4 10.1 30.3 30.3 7 6.7 30.1 6.6 7.2 NaN NaN NaN NaN 30.7 6.5 5.7 30.4 7.3 30.6 9.2 30.5 7.5 30.2 7.7 13.5 7.7 8.2 13.6 30.4 31 7.7 NaN NaN NaN NaN NaN
8.8 3.9 30.9 1.4 6.4 21.7 30.4 31 5.3 30.4 25.5 30.4 6.5 12.3 29.9 17.6 13.2 12.3 30.2 7.7 5.2 19.9 15.1 30.6 6.35 6.25 6.45 5.95 30.5 30.8 30.3 31.2 30.5 30.9 30.4 6.8 16 30.9 30.6 6.35 25.8 8.4 25.4 30.7 8 10.7 30.2 19.6 29.9 12.2 9.8 5.85 5.95 31 24.4 6.5 6.1 6.3 30.3 7 6.9 6.7 6.7 NaN NaN 30.5 30 30.8 7.2 15 7.3 7.2 7.2 17.5 30.5 7.1 30.5 7.6 30.6 10.8 31.2 31.1 30.4 8.5 NaN NaN NaN NaN NaN
16.3 1.4 24.1 6 30.8 30.4 6.8 15.6 5.6 7.8 30.1 7.8 25.3 8 30.2 20 11.7 30.3 30.6 30.6 30.2 30.4 30.7 8.2 30.7 6.25 5.85 5.95 6.45 30.4 6.85 30.6 30.5 30.5 30.7 30.9 30.9 30.7 30.4 31 30.1 30.3 30.4 26.7 3.2 11 30.3 15.4 30.4 30.7 30 5.85 5.95 6.05 6.25 30.8 30.6 5.1 7.2 7.2 5.7 3.2 6.8 6.7 6.9 NaN 7.3 10.2 7.1 6.8 7.7 16.1 3.3 31.4 7.7 11.3 10.2 10.5 8.1 24 30.4 30.3 16.2 15.8 8.2 NaN NaN NaN NaN
3.8 4.1 11.5 26.7 12.2 6.8 7 30.6 30.9 1.2 21.7 20.9 10.6 5.2 7.8 30.5 30.6 3.5 30.5 30.1 30.1 5.5 30.8 30.5 6.15 6.35 6.25 6.35 6.55 6.25 30.4 31.2 30.7 30.5 4 11.9 8.5 30.7 31.1 31.1 18.3 6.45 5.9 6.05 6.45 6.25 7.9 5.95 30.5 7.8 5.5 22.8 6.05 6.05 6.25 30.9 25.2 6.3 30 3.6 30.8 30.8 7 30.4 7 30.7 4 7.2 6.8 30.4 7.6 30.1 30.7 30.2 30.2 12.4 10.2 30.5 30.6 30.8 30.9 30.7 8.3 18.5 13.3 10.9 NaN NaN NaN
11.5 6.7 30.6 1.4 7 8 30.5 3.4 30.7 8.8 30.2 30.3 15.5 30.7 7.8 12.8 30.5 5.6 30.5 15.3 7.8 5.5 8 22.5 6.05 6.15 6.05 6.35 6.45 30.7 6.75 30.7 6.4 16 13.8 6.7 30.4 30.8 6.25 30.2 5.85 30.4 30.3 17.6 10.4 6.05 6.05 6.15 30.4 6.25 30.5 30.4 14.3 10.7 30.6 31 6.7 30.9 6.4 20.6 30.7 30.3 13.4 6.9 30.6 20.9 8.4 13.6 7.1 31.1 30.2 10.1 30.6 10 30.4 7.6 27.9 30.9 30.8 13.4 30.1 30.2 8 8.2 30.9 10.7 NaN NaN NaN
3.8 1.1 3.8 16.5 10.4 30 6.3 3.6 3.8 11.9 1.8 3.8 3.9 12.2 5.2 15.3 5.3 5.3 27.3 23 30.3 30.6 5.6 14.9 5.2 6.35 30.3 5.9 14.2 30.5 30.9 6.45 4.4 30.8 11.4 30.3 6.15 6.25 6.65 30.1 30.5 8.1 20.6 20.3 5.85 5.85 6.05 5.65 9.8 6.65 30.5 30.8 6.35 6.45 14.9 6.35 16.6 30.5 6.3 31 30.3 30.5 30.3 30.6 6.8 8.6 15.4 6.9 6.7 30.5 6.4 9.7 7.2 7.2 7.5 7 30.4 30.3 31.1 30.7 31.3 10.8 20.9 30.3 8.4 NaN NaN NaN NaN
3.7 1 19 6.8 23.2 5.7 6.2 4.1 3.9 3.4 30.5 5.8 30.6 6.5 15 14.8 30.5 30.5 30.1 30.4 17.8 12.8 5.5 7 6.15 30.2 6.15 30.4 5.95 5.9 31.2 13.8 6.55 16.5 30.1 6.25 6.15 6.05 6.25 30.5 30.5 26.3 30.6 30.5 10.2 7.4 31.1 30.6 7.9 30.5 30.3 30.7 30.8 28.4 30.4 30.6 3.9 6.2 6.1 7.9 30.7 30.7 30.8 30.5 6.2 6.8 9.9 30.4 25.6 6.3 30.6 20.1 31 31.3 8.2 7.9 12.8 7.9 30.9 17.2 15.7 10.75 8.05 25.95 30.35 NaN NaN NaN NaN
1.5 6.3 19.1 NaN NaN NaN 15.4 11.6 16.5 1.5 1.5 4 26.3 3.8 6.5 1.3 5.3 15.2 30.1 30.3 30.5 30.4 30.4 30.4 20.4 30.2 30.3 6.65 6.55 7.15 13.3 11.3 30.1 30.7 6.65 22.15 6.55 6.95 6.55 5.9 30.9 8.4 22.9 30.5 5.3 13.4 30.4 5.8 26 30.6 30.3 12.3 5.1 30.1 30.9 9.1 5.5 6.7 6.8 30.8 7 31.2 30.7 30.5 30.7 30.7 30.7 31.2 25.9 7 22.9 10.6 8.8 6.9 8.1 7.7 30.6 10.55 30.45 30.65 30.15 20.65 10.85 13.25 10.45 7.95 NaN NaN NaN
10.3 30.5 NaN NaN NaN NaN NaN 15.2 3.8 4 6.3 1.4 4.3 19.4 25.9 13.1 3.3 20.5 5.1 30.4 6.35 30.8 30.4 30.6 30.4 30.5 10.9 6.65 12.15 7.15 30.2 30.7 6.75 7.15 30.5 6.85 6.45 6.75 6.75 6.45 13.3 3.1 30.5 5.3 5.4 5.9 13.3 8.9 18 30.7 27.1 30.3 3 3.8 15.2 12.6 5.4 1.3 6.1 30.3 6.8 30.8 30.7 30.7 16.4 31 30.3 31.3 7.3 12.5 13.2 18.1 31.6 30.6 8.25 30.05 13.15 30.55 8.45 18.85 8.05 8.15 30.45 10.65 7.8 7.95 7.95 30.4 7.85
5.4 NaN NaN NaN NaN 6.8 1.2 18.3 3.6 4 6.5 1.5 9.2 30.6 14.5 30.5 21.5 20.6 30.1 30.2 30.9 30.9 30.5 30.3 20.6 30.2 6.45 30.4 30.4 12.15 6.35 6.35 6.45 7.15 6.75 6.45 6.45 7.25 6.55 6.55 6.55 6.35 6.45 6.25 6.05 21.1 6.35 14 5.3 10.3 11 20.9 20.9 18.6 6.75 10.4 30.3 6.35 30.8 30.6 9.5 30.2 8.9 30.5 3.8 30.5 16.8 31.2 7.6 8.6 8.1 30.65 30.6 12.45 9.65 30.25 7.95 30.95 18.25 11.15 8.15 8.35 30.55 8.55 12.9 28.25 8.15 8.35 30.15
NaN NaN NaN NaN 6 5.6 11.8 30.5 6.4 6.3 6.5 1.2 4 14 26.3 5.8 21.8 13.9 18.2 28.3 30.4 10.7 5.5 8.2 30.7 6.75 6.65 5.6 6.75 6.35 6.75 6.45 6.65 6.85 6.55 6.35 6.75 6.75 6.55 6.45 6.55 13.2 17.5 30.4 13.6 6.3 30.4 6.35 30.5 6.1 8.4 6.35 6.35 6.45 6.25 6.45 6.25 9 6.25 9.6 7 21.2 9.8 30.5 6.6 30.5 30.6 7.7 15.9 31.65 18.7 7.65 30.7 31.1 6.95 30.65 30.95 30.15 7.95 30.55 18.45 30.15 30.45 10.85 30.35 15.75 8.25 21 10.75
NaN NaN NaN 30.2 31.3 30.3 5.6 3.6 5.6 1.2 6.3 5.9 10.9 30.2 17.5 30.4 6.5 30.8 6.8 7.4 15.6 30.3 5.7 30.4 6.85 6.75 6.65 6.65 30.5 6.65 6.65 6.75 6.65 9.7 6.45 6.85 22.15 6.65 6.75 6.35 10.9 6.55 6.7 29.2 6.45 4.3 8.9 8.3 30.6 3.7 5.95 5.85 6.25 6.05 6.05 6.65 6.45 6.45 30.5 1.3 4 30.4 7.35 7.15 26 24.95 12.85 22.6 13.15 10.85 12.85 18.15 30.4 6.95 6.75 17.95 30.15 30.65 12.65 8.05 7.95 7.85 30.45 8.05 8.35 8.25 15.35 7.95 7.85
NaN NaN NaN 5.8 6.1 30.5 5 7.9 4.9 10.9 13.3 23 13 30.4 9.7 6.5 5.4 5.4 5.1 7.9 3.3 5.2 27.9 20.3 30.4 30.6 6.65 6.95 30.1 30.4 7.3 30.2 7.1 17.7 6.75 6.55 6.55 6.95 18.1 30.8 30.6 30.5 21.5 1.5 11.1 1.3 5.3 6.25 30.6 11 6.05 5.85 5.85 6.35 8.1 6.65 6.7 6.15 6.45 22.15 7.05 30.4 30.7 30.6 7.45 31 30.5 30.5 30.9 13.05 7.75 30.25 7.75 6.95 6.95 7.85 7.85 30.9 17.75 30.65 10.15 17.75 15.15 8.25 31 15.85 30.15 NaN NaN
NaN NaN 5.5 6.3 30.6 4.8 5.1 5.3 4.9 4.7 4.9 5.6 5.8 30.7 5.5 5.5 4.7 30.4 4.1 4.2 18 13.2 3.8 6.1 5.6 6.1 7.15 6.95 21.4 7.3 9.7 7.3 12.5 17.4 7.05 6.45 6.55 6.65 6.65 18.7 3.9 6 8.7 3.9 1.1 3.8 6.25 30.4 6.75 NaN 6.15 6.25 6.55 10.2 6.75 5.9 5.2 6.25 11.3 7.15 6.65 7.25 30.7 30.45 30.5 30.8 31 10.6 30.5 20.35 7.65 10.45 30.45 30.35 12.65 30.85 30.25 20.65 30.35 10.65 7.75 7.85 30.35 8.05 13.25 30.05 NaN NaN NaN
NaN 5.7 31.1 5.9 5.5 5 5.3 5 5.3 25.1 4.9 5.7 5.4 5.8 6 30.7 5.4 5.5 30.6 9.9 30.5 1.2 28.9 30.2 30.6 6.3 6.65 6.9 24.9 9.7 7.2 7.6 7.2 8.2 7.2 7 31 6.55 6.75 30.6 30.8 30.7 6.2 6.4 1.3 30.3 10.9 30.5 6.45 30.7 9 30.4 6.55 6.95 6.55 25.9 6.75 7.05 7.55 30.4 30.7 5.7 7.25 6.05 31 30.8 30.8 6.85 6.45 6.85 6.65 9.4 8.05 15.75 7.95 7.55 10.55 7.65 10.65 7.65 10.25 7.75 31.45 20.65 8.05 8.35 8.35 NaN NaN
6.1 5.7 6 11.7 5.9 5.9 5.5 5.5 5.5 5.3 25.5 5.4 5.6 5.8 5.4 19.7 5.7 5.4 4.8 25.2 30.3 23.2 1.4 13.7 5.3 30.5 7 6.8 7 7 7.1 6.8 30.9 6.9 6.8 6.8 12.2 6.45 6.15 30.3 30.6 14.1 3.9 24.1 1.4 6.3 6.45 3.3 6.35 31 30.3 6.45 6.65 9.9 6.25 7.05 6.75 7.15 30.6 7.45 9.65 5.3 26.5 10.3 30.4 30.9 30.6 30.3 7.5 6.55 31.1 31.2 30.6 23.5 8.25 30.25 23.05 30.75 7.95 7.95 7.95 7.55 15.35 20.25 7.65 8.15 7.85 15.35 14.2
5.7 6.4 31.1 6.4 5.9 30.8 9.9 5.6 5.4 5.5 5.3 5.4 5.3 30.7 30.5 5.5 30.3 30.8 5.2 30.3 30.6 28.1 5.5 16.5 9.6 5.7 7.9 6.9 6.9 6.6 6.5 6.9 6.7 6.7 7 6.6 7.2 7 7 10.8 1.9 6.5 8.9 6.4 30.5 15.9 1.5 6.6 13.2 6.75 6.65 6.45 6.25 6.85 6.85 6.75 21.5 7.55 6.85 7.45 6.95 6.75 6.95 31.2 31 6.7 24.5 6.55 7.35 14.55 30.4 30.25 14.85 10.35 30.55 8.05 10.35 30.35 15.25 7.45 7.85 15.15 10.05 7.65 12.65 7.75 8.15 13.15 6.4
6.1 6.4 9.6 6.2 5.1 30.5 27.9 14.8 19.9 5.7 5.4 5.6 6.1 30.3 5.5 10.4 22.4 30.9 30 19.3 30.5 29.1 5.7 30.3 5.5 17.9 7.8 7.9 30.4 6.7 6.3 6.7 6.5 6.7 6.5 7.1 1.5 6.6 7 7.2 11.1 4 7.2 30.8 6.4 30.4 6.35 6.45 6.35 3.3 29.5 1.8 4.3 6.45 7.05 7.15 9.75 5.7 15.4 7.55 7.25 7.15 7.05 30.5 6.55 30.7 30.5 7.8 7.05 7.25 14.5 7.15 7.55 15.25 7.95 12.85 15.45 7.75 7.85 10.35 7.95 8.25 7.55 7.95 7.95 12.85 15.45 30 27
30.4 4.2 8.5 30.7 29.1 6 5.3 6.5 5.6 5.6 5.7 17.9 5.8 5.7 30.4 5.3 30.7 10.8 8.3 18.4 13.3 30.2 30.6 7 30.6 30.5 25.3 30.3 15.5 30.5 6.4 6.5 6.6 6.8 6.6 30.5 30.4 6.6 7.4 30.7 7.6 6.8 16.5 6.5 6 30.6 30.3 6.55 8.5 30.7 16.1 30.5 8.9 6.75 12.35 1.2 10.05 17.45 9.95 7.65 7.25 7.25 30.6 30.6 15.7 30.4 30.3 30.3 30.7 5.5 7.45 6.5 30.75 30.4 17.95 7.55 11.1 7.65 6.75 7.05 10.75 16.4 15.35 7.95 30.3 18.7 3.8 30.6 30.6
11.5 5.8 5.3 30.4 6.1 6.1 5.6 19 13 5.7 27.3 1.2 1.4 30.2 24.2 5.9 5.3 10.5 5.5 5.4 30.1 10.3 3.2 3 30.5 15.4 23 20.2 30.6 30.5 6.8 6.5 30.6 6.6 12.4 31.2 7.8 7.4 7.2 6.9 30.3 6 11.5 23.6 6.45 30.6 6.3 30.4 7.25 6.95 30.4 5.8 6.95 6.85 6.85 13.6 6.95 7.35 7.35 7.25 7.55 14.75 30.9 7.15 7.15 7.95 30.4 30.6 30.2 12.25 30.8 6.85 30.6 6.5 6.85 30.2 30.3 30.4 7.25 20.45 30.55 10.45 25.75 13.4 28.9 1.7 30.5 30.2 7.55
5.7 6.2 5.9 5.6 5.6 5.7 6.2 30.6 20.2 5.5 5.9 18.8 18.8 6 5.3 5.3 5.2 30.5 5.6 6.8 17.3 5.4 5.2 10.8 1.4 25.3 19.9 6.2 5.3 30.5 30.5 6.9 6.9 30.4 7.7 7.5 12.6 5.9 8.1 7.5 30.1 31 30.4 7.05 6.55 30.9 30.3 6.75 6.75 6.45 6.85 6.75 6.65 30.9 6.85 30.25 5.1 9.65 12.05 7.55 6.85 30.7 7.65 12.25 10.65 10.15 30.6 7.05 7.15 8.15 15.35 15.45 8.6 25.55 18 7.15 15.05 7.45 8.25 7.95 30.55 30.45 7.45 7.75 7.85 16 12 30.4 30.9
5.4 5.1 4.8 5.1 5.7 5.6 5.4 30.9 30.5 30.6 30.8 7.3 24.6 6 5.5 5.7 5.7 5.5 10.6 22.8 6.9 12.8 13 5.3 23.1 30.2 30.4 25.6 30.4 10.7 6.4 13.7 7.3 10.2 30.3 30.4 30.4 6.4 7.3 7.3 7.8 6.75 26.2 30.2 6.75 6.55 6.95 6.35 6.45 13.7 6.85 6.85 7.05 9.55 30.55 11 7.55 30.35 7.55 9.75 5.7 9.65 27.35 10.05 7.15 30.55 31.1 17.2 6.95 10.55 15.35 30.45 30.35 7.65 7.75 7.85 7.95 7.75 8.55 8.05 10.95 30.25 7.95 30.25 30.6 28.5 10.05 7.35 30.5
