Outfile_2.asc
NCOLS 201
NROWS 151
XLLCORNER 730592.938286
YLLCORNER 2561222.529137
CELLSIZE 145.176046
NODATA_VALUE NaN
[rows 99 to 131 of 151, columns 74 to 147 of 201]
12.2 8.05 8.6 9.6 9.4 10.5 30.448142394 30.0214045971 21.8745006541 6.6 12.9166666667 7.1 22.95 10.8166666667 NaN 1.5666666667 4.45 4.55 4.65 4.25 4.3 6.75 6.95 6.9 6.45 11.9843909065 9.8532369137 14.1 30.35 6.7 6.7 15.85 7.7 6.95 7 6.95 30.05 24.6 22.7 6.75 6.7542261031 8.4745006541 8.7833333333 NaN NaN NaN 13.1160289775 3.3017858479 9.2062672167 10.0806599425 5.8428255525 6.7816790289 10.6024976531 7.2575575791 13.2135231517 13.803428636 5.4789342698 4.0639351726 7.1 7.5708927697 7.05 6.7 6.9 6.9 25.203030303 5.153030303 8.953030303 6.198142394 12.5777777778 10.7635231517 17.1 12.95 11.2 30.25
10.95 9.7 10.35 9.3 10.7 8.95 10.9 7.3 7.55 8.3 15.65 9.25 NaN 7.5 NaN 2.3542261031 3.95 4.1 7.85 4.5 4.4 4.6 6.9 30.285702243 6.55 8.45 24.1 6.8 6.75 6.85 30.25 7 6.85 7.05 7.1 15.35 30.15 6.75 6.45 5.95 5.9 13.99071197 5.9166666667 2.1969040394 NaN NaN 6.1 16.3717300308 7.1 7 8.6480521815 5.8217300308 5.6229948341 15.5333333333 7.7722222222 6 4.85 4.4129588438 5.9739042103 28.4804748005 7.05 19.3968852936 6.7 9.3758686137 5.0722222222 15.0722222222 15.2722222222 6.9202728564 14.6583333333 11.7021130107 30 30.1 14.8 8.65
7.9 9.3 11.75 7.95 8.35 8.15 10.9 17.75 7.85 19.2 11 7.7 NaN NaN NaN 3.0635735976 4 4.8 4.35 4.4 4.35 4.3 7.05 6.95 13.55 6.85 6.85 6.9 7.7 7.1 6.9 5.3 6.85 7.05 7.25 7.1 6.6 6.3 6.45 15.9692754236 17.1716618094 6.8 6.45 NaN NaN NaN NaN 7.2179068435 7 8.2 4.7055555556 6.8608185325 6.6166666667 8.4333333333 8.4 30.1 6.9 5 6.4135231517 12.5134491708 9.1 5.2833333333 6.95 6.15 7 5.05 5 7.55 14.5 12.25 9.3 10.55 13.3 10
7.95 9.85 7.5 10.4 8.1333333333 9.8 11.328511354 8.9 10.6 7.65 27.5 NaN NaN NaN NaN NaN 5.95 4.65 4.55 4.25 4.5 4.25 6.65 6.85 7 7.55 7.1 6.75 6.45 6.9 6.8 6.75 6.05 5.85 6 19.6 6.7 6 6.75 9.0181050248 10.1084518793 8.65 NaN NaN NaN NaN NaN NaN 6.6810980619 4.6469842853 4.8666666667 7.798142394 13.6523689097 13.3333333333 6.9222222222 9.55 16 6.4 7.6328101159 12.2384487607 30.0537203881 22.2833333333 22.6833333333 30.5901371761 6.15 7.6 13.1 10.15 12.65 7.5 7.95 15.7 14.3 30.15
30.49071197 17.5333333333 17.85 14.5 9.3 30.2833333333 14.45 11.05 8.8 10.45 8.85 7.85 7.45 NaN NaN NaN NaN 6.25 4.6 4.55 4.6 4.5 4.25 NaN NaN NaN NaN 6.85 6.8 6.85 6.75 6.65 5.9 NaN NaN 6.7 6.9 6.7 6.2 12.7203703704 7 6.6 NaN NaN NaN NaN NaN 6.25 9.7904286252 7.6659351537 5.6833333333 15.2784270273 7.367127024 30.1376787265 10.4202728564 13.95 7 7 19.7563281674 16.0923526966 10.7969040394 14.9166666667 8 8.9 30.1692754236 6.4 22.8 30.1 10.3 22.05 6.75 20.5 28.45 21.15
4.7666666667 10.85 12.15 13.3666666667 7.7716618094 11.5 10.9 9.35 10.5 13 15.15 10 13.25 10.6 6.7 NaN NaN NaN NaN 6.85 4.75 4.4 6.45 NaN NaN NaN NaN 6.2 6.95 NaN 5.95 6.1 6.15 NaN NaN 5.8 6.05 6.45 6.8 24.4703703704 12.3833333333 16.3833333333 6.1 NaN NaN NaN NaN 6.4 6.5 12.4833333333 14.6 15.7 22.3467825041 15.2952995056 16.4013740557 5.85 20.55 13.6 13.45 5.9064102564 7.9401371761 17.0833333333 30.5833333333 20.4037203881 7.25 7 6.05 4.45 6.85 6.8 6.85 21.65 30.7 30.15
28.0270461645 7.8 11.8181050248 7.9 7.9 6.503030303 7.25 24.6635231517 8 8.95 10.45 12.2 9.75 11.05 NaN 6.7 NaN NaN NaN NaN NaN NaN NaN NaN NaN NaN NaN 6.65 NaN NaN NaN NaN NaN NaN NaN NaN 7.2 6.9 10.8380952381 7.55 15.6622676031 16.3208234805 10.8743996038 6.2 6.34071197 11.2833333333 15.99071197 10.6534349239 30.1551154274 7.4559224131 30.1833333333 22.2450799339 14.0137183223 11.9681474842 7.9 6.55 14.35 9.25 7.2 7.75 7.5 10.46898463 8.4833333333 8.3 8.5 7.9 6.3 6.2 7.7 6.95 6.75 20 20.4 10.75
8.95 10.4 8.25 12.6 10.95 8.85 7.75 8.15 7.9 7.85 11.4 10.85 8.8 8.6 10.4 8.4 9.3 7 NaN NaN NaN NaN NaN NaN NaN NaN 5.8 6.4 NaN NaN NaN NaN NaN NaN NaN NaN 7.15 7.85 6.85 22.1822617446 14.0717820941 21.1014383581 6.2 13.0047871587 4.7 10.8245006541 13.547996552 17.8581491326 15.8020285504 13.6101105702 16.8537037037 7.3348730697 10.0144313952 16.1564102564 10.65 8.55 7.05 7.1 7.65 10.8063281674 7.05 10.3469040394 26.44071197 30.3166666667 7.1 7.1 30.1688440482 6.6 7.65 18.4 6.9 7.3702728564 7.6450715499 20.2564102564
11 9.45 8.1 11.2 30.2 9.4 8.5 14.05 10.35 10.15 11.6 9.5 8.6 10.7 9.3 8.05 8 8.1 9.4 NaN NaN NaN NaN NaN NaN 5.4 5.7 NaN NaN NaN NaN NaN NaN NaN NaN NaN 7.25 8.2 30.2170295079 6.95 7 30.1917852127 4.5192725435 9.7502041892 10.9600747221 13.0714045971 6.85 30.073998276 13.5033108961 6.8344898253 29.3214285714 11.8149362158 6.95 7.7268182948 12.8567245426 12.2 9.25 11.1 7.05 6.9 7.95 10.1901371761 23.0333333333 30.4333333333 18.1084518793 6.25 7.6 6.9 6.2 6.25 7.15 16.9768601941 27.1226779369 6.7
7.8 12.55 8.05 16.2 9.5 18.5 10.15 8.2 8.05 11.1 9.05 9.05 10.6 10.6 9.1 8.05 7.75 8.9 9.8 NaN NaN NaN NaN NaN NaN NaN NaN NaN NaN NaN NaN NaN NaN NaN NaN 8.9 6.6 30.1 13.4255853852 30.3884753952 30.1917852127 30.4403557635 6.35 10.0483456956 9.8645671951 30.098142394 6.8 6.8 6.2268182948 8.6214045971 30.34071197 30.1833333333 6.55 18.1615508071 10.1984520197 30.15 12.5 7.25 7.7 7.1 11.0742242458 6.95 6.75 22.2833333333 13.9454770164 6.9 6.2 9.0513641714 6.55 6.15 6.95 25.06898463 22.6953558739 7.9111111111
9.3 10.2 13.6 11.55 9.5 11.15 9.2 8.8 9.45 10.15 10.95 12.8 6.4 10.55 14.2 7.95 7.1 NaN 8.7 8.2 NaN NaN NaN NaN NaN NaN NaN NaN NaN NaN NaN NaN NaN NaN NaN NaN 6.6 19.05 6.85 6.55 22.87891678 8.597996552 6.35 17.8786681507 7.4 19.5683739396 7 6.95 7 7.15 7.1166666667 30.1570224301 13.29071197 8.2205792798 30.4094922192 21.1722222222 30.4 30.1 7.2 7 3.2013740557 7.05 6.8 30.1235829038 30.47568603 7.45 7.3 6.35 6.05 6 30.0166666667 30.0833333333 14.2 30.2070224301
NaN NaN NaN NaN NaN 22.1 8 14.2 8.05 16.85 9.15 9.15 7.95 11.05 13.7 6.8 6.2 NaN NaN NaN NaN NaN NaN NaN NaN NaN NaN NaN NaN NaN NaN NaN NaN NaN NaN NaN NaN NaN NaN 6.45 6.7 7.65 6.45 6.3 30.0880952381 10.9 6.85 6.8 6.7608185325 7.05 7.1 30.6084518793 14.35 10.0084518793 20.7634491708 24.0635231517 10.75 16.5 8.15 7.05 6.95 7.05 6.95 6.9 7.1 7.6 7.05 7.3 6.9 6.15 26.2111111111 30.2333333333 6 7.1
NaN NaN NaN NaN NaN NaN NaN 7.15 9.25 8.25 15.65 9.25 9.35 9.05 8.5 NaN NaN NaN NaN NaN NaN 5.1 NaN NaN NaN NaN NaN NaN 6.9 6.85 NaN NaN NaN NaN NaN NaN NaN NaN NaN 6.3 6.4 8.35 6.45 6.5 6.65 6.95 6.1 6.6 6.5 6.6 6.55 8.9969040394 10.04071197 9.1666666667 16.5761904762 8.5277777778 7.8 7.05 15.95 7 7 19.3188440482 16.086310514 6.7 6.85 25.04071197 16.4380712638 7.1601516281 7.4716618094 19.0761904762 6.7 7 25.4884487607 25.0094922192
NaN NaN NaN NaN NaN NaN NaN NaN NaN 7.4 11.15 11.95 8.2 9.7 NaN 7.25 NaN NaN 7.05 NaN 4.9 5 NaN NaN NaN NaN NaN 7 7.2 8 NaN NaN NaN NaN NaN NaN NaN NaN NaN 6.1 9.7555555556 6.3 6.4 6.75 6.95 6.75 6.95 6.4 6.45 9.05 6.5 14.6166666667 9.0111111111 30.0570224301 8.197996552 8.1681050248 12.4081667897 8.9477647286 6.55 6.9 6.95 6.8 7.7 6.85 20.6441262079 30.0745006541 6.9 6.85 17.3737619586 12.3777777778 22.2135231517 28.8450715499 7.4 6.6
NaN NaN NaN NaN NaN NaN NaN NaN NaN NaN NaN NaN NaN 7.05 8.25 7.15 8.05 5.15 NaN NaN 5.25 5.65 5.5 5.4 7.45 NaN 7.35 8.25 8.4 7.6 6.95 NaN NaN NaN NaN NaN NaN NaN NaN 6.15 11.0555555556 6.25 6.3 6.4 6.5 6.9 7.35 11.35 7.75 30.15 26.1135231517 11.3726779369 26.2833333333 30.3333333333 8.3166666667 12.1537203881 21.5767895821 19.248142394 30.4108185325 6.8 10.3 5.25 8.0710636516 6.7 19.2091218061 10.3375594364 6.85 7 14.4194840324 6.35 6.15 6 5.75 6.05
NaN NaN NaN NaN NaN NaN NaN NaN NaN NaN NaN NaN NaN NaN 6.75 7.1 8.45 4.9 NaN 5.3 5.5 5 5.5 5 8.25 8.95 7.6 7.4 6.95 7.15 7.7 6.8 NaN NaN NaN NaN NaN NaN NaN NaN NaN NaN NaN NaN NaN 6.45 6.5 30.1 7.5 7.5 22.94984391 30.1513641714 21.5666666667 8.75 9.95 30.0333333333 6.65 23.4333333333 7.15 9.25 8.55 6.9 7.65 23.5165163336 7.15 7.8 7 6.55 12.0192754236 7.5688440482 6.5 6.35 6.15 6.45
NaN NaN NaN NaN NaN NaN NaN NaN NaN NaN 6.8 6.85 6.75 6.75 6.9 7.8 7.9 4.9 5.2 5.3 5.2 4.95 4.85 4.85 5.05 4.55 8.4 6.95 7 7 7.05 7.35 NaN NaN NaN NaN NaN NaN NaN NaN NaN NaN NaN NaN NaN NaN 7.55 14.6 7.15 30.45 16.9789342698 8.45 30.1205792798 6.9 6.7 21.6833333333 8.7537203881 7.05 6.7 30 7.75 10.35 6.75 30.0564102564 6.85 7.7666666667 16 30.3084518793 15.4401371761 6.5 14.5067245426 6.15 12.85 30.35
NaN NaN NaN NaN NaN NaN NaN NaN NaN NaN 6.9 5.15 7 7.05 7.25 7.15 7.4 5.15 5.15 5.05 5.1 5.05 5.25 5.35 5.4 4.55 15 7.1 6.95 6 6.15 6.9 NaN NaN NaN NaN NaN NaN NaN NaN NaN NaN NaN NaN NaN 7.3 8.9 8.2 9 30.1 30.4502805931 8.75 9.45 5.5703703704 21.21898463 30.3833333333 7.35 9.95 8.6 9.45 12.9 30.4 7.6 30.4242242458 6.8 7 6.75 23.1666666667 30.2716618094 6.65 21.2484520197 25 15.65 30.25
NaN NaN NaN NaN NaN NaN NaN NaN NaN NaN 7.2 7.85 7.2 7 7.65 10.95 5 4.95 5.1 4.05 5.1 5.25 5.15 5.4 4.85 6.95 6.85 17.55 6 6.2 6.25 NaN NaN NaN NaN NaN NaN NaN NaN NaN NaN NaN NaN NaN NaN 7.1 11.65 7.65 11.1 7.9 11.1 7.55 7.95 7.15 16.1122501134 30.578511354 30.0833333333 7.7 30.3833333333 8.9722222222 11.3 30.55 9.95 8.45 7.05 7.65 6.95 30.2833333333 6.7 6.55 29.9594922192 6.6 21 6.6
NaN NaN NaN NaN NaN NaN NaN NaN NaN NaN 7.75 8.3 7.7 8.75 8.8 5.15 5.05 4.9 5.3 5.05 4.85 5.35 5.2 4.85 4.65 7.1 8.35 5.95 6.1 6.05 5.9 NaN NaN NaN NaN NaN NaN NaN NaN NaN NaN NaN NaN NaN NaN NaN 30.05 8.95 11.25 8.6 8.6 7 8.9 7.5 29.7703703704 30.1333333333 6.85 7.0166666667 8.4 9.3 15.1 25.2 30.3 7.15 29.5608185325 7.1 7 6.95 30.0833333333 6.5166666667 6.4 22.7660289775 8.75 6.7
NaN NaN NaN NaN NaN NaN NaN NaN NaN NaN 5.2 4.65 4.85 5 4.9 30.05 18.45 5.25 4.95 5.2 5.3 5.25 4.55 5.35 5.4 6.85 6.05 6.1 5.95 NaN NaN NaN NaN NaN NaN NaN NaN NaN NaN NaN NaN NaN NaN NaN NaN NaN NaN NaN 6.9 7.05 7.1 7.3 29.7 15.4380952381 30.5703703704 27.4333333333 7 6.9 21.4115508071 23.885702243 7.65 13.8 30.1 7.65 7.15 30.0950715499 6.95 6.75 30.1333333333 30.278511354 6.3 6.4 8.45 7.75
NaN NaN NaN NaN NaN NaN NaN NaN NaN 5.1 5.2 4.85 4.65 4.9 5.15 5.05 5.25 5.6 5.1 5.2 5.2 5.2 5.4 4.95 4.95 5.1 5.85 6.25 6 NaN NaN NaN NaN NaN NaN NaN NaN NaN NaN NaN NaN NaN NaN NaN NaN NaN NaN NaN NaN NaN 7.6 30.45 7 11.2374901471 19.8681050248 30.3584518793 23.15 7.1 7.15 6.9 9.8 8.9 11.8 16.85 6.65 6.95 6.8 6.9 6.7 3.7 6.9 7.2 8.2 8.9
NaN NaN NaN NaN NaN NaN NaN NaN NaN 7.9 12.1 7.9 5.15 16 5.05 5 5.05 5.25 5.2 5.25 5.35 5.6 5.25 5.25 4.85 5.1 7.55 6.25 6.1 NaN NaN NaN NaN NaN NaN NaN NaN NaN NaN NaN NaN NaN NaN NaN NaN NaN NaN NaN NaN NaN 6.85 7.1 7 30.2135231517 9.45 20.8453558739 16.1833333333 7.178511354 30.1469040394 30.048142394 9.85 8.4 7.95 11.3 6.65 7.5 8.35 7.05 6.7 30.14071197 30.2333333333 24.3666666667 30.0533326691 21.2950715499
NaN NaN NaN NaN NaN NaN NaN NaN NaN 7.85 8.75 7.05 7.6 8.35 9.35 5.05 5.25 5.15 5.35 5.2 5.15 5.45 5.25 5.05 4.75 5.25 3.7 6.2 6.55 NaN NaN NaN NaN NaN NaN NaN NaN NaN NaN NaN NaN NaN NaN NaN NaN NaN NaN NaN NaN NaN 5.6108185325 30.5618913743 7.7 23.9134491708 6.85 21.9166666667 21.6040925512 14.75 6.85 21.1615508071 18.785702243 9.1 9.5 26.2 7.15 7.65 10.25 8.1 8.1 8.7 11.7 10.4 7.3 7.2
NaN NaN NaN NaN NaN NaN NaN NaN NaN 8.4 9.2 7.5 8 9.5 7.85 5.05 5.05 5.15 5 5.15 5.5 5.2 5.2 4.85 5.15 4.9 4 4.05 6.35 6.3 NaN NaN NaN NaN NaN NaN NaN NaN NaN NaN NaN NaN NaN NaN NaN NaN NaN NaN NaN NaN NaN 8 8.5 8.6 10.95 7.9 6.75 23.6666666667 6.75 23.3115508071 10.7 9.45 9.25 6.95 30.25 6.95 15.85 9.8 8.8 8.95 8.5 30.2 14.2584518793 30.2428371643
NaN NaN NaN NaN NaN NaN NaN NaN NaN NaN 7.3 7.8 8.8 6.25 5.45 5.1 5.15 5.3 5.2 5.3 30.1 5 5.2 5.35 5.35 5.3 4.3 4.15 6.55 6.4 NaN NaN NaN NaN NaN NaN NaN NaN NaN NaN NaN NaN NaN NaN NaN NaN NaN NaN NaN NaN NaN NaN 8.1 8.7 8.8 30.0584518793 8.05 6.85 7 30.0923526966 9.65 8.65 10.65 10.95 7.6 12.05 8.35 11.05 9.35 10.2 11.65 20.3 30.0570224301 11.85
NaN NaN NaN NaN NaN NaN NaN NaN NaN NaN NaN NaN 7.1 7.4 5.2 5.15 5.3 5.15 5.1 5.25 30.35 5.35 5.45 5.45 5.4 5.45 4 4 4.05 NaN NaN NaN NaN NaN NaN NaN NaN NaN NaN NaN NaN NaN NaN NaN NaN NaN NaN NaN NaN NaN NaN NaN 6.9090193633 7.8 7.85 10.3 9.3 8.2 21.5635231517 30.2722222222 30.3 7.55 10.1 10.85 8.25 7.7 7.95 9.15 7.65 8.1 30.2726779369 30.2166666667 8.75 8.75
NaN NaN NaN NaN NaN NaN NaN NaN NaN NaN NaN NaN NaN NaN 4.85 5.5 5.05 5.15 5.3 5.6 5.95 5.15 NaN NaN NaN NaN NaN NaN NaN NaN NaN NaN NaN NaN NaN NaN NaN NaN NaN NaN NaN NaN NaN NaN NaN NaN NaN NaN NaN NaN NaN NaN 14.9469040394 9.75 7.85 7.65 10.15 30.4702728564 18.4021130107 30.65 7.85 15.2 11.15 8.9 9.15 26.35 8.7 10.65 9.05 7.7 8.35 7.65 8.9 10.95
NaN NaN NaN NaN NaN NaN NaN NaN NaN NaN NaN NaN NaN NaN NaN 5.3 7.6 5.35 5.15 5.1 5 NaN NaN NaN NaN NaN NaN NaN NaN NaN NaN NaN NaN NaN NaN NaN NaN NaN NaN NaN NaN NaN NaN NaN NaN NaN NaN NaN NaN NaN NaN NaN 7.8 8.9 10.05 9.55 12.45 12 6.95 6.95 11.35 9.9 11 30.25 8.2 16.9 13.85 9.3 9.85 16.6 9.4 9.15 30.36898463 6.9
NaN NaN NaN NaN NaN NaN NaN NaN NaN NaN NaN NaN NaN NaN NaN 5.05 5.1 5.25 5.25 NaN NaN NaN NaN NaN NaN NaN NaN NaN NaN NaN NaN NaN NaN NaN NaN NaN NaN NaN NaN NaN NaN NaN NaN NaN NaN NaN NaN NaN NaN NaN NaN NaN NaN NaN NaN 10 11.7 10.6 13.75 20 19.6 8.1 7.7 30.25 11 8.45 8.75 9.2 9 7.9 8.65 22.6258686137 8.9 7.05
NaN NaN NaN NaN NaN NaN NaN NaN NaN NaN NaN NaN NaN NaN NaN 4.9 5.5 5.2 NaN NaN NaN NaN NaN NaN NaN NaN NaN NaN NaN NaN NaN NaN NaN NaN NaN NaN NaN NaN NaN NaN NaN NaN NaN NaN NaN NaN NaN NaN NaN NaN NaN NaN NaN 9.6 8.45 7 7.75 30.1 30.1 20.55 13.55 30.25 8.9 9.05 7.75 9.25 8.7 13.25 30.3 18.1 11.45 8.3 9.3 7.55
NaN NaN NaN NaN NaN NaN NaN NaN NaN NaN NaN NaN NaN NaN NaN NaN NaN NaN NaN NaN NaN NaN NaN NaN NaN NaN NaN NaN NaN NaN NaN NaN NaN NaN NaN NaN NaN NaN NaN NaN NaN NaN NaN NaN NaN NaN NaN NaN NaN NaN NaN NaN NaN 15.55 14.15 30.15 8.25 27.25 7.8 30.25 8.3 8.35 30.2 30.25 8.25 8.65 17.35 8.95 8.35 8.7 9.85 7.8 11 9.95
NaN NaN NaN NaN NaN NaN NaN NaN NaN NaN NaN NaN NaN NaN NaN NaN NaN NaN NaN NaN NaN NaN NaN NaN NaN NaN NaN NaN NaN NaN NaN NaN NaN NaN NaN NaN NaN NaN NaN NaN NaN NaN NaN NaN NaN NaN NaN NaN NaN NaN NaN NaN NaN NaN NaN NaN NaN NaN NaN NaN NaN NaN NaN 7.7 11.9 7.75 11.45 11.1 13.9 13.5 16.2 8.2 8.15 8.8
