Outfile_3.asc
NCOLS 201
NROWS 151
XLLCORNER 730592.938286
YLLCORNER 2561222.529137
CELLSIZE 145.176046
NODATA_VALUE NaN
[rows 33 to 65 of 151, columns 75 to 149 of 201]
30.6 7 7.1 6 6 6 6.7 6.2 6.2 7 7 30.5 7.2 7.1 7.1 7.4 10 10 7.1 23.4 9.7 7.2 14.8 25.2 17.3 5.1 27.8 5.4777777778 5.5761904762 7.1666666667 28.9666666667 30.7761904762 10.5777777778 12.2 30.2 10.8393193566 30.3533326691 7 14.1540925512 7 30.2333333333 30.2111111111 4.3166666667 15.0777777778 26.3 30.0660289775 8.6134491708 6.0084518793 5.3183739396 30.4535234292 6.95 7.15 30.1666666667 10.8111111111 7.55 7.85 27.95 10.45 12.85 7.55 8.05 30.75 10.45 8.15 7.85 10.35 7.95 10.55 7.95 8.35 10.25 7.65 7.75 7.65 NaN
6.5 6.9 7.2 30.2 27.3 6.7 5.9 5.9 6.6 5.9 6.8 6.7 6.7 6.6 6.2 7.5 7.3 7.7 12.5 7.6 7.5 19.9 19.9 30.5 7.2 10.4 30.3 13.0777777778 30.2761904762 7 4.8666666667 6.8761904762 3.3777777778 30.5 3.2 8.6564102564 15.8134491708 2.2084518793 30.2 2.6666666667 30.4111111111 27.8666666667 10.0726779369 30.0635231517 7.9311250567 17.5135735976 7.1 4.7666666667 7.25 9.55 7.25 7.75 9.5666666667 7.75 7.75 8.05 15.55 7.65 13.15 23.15 15.45 7.55 7.95 8.05 7.95 7.95 7.85 8.15 7.95 7.45 7.85 7.65 3.4 30.6 7.55
6.8 11.7 7.3 17.5 6.3 30.4 30.6 6.9 6.9 5.9 6.6 6.8 3.4 6.8 3.9 30.6 7.4 10.2 7.8 9.7 30.5 30.2 30.5 30.6 18 30.8 5.7 8.0777777778 30.4761904762 13.2666666667 12.7666666667 6.8761904762 3.6777777778 23.4 23.613394791 8.5858309864 8.6761904762 7.3 11.2570224301 11.447996552 1.5376880965 5.6533326691 18.2768182948 30.2222222222 20.0946277864 8.1376880965 30.4245006541 5.3 7.05 7.15 30.4777777778 7.05 7.15 7.85 7.65 7.75 4.1108185325 10.45 13.1 8.15 18.05 10.15 12.75 12.85 30.05 7.85 8.15 10.55 15.15 12.85 7.75 7.65 7.65 7.85 10.55
20 6.8 7.3 6.8 6.9 30.7 30.9 7.2 30.6 6.2 6.1 6.3 6.4 6.2 7.4 10 7.6 7.4 30.3 7.7 5.8 7.7 6.7 14.7 30.6 30.5 30.1021130107 20.3847858837 4.0761904762 7.1 12.2 30.3761904762 30.1777777778 6.5 30.3602895721 6.8874920661 30.0666666667 7.9570224301 6.978511354 6.6578685395 3.473998276 7.5393193566 30.214274771 24.5730772833 7.6928371643 14.1856743286 30.4333333333 10.15 7.15 6.85 6.85 6.85 7.15 8.15 7.65 7.65 7.45 8.05 7.75 10.55 10.15 7.75 20.35 7.75 30.45 5.7 7.75 7.55 7.65 10.35 28.15 7.35 30.3 7.15 10.65
30.3 7 7.3 6.9 14.7 7 6.7 6 5.9 5.5 6.5 6.8 7 11.8 12.6 7.4 7.5 27.4 14.9 7.4 6.6 7.4 7.2 6.9 19.7 7 6.7 8.203030303 8.2555555556 30.4333333333 2.378511354 4.5578685395 1.373998276 7.5399385949 15.236717456 6.8 2.7666666667 21.6333333333 7 30.1533326691 8.5399385949 11.4032369137 30.8660289775 19.6615508071 30.41898463 30.0570224301 18.29071197 9.7270461645 24.436717456 6.85 7.05 6.95 6.95 7.25 7.45 7.85 10.25 7.85 10.55 30.3 7.35 7.25 7.25 9.85 9.95 7.65 7.05 7.05 6.95 30.6 19.3 12.65 17.75 7.15 7.75
7.6 8.1 7.1 8.9 14.2 9.7 10.5 6.6 6.3 6 6.9 6.9 6.9 7 10.2 17.8 7.8 30.2067245426 18.3 30.5 30.5 30.5 19.8 30.3 8.0257618163 7.3635231517 9.2777777778 7.2 14.9555555556 6.9 4.7111111111 12.6 3.9564102564 9.998142394 7 4.978511354 19.5333333333 4.0084518793 6.3 6.5 11.0067245426 8.0477647286 14.5533326691 10.4205792798 30.39071197 30.2570224301 17.3666666667 10.15 7.55 6.95 6.95 7.9923526966 7.15 2.378511354 6.95 7.85 30.15 10.45 30.214274771 7.55 7.55 7.35 7.05 7.45 7.35 6.85 7.05 14.65 15.2 7.35 12.45 10.65 7.55 7.55 30.9
30.4 18.3 6.9 7.7 7.3 7.2 6.6 7 6.1 5.8 6.6 6.6 6.8 7.4399385949 7.7 8 30.4 7.7 7.5 7.8 8.4 22.5 5.4 5.4450715499 10.0135735976 30.1134491708 10.2761904762 27.3 30.6883656714 7 7.6 30.9350406063 10.6768182948 27.8134491708 14.8856743286 6.9 7.2245006541 3.4969040394 6.4081667897 8.9242242458 7.1 5.6135735976 7.1 8.7245006541 14.2 27.3856743286 7.55 7.55 9.2067245426 7.45 5.1 7.05 1.3384487607 4.3892557464 7.35 7.15 8.05 7.95 15.0660289775 20.35 12.35 7.15 12.25 7.55 6.85 6.95 NaN NaN 7.55 21.1 30.45 13.5 31.1 30.45 31
12.3 7 12.3 15.1 7.1 7.3 7.4 6.6 6.2 6.4 6.7 30.1328101159 7.9 29 10.2 7.7 7.9 10.4 7.9 30.5 10.5 8.3 12.6188440482 30.3081667897 20 11.2245006541 12.3 9.7 6.9 11.5375594364 7.5 25.5112944531 21.5112111039 7.7666666667 30.2570224301 13.79071197 30.3205792798 9.3533326691 4.1450715499 7 7.3 4.3622501134 20.8245006541 18.4333333333 20.1540925512 9.6714045971 7.65 7.65 7.45 6.95 6.95 7.8002805931 9.65 1.4726779369 7.15 14.95 9.85 10.25 12.4615508071 30.4484520197 10.15 7.25 7.25 7.15 7.15 7.05 NaN NaN 7.25 29 30.3 24.75 30.8 30.3 30.9
6.9 6.4 25.1 7.7 7.2 7 6.9 6.3 6.3 7 9.9 7 10.2 10.3 7.7 10 7.8 7 12.9 7.8 7.7 9.9 7.3 NaN 15.81898463 25.1570224301 5.1714317131 17.3 6.9 30.2578339874 27.4967854397 15.5068038428 30.5390996564 26.79071197 30.2333333333 7.3 30.2901371761 3.4768182948 30.4108185325 30.8602895721 20.9726779369 30.5666666667 30.6333333333 30.5570224301 22.45 7.45 22.55 30.4 6.95 7.25 7.35 7.25 7.25 7.25 17.45 15.0245006541 10.05 7.15 30.6714045971 9.75 12.25 7.15 6.65 6.75 7.15 7.35 19.75 7.15 15.05 7.55 7.65 15.25 30.6 6.85 30.6
7.1 6.6 31 6.8 7.1 7.5 6.7 6.4 6.5 7 7.5 30.5 30.5 17.7 7.4 30.19071197 7 6.9 7 7.1 7.3 12.9 7.7 13.1 30.478511354 30.1333333333 30.1745942812 6.6497823999 6.8 14.8 15.4326039052 8.8027049172 30.1463669952 30.3570224301 26.5856743286 30.4267895821 30.0946277864 12.7311250567 8.4399385949 30.336717456 7.6716618094 23.79071197 30.1570224301 30.4666666667 30.4928371643 12.9660289775 30.3032369137 7.45 22.45 7.35 7.25 7.45 7.55 7.55 17.55 7.75 9.75 7.15 9.75 8.5267895821 9.65 10.05 9.65 7.15 8.1374901471 6.95 11.5067245426 6.5 30.3 16.3 6.3 30.4 18.8 30.4 30.7
7.4 6.4 4.014274771 6 6.7 6.9 6.1 6 6.7 7.1 6.8 5.19071197 6.9 19.39071197 7 7.1 26.0376880965 9.8 7.5 10.1 7.3 10.1 7.5 7.3 12.2 30.5245006541 6.9 25.8678148254 6.3690276405 30.3937128312 10.463570706 4.6874258846 30.3661434492 30.4666666667 1.7928371643 30.5946277864 30.5242242458 20.7242242458 30.5081667897 22.4 30.678511354 30.1333333333 30.1453558739 14.7267895821 10.6858309864 30.55 5.2 6.9 7 7.2 9.8 7.2 9.8 10.2 12.65 7.35 1.6969040394 7.45 30.2333333333 7.25 7.35 30.15 30.35 7.55 19.05 24.6500529685 7.15 17.027426912 30.8862387519 6.4374901471 6.95 6.65 7.7 31 14.3
6.3 30.2928371643 6.4 6.3 6 6.2 30.8 6.4 6.8135735976 6.6 30.3540925512 3.7 15.6084518793 10.3205792798 6.9 6.9 7 6.9 6.9 9.5205792798 14.5027355997 27.2 10 7 9.8 30.1716618094 30.4237619586 3.9165769424 8.3827350258 26.7935268607 7.4 7.3 30.3859420902 30.3 7.3 30.4393193566 7.5222222222 30.2768182948 20.7267895821 30.4084518793 30.3 30.9245006541 30.4376880965 7.6 9.8 22.8 30.6 6.7 6.9 7.2 5.2 6.8 7.2 7.3 10.1 6.85 6.95 4.1205792798 2.278511354 7.05 7.0333333333 7.05 30.55 27.55 7.15 7.4483481745 30.5171833406 6.85 7.25 6.85 6.85 6.65 21.2484520197 24.7067245426 30.2
6.5 6.2 30.3267895821 6.1081667897 6 6.7 6.6 6.5 30.5714045971 7 7.2 30.578511354 7 7.2 6.9 7.1 7 6.8 8.0477647286 6.6 6.7 30.205300936 12.8 7.1 7.1 7.3 28.1602895721 30.2788989167 8.7823451376 30.2523179633 7.4 7.2 17.1 7 5.7770074531 6.8 12.2 10.6726779369 25.675 7 30.278511354 30.6205792798 7.7 30.0450715499 12.6 7.8 7.1 31 25.7 9.8 12.9 30.6 7.5 7.6 7.6 10 12.45 7.15 10.8969040394 7.05 7.1333333333 7.35 7.05 17.2333333333 6.95 6.75 6.75 6.95 9.75 6.55 6.85 30.2419755892 30.2172058324 30.7096284107 8.514274771
30.29071197 20.5333333333 30.6084518793 30.3969040394 10.2726779369 7.598142394 6.7 14.3714045971 19.4245006541 30.6 7.278511354 30.3716618094 22.636717456 30.4477647286 6.9 9.7 10.3 6.8 6.7 6.7 6.5 6.5203870548 7.2 7.1 7 30.5356325411 20.7230521815 5.9125225222 30.3111111111 30.6 14.7444444444 14.5666666667 17.5111111111 6.3 7.1 7 9.7 7.2 7.393742273 8.9328910438 30.7134799922 30.1533326691 20.0477647286 30.1 25.2 12.5 7 7.2 6.8 18.4 7 7.9 30.6 7.7 7.4 10.2 17.5 7.05 7.05 30.5333333333 30.2703703704 6.95 7.15 7.1555555556 30.6200953027 4.9375594364 5.7356117652 8.8451780206 7.25 6.75 6.85 30.6633899069 6.65 30.4261704976 30.7111005273
31.0666666667 8.3666666667 19.7 12.8245006541 30.61898463 6.8 6.7 6.9856743286 23.6333333333 6.9 18.7716618094 7 6.9 7.1 7.1 7 6.8 7 6.8 10.7528140863 9.7 10.3 7.15 25.9082403764 30.3111266977 30.2773862895 7.7222222222 30.509201947 30.2934562487 6.01898463 7.6257543607 11.8523179633 7.3961624635 22.1440446391 10.0393193566 15.7521773816 11.3643423404 6.5601229154 5.6555555556 13.5352414614 25.8126205685 18.4831464622 14.0108185325 6.2 13.6 7.1 7 3.7 1.3 8 30.8 6.8 30.4 14.9 7.7 7.2 7.3 6.75 30.1242242458 6.55 3.9564102564 30.2847858837 4.3094922192 4.3333333333 14.4961321867 2.0897640738 6.0043547631 8.6485805095 30.7282174738 30.6889883586 2.7298755254 30.6 30.4448045212 10.2239502039 30.3161146552
7 7.1 7 30.4333333333 30.7555555556 30.4176157029 30.3660740412 30.3151186864 15.5954770164 7.5 6 4.3730772833 12.1 7.1 24.1 6.8 7.8 3.1 3.2 30.4380952381 10.8181350989 8.8570952919 7.25 9.4921691488 27.629996399 30.4377707402 14.6328101159 30.3755884172 30.6524976531 30.3268601941 30.2526087569 30.1972305644 29.6235015266 7.0571936115 6.7 6.5 30.1983456956 30.3870537214 15.0333333333 15.6203870548 8.4650123622 11.1459542766 12.8 30.5 7.2 7.5 9.8 6.4 6.8 7.2 12.1 8 30.3 7.2 14.9 9.9 1.5 4.1 8.9 3.2 11.3 21.6021130107 7.05 1.6242242458 29.3777777778 4.8073155329 26.2361506991 30.7851093871 30.4651186864 4.7071068402 7.6860514612 30.3786892072 9.9240453033 30.4515468186 30.5603925074
30.4761904762 6.1761904762 30.2761904762 18.6733912093 30.930910846 6.6 6.7 5.6333333333 20.1 6.5 5.7 6.9 12.4047650464 6.9 6 6.1 5.9 10.3 6.3 1.7242242458 11.436570247 25.7059860233 13.8564102564 30.6535234292 30.1242677032 30.1564102564 30.6564102564 5.8134491708 30.2729365995 12.7690355763 13.6994767825 30.4870664144 30.3862387519 30.1048669366 6.6 7 30.590937233 30.5623737794 30.6777777778 8.8987079739 3.8287676428 3.9326256917 9.9 7.6 30.8 30.2 9.7 7.2 7.3 30.3 7.4 11.3 24.7 16.3 7.5 3.9 6.1 30.3 9 1.3 7.05 1.1 7.05 7.15 7.15 7.35 12.55 7.4178356538 30.9714045971 25.1433447023 11.6081667897 24.0163426646 28.9020891032 5.2261704976 30.351703306
5.3666666667 4.9666666667 30.1666666667 30.3994767825 7.8420761414 30.4777777778 8.3540925512 6.8 21.5590193633 26.4714317131 30.5205792798 4.4615508071 6.7556550252 6.1 6.2 3.8 3.1 5.6 1.1 5.2108185325 5.75 5.747996552 14.4570224301 10.2111111111 30.0761904762 26.9847858837 6.2031712291 8.0419755892 30.2223216919 27.1300313266 30.4512334657 21.1094922192 3.5635231517 12.1393193566 18.1081667897 6.7 21.7388009261 30.4533326691 6.7 9.7575587721 7 7.1 9.8 12.4 3.2 3.5 7.3 30.7 30.1 12.3 20.6 4.3 6.3 10.9 7.9 7.7 7.8 7.6 30.7 22.4 7.15 7.15 7.25 6.7021130107 7.45 7.35 7.15 7.65 30.5167852127 26.5333333333 9.7130438755 6.75 4.0288320124 6.75 13.8712972011
30.7111111111 6.9 7.1 8 12.9 7.5 20.2477344001 6.7 14.198142394 30.7067245426 6.3 11.9270461645 1.7333333333 6.6 6.1 5.9 10.2 5.1 24.4 5 5.373998276 6.05 30.678511354 10.7666666667 9.6555555556 9.5162167619 10.2036784889 17.6916625669 15.3467825041 17.8866660024 13.2158451277 9.5761904762 7.7199035803 10.7074243814 8.8831998385 30.4477712359 1.2108185325 13.2178307106 9.9533142958 22.4528929542 17.82899873 7.3 12.1 9.8 7.1 6.5 30.8 7 6.3 11.6 31 30.5 30.8 30.4 14.8 30.2 7.8 7.9 3.7 6.6 9.55 7.15 6.95 8.3083333333 3.603030303 12.35 21.7678658549 30.1092865378 30.3363636364 5.7425352804 6.75 30.4405617714 6.8694784217 30.2666666667 30.6570224301
8.1 7.1 7.6 10.2 13 10.2 5.2959052512 7.9 10.1 13.6245006541 7.5 13.6540925512 28.3714045971 6.698142394 18.2183739396 6.1 5.2 13 6.05 15.5 5.353428636 8.3042261031 25.8258747098 25.3512401769 30.205947185 9.622947292 20.4240421083 16.3 16.4874258846 13.0049951428 13.8526087569 8.9845735102 6.5714006833 6.55 6.8833333333 8.7866660024 28.7553296488 30.2959802891 30.5384487607 9.3450715499 10.1 12.2 30.1 6.8 3.4 3.8 1.1 3.1 26 8 25.9 3.2 30.1 30.6 30.5 14.1 4 30.9 13.8 6.65 6.95 1.1 6.45 1.2083333333 11.103030303 7.25 7.05 12.2955834467 4.0555555556 6.85 10.2733230525 14.7682195417 7.7768182948 30.2134491708 12.3856743286
8.1 8.2 17.9 7.9 7.7 7 7.1 23.8801310486 7.8 8.4205792798 19.478511354 30.3 6.6856743286 9.3928371643 8.4768182948 8.5067245426 3.8 30.5 30.3 30.5 30.2328101159 13.7647589624 30.33974395 30.4526087569 30.305371548 18.0309458229 6.15 6.35 30.4573786367 30.2434852841 8.5513608481 30.7987842103 6.65 6.65 30.3681335412 11.3383284761 15.3406199178 12.220302182 30.0618913743 6.9 6.9 9.6 30.4147188482 1.3222222222 6.9179068435 6.0067245426 6.3 6.2 13.2 30.8 7.9 6.3 7.1 3.4 30.9 7.2 1.1 1.2 3.8 6.2 15.4 5.9 6.25 30.2079276146 30.5017858479 4.7854866991 7.05 30.5084518793 30.4666666667 9.55 30.3997840537 30.359220178 8.1222222222 30.298142394 30.1714045971
13 8.3 8 7.6 7.9 7.3 6.5 5.3923526966 6.5 30.1726779369 16.0666666667 7.5570224301 6 10.6892557464 5.6384487607 5.4477647286 12.4 5.2 5.2 25.8 30.3564102564 18.5439023225 10.0064766961 26.4383284761 11.4856512967 12.9959439454 30.4469069309 6.35 9.3380712638 10.4636825423 7.9309458229 9.9721177144 12.7935268607 14.8760070601 30.2 30.2046589586 30.1749999779 30.7303300294 17.3222222222 30.9 30.6032369137 7.9399385949 9.3847858837 13.303030303 6.8 6.5 6.6399385949 30.6032369137 30.3 16.5 6.1 3.7 30.2 30.4 12.8 28 5.1 1.2 5.2 1 7.7 6.05 3.7 30.4 6.0758686137 28.7557238518 7.15 30.6225890798 30.1666666667 31.0872459465 30.9428255525 30.538943094 30 6.45 30.3533326691
7.9 7.9 8 4.2666666667 12.9 30.0245006541 7.5 6.9 6.9 5.3858309864 5.7267895821 10.7666666667 25.8333333333 23.878511354 6.1 30.236717456 18.1556550252 5.9 7.8 6.35 9.3777777778 8.553008771 30.6380712638 18.7540925512 13.19071197 7.4714045971 15.3234705095 19.9190076619 30.1152126241 17.8422599133 10.0951511893 10.14690064 12.6191643198 30.0175015521 10.3222222222 12.6535791641 12.3319287483 9.7218743513 30.2847858837 30.2564102564 7 29.8533326691 15.7622501134 11.9555555556 10.6969040394 6.7 6.5 30.1618913743 17.0047650464 6.7 30.3 6.55 10.9 10.7 5.6 5.8 3.8 6.05 6.05 5.2 6.2 6.45 3.5 1.2 30.5242242458 30.3925555291 6.95 30.397178591 30.65 30.5199993357 30.4936229055 28.2222222222 10.1 6.25 4.0660289775
7.9 7.9 7.9 8 7.8 8.6245006541 18.1 7.3 12.8 10.4242242458 10.7081667897 8.1267895821 8.5245006541 5.8 5.9 9.0270461645 15.6726779369 10.6094922192 13.2556550252 3.2380952381 6.55 NaN 13.6801158374 6.15 NaN 17.7801158374 5.7 5.4 21.8355337841 9.5270461645 11.575118546 18.8892557464 30.4169601147 30.009201947 30.4428255525 12.8650123622 30.0251885585 10.0912577986 19.6714045971 3.4166666667 6.7 1.81898463 29.278511354 7 6.7 4.578511354 6.6 1.4615508071 14.1730772833 6.6 30.3 6.45 30.6 13.3 3.1 1 4 6.4 15.9 15.2 17.8 4 6.4 5.2 3.8 20.1564102564 7.05 2.856182661 13.2230769231 4.7948749122 7.5127291329 15.0147188482 9.9 5.6 12.314274771
7.9 7.9 7.9 7.9 7.8 10.5 8.1 8.2 10.6393193566 30.4179068435 10.4399385949 5.6135735976 5.8714045971 30.4245006541 6.7 5.8 6.4 10.7270461645 30.4134491708 6.95 5.4384487607 5.6800907618 11.5708640506 11.0180308381 6.1171063627 5.62568603 9.7520223583 9.9511372672 17.829530349 10.5564484313 30.1477344001 30.4654743095 15.4014383581 30.2570952919 20.6539126131 30.3537203881 30.3621165671 30.6314757273 8.9015305025 6.3111111111 6.2111111111 26.2333333333 17.1333333333 2.2540925512 4.4111111111 12.2333333333 2.59071197 6.81898463 30.2928371643 6.7 10.4399385949 3.3 3.3 8.9 30.8 6.35 11.3 30.5 5.8 25.4 30.3 6.45 6.45 30.3 1.1 6.15 6.75 6.35 6.45 6.8555555556 7.303030303 30.7083333333 12.2 12.1 7.1
7.9 7.9 7.9 7.9 8 7.8 10.7 8 9.1615508071 6.8 7.9316790289 25.6333333333 30.3042261031 28.5761904762 5.9856743286 6.5 1.1 19.1666666667 21.2540925512 25.7333333333 6.4800614577 6.13974395 23.5379713052 12.1935268607 12.5286328389 9.6164250941 9.5704444133 14.6355130099 9.70510641 12.3829743404 10.1194011491 20.5102466654 29.9637223453 30.6610823404 13.9666666667 30.0333333333 30.6573786367 27.9666666667 31.0888888889 4.7666666667 6.9666666667 4.378511354 6.4 4.0622501134 28.3267895821 4.0666666667 30.2570224301 30.5570224301 30.2453558739 6.1376880965 14.036717456 6.5556550252 3.4047650464 15.7 4.1 6.35 6.15 6.35 30.7 30.2 6.15 8.1 10.7 8.3 30.3 30.5777777778 6.75 27.2666666667 12.6111111111 5.7969040394 25.1923526966 15.0047650464 12.7 7.1 9.6
NaN 7.9 7.9 8 7.9 12.7 10.3 10 6.7 6.6 6.6 6.4 6.4 12.4 16.0856743286 6.4 6.4 4.59071197 30.4333333333 12.9333333333 22.0564102564 30.2874920661 11.3096966 12.0760070601 30.3412124542 17.2730769231 30.2703703704 14.4384487607 30.28611562 9.7224392339 30.3786041427 12.2865717317 9.9107229978 30.3904286252 30.4990906338 20.3870537214 15.0714045971 30.188854364 11.1870090087 30.4761904762 10.7761904762 8.6578685395 5.4384487607 24.5858309864 15.5858309864 30.2928371643 30.3666666667 12.39071197 13.0333333333 6.2245006541 13.1270461645 5.9615508071 8.4484520197 5.3 6.05 6.65 6.75 6.15 6.25 6.35 6.35 30.1 1.2 6.15 30.5 6.65 30.4761904762 8.0666666667 6.15 30.2761904762 7.4777777778 30.1 7.3 19.8 9.8
NaN NaN 7.1 7.3730772833 8 5.7666666667 30.3666666667 7 6.8 6.2 10.4570224301 6.6 30.0333333333 NaN 6.9 30.7892557464 5.5892557464 4.3540925512 19.19071197 9.9084518793 8.3111111111 25.7006911303 30.1 30.4236890968 30.1873015873 18.0111111111 9.9733912093 30.0253443262 30.1237619586 9.2257618163 19.8158552292 22.2715970431 12.2376880965 13.3018572798 30.5428255525 30.588701459 10.2226430481 10 24.2874920661 6.203030303 10.403030303 7.998142394 7.8556550252 26.0188440482 30.2242242458 16.4946277864 30.4134491708 30.4666666667 27.29071197 10.9333333333 16.378511354 13.7578685395 8.573998276 3.9 1.2 6.15 6.45 6.25 5.3 8 6.15 7.7 7.2 3.9 9.5079276146 22.6017858479 9.447996552 6.85 30.4111111111 30.5761904762 5.4777777778 30.5 7.1 7.1 12.1
NaN NaN NaN 7.2 30.3768182948 7.2 7.2 6.6 NaN NaN NaN NaN NaN NaN NaN 6.8 30.1666666667 6.6333333333 NaN 5.2 13.6542351217 30.3324338008 30.2120225406 30.2238672278 30.5467825041 30.4635231517 30.673998276 30.0939846865 30.9353511597 30.4694840324 30.5546089565 30.4442146898 30.6333333333 30.103628582 26.1400453809 30.1041568138 3.800414722 3.6513641714 30.0768182948 23.113394791 3.3083333333 5.4067245426 30.5 8.1 10.2 3.4222222222 3.5768182948 30.3267895821 30.5856743286 18 8.878511354 18.1578685395 6.473998276 10.2 6.25 6.25 6.45 6.45 6.45 6.6 30.6 8.7 7 1.2 6.15 30.203030303 6.45 30.6333333333 13.5333333333 15.8166666667 23.3564102564 15.3 13.7 30.1 7.1
NaN NaN 7.6 3.2 3.413394791 1.3564102564 5.298142394 7.3 NaN NaN NaN NaN NaN NaN NaN NaN NaN NaN NaN NaN NaN 6.5 10.5726619182 30.406906681 30.0640145061 15.3033841227 21.3245352062 13.2487992076 25.110477637 30.3827596463 30.4824898728 30.3662474188 31.0260253956 30.4603925074 30.3034638077 16.5 7.6 10.703030303 19.5083333333 30.3 26.7 5.3 10.2 15.2 5.2 30.2083333333 5.603030303 6.6 8.7333333333 4.178511354 8.2892557464 5.5533326691 5.3399385949 30.4222222222 6.05 6.05 5.5222222222 6.45 6.75 5.5222222222 5.95 6.1222222222 18.9179068435 30.3079276146 30.5202728564 30.2268601941 30.81898463 30.6333333333 4.6333333333 6.65 21.3564102564 30.3 12.3 6.05 5.85
NaN NaN 5 7.2 7.3 3.2 30.0067245426 30.1289342698 NaN NaN NaN NaN NaN NaN NaN NaN NaN NaN NaN NaN NaN NaN NaN 6.6 9.6310207061 8.6119610908 19.6451780206 30.3578339874 24.0708927697 30.7444444444 30.6302373727 10.6354980438 30.5948841404 30.4603794978 30.4302373727 20.3 4.5861401162 29.7492758406 9.4884651411 30.2395346585 30.2108185325 30.8 30.5 17.7 5.3 15.9079276146 15.5017858479 5.647996552 30.1570224301 8.7111111111 5.5761904762 18.4192754236 8.1333333333 6.0333333333 6.05 6.25 1.4333333333 6.65 3.9333333333 6.35 5.95 5.85 30.688759456 17.4757841239 22.7177163727 6.15 25.2813855149 5.95 9.7774851991 6.35 17.0450715499 30.4 30.3 11 6.35
NaN NaN NaN NaN NaN NaN NaN NaN NaN NaN NaN NaN NaN NaN NaN NaN NaN NaN NaN NaN NaN NaN NaN NaN NaN NaN 11.5578339874 19.0397668798 30.5686485301 30.4801158374 16.0874258846 20.69071197 30.4047379305 30.69071197 13.5874258846 7.2 13.2780270252 18.0885969716 30.4240421083 31.0281824662 17.5089609265 9.4635231517 9.3393193566 30.1242242458 7.8108185325 27.9 6.7 10.5714045971 4.59071197 7.4666666667 10.9555555556 5.7716618094 5.7666666667 10.8666666667 20.3666666667 17.2666666667 11.1666666667 8.2666666667 30.1666666667 6.05 5.85 30.4033841227 30.7093499059 30.6058650915 6.45 6.55 6.05 5.85 26.6648090607 5.9060726134 30.7923526966 30.6768182948 30.2564102564 6.85 12.7545401467
NaN NaN NaN NaN NaN NaN NaN NaN NaN NaN NaN NaN NaN NaN NaN NaN NaN NaN NaN NaN NaN NaN NaN NaN NaN NaN 6.6 30.4874258846 30.4282389099 30.5282334925 21.6333333333 21.4360678439 20.2690047263 13.0120225406 NaN NaN 6.3 30.6360678439 10.7 12.6393446036 8.2721177144 12.1166666667 30.2681050248 30.2333333333 30.203030303 30.7768182948 9.3556550252 17.0134491708 8.7540925512 30.2333333333 19.19071197 30.1333333333 30.5 5.8 8.5 7.35 6.85 5 30.5 9.65 30.673998276 30.4578685395 30.1578339874 30.5355337841 5.9245352062 6.35 6.35 6.25 30.0380712638 30.3536979496 28.3077225718 8.1714045971 30.0644313952 18.6798625896 4.0830432003
