Outfile_3.asc
NCOLS 201
NROWS 151
XLLCORNER 730592.938286
YLLCORNER 2561222.529137
CELLSIZE 145.176046
NODATA_VALUE NaN
[rows 66 to 98 of 151, columns 75 to 149 of 201]
NaN NaN NaN NaN NaN NaN NaN NaN NaN NaN NaN NaN NaN NaN NaN NaN NaN NaN NaN NaN NaN NaN NaN NaN NaN NaN 6.1 30.599076262 9.9506636589 30.2553296488 30.3846975047 18.5400621611 30.5502212362 NaN NaN NaN NaN NaN 28.1874258846 9.4134491708 11.0223216919 30.4111111111 5.9084518793 9.7666666667 30.7555555556 30.2714045971 30.4042261031 8.0615508071 18.4453558739 6.3333333333 6.15 6.2540925512 5.7666666667 19.1666666667 15.9666666667 12.0666666667 7.05 6.95 17.9666666667 9.75 30.4361506991 7.45 17.35 17.45 14.65 7.25 7.15 8.4333333333 21.0666666667 13.5666666667 30.6888888889 30.8149362158 17.0348730697 14.2539126131 23.8203870548
NaN NaN NaN NaN NaN NaN NaN NaN NaN NaN NaN NaN NaN NaN NaN NaN NaN NaN NaN NaN NaN NaN NaN NaN NaN 14.6205792798 6.2 8.8990906338 13.5761588859 15.1289342698 6.3 6.2 NaN NaN NaN 7.2 9.7 16.7840685946 30.2876160094 30.6874258846 30.2994767825 30.2 20.0333333333 14.9333333333 13.3666666667 23.2540925512 30.1453558739 5.8205792798 5.9727786529 6.7 9.5919346658 1.7727786529 10.5901371761 5.5703703704 5.6703703704 30.4703703704 25.7703703704 9.65 6.75 6.85 9.55 9.65 7.05 24.95 7.35 7.65 30.25 7.25 7.45 22.75 30.25 30.0714285714 7.45 26.2333333333 30.5666666667
NaN NaN NaN NaN NaN NaN NaN NaN NaN NaN NaN NaN NaN NaN NaN NaN NaN NaN NaN NaN NaN NaN NaN NaN 26.3269562388 30.1440446391 NaN NaN NaN 6.2 6 NaN NaN NaN NaN 6.2 7.1 7.3 13.0859420902 30.3737387429 9.8302830782 29.8666666667 20.0333333333 30.5540925512 10.8666666667 30.3333333333 30.6 4.9954770164 5.9223216919 5.75460281 5.8148090607 8.4283329622 10.5905960329 8.0380952381 25.6380952381 19.5380952381 6.75 7.15 18.0380952381 7.05 7.05 7.15 14.75 7.25 7.65 19.85 7.55 7.15 7.45 30.45 30.3761904762 7.35 30.6921691488 7.45 20.3084518793
NaN NaN NaN NaN NaN NaN NaN NaN NaN NaN NaN NaN NaN NaN NaN NaN NaN NaN NaN NaN NaN NaN NaN 30.3578685395 12.2 30.4726526899 25.3230769231 6.1 NaN NaN NaN NaN NaN NaN 6.2 1.875 30.335446344 13.6313839675 12.25559494 7.2858309864 9.498142394 30.7333333333 22.2703703704 30.2134491708 30.5761904762 8.1716618094 6.6 6.4054744498 6.6 7.5 9.2381572756 6.1282174738 10.9752416018 3.6135735976 6.95 6.85 30.45 7.25 7.25 7.45 7.55 27.45 7.15 6.95 9.75 10.25 7.25 7.45 7.05 25.2694840324 12.05 30.6033108961 30.4952247076 30.1051154274 30.0681050248
NaN NaN NaN NaN NaN NaN NaN NaN NaN NaN NaN NaN NaN NaN NaN NaN NaN NaN NaN NaN NaN NaN 15.1399385949 4.6758255781 6.6 30.5351191813 7.838878435 6.7 30.573998276 6.4 NaN NaN NaN NaN 6.3 6 30.4181192171 5.1 30.3615508071 14.4393193566 17.4108185325 15.4242242458 15.7393193566 10.6564102564 7.2 7.2 5.4 5.2 5.4 5 11.8240453033 30.3047379305 30.1013189489 5.7205792798 30.2615508071 10.8768182948 10.7345325216 7.25 30.4 12.25 12.6 18.4 7.5 7.6 6.95 10.05 7.55 30.4 3.5 21 24.8 14.9222222222 30.5336139264 30.5956009364 12.1374901471
NaN NaN NaN NaN NaN NaN NaN NaN NaN NaN NaN NaN NaN NaN NaN NaN NaN NaN NaN NaN NaN 30.3 6.7 30.4853044011 23.4897412037 31.0146632187 6.8 30.2795713869 6.5 3.2 6.1 NaN NaN 6.1 30.2538357466 6 5.2 4.8 5.1 4.9 5.1 5.4 5.8 5.94984391 5.8 5.9 5.6 30.496856485 4.6 4.6 30.602378304 16.6041611408 10.6635231517 6.2 6.3 6.85 6.95 7.05 8.6047650464 7.5 7.8 7.5 7.7 8 6.95 6.95 7.05 17.25 30.7 30.6 16.3 31.0147188482 31.0094922192 6.95 19.3570224301
NaN NaN NaN NaN NaN NaN NaN NaN NaN NaN NaN NaN NaN NaN NaN NaN NaN NaN NaN 30.6 7.5 7.1 8.1668015807 6.7 6.3 6.9 5.8 6.3 6.2 4 NaN NaN 6.2 2.1587251934 5.8 4.4333333333 5 5 5 8.4270461645 30.4166666667 5.5 6 6 6 6.1 1.3 5.9 30.1018449158 6.706919727 7.8282174738 30.4830646666 10.0306741015 7.3570224301 6.3 6.2 7.4 7.6 7.4 17.3 7.6 7.3 30.8 7.3 10 6.95 9.55 12.25 30.7 30.7 31.2 30.6 30.6777777778 30.4761904762 30.4666666667
NaN NaN NaN NaN NaN NaN NaN NaN NaN NaN NaN NaN NaN NaN NaN NaN 6.5 30.4 30.9 30.6 7 7 27.2 30.3224739802 30.2955834467 30.1084518793 5.4559224131 6.4 30.1212869664 NaN 6.1 5.9 3.8863806577 5.9 9.5205792798 6 5.9 5.9 6.2 6.1 6 6.5 6 5.9 30.1928371643 6 6.2 6.2 11.1514076045 6.1994767825 30.3690355763 12.967051395 30.2622501134 8.5453558739 19.4666666667 16.6333333333 7.1 7.1 6.9 7.2 6.9 20.8703703704 7 24.8 7.1 7.1 20.6222222222 6.75 20.2 30.7 30.8 30.8 30.8777777778 30.4761904762 30.4666666667
NaN NaN NaN NaN NaN NaN NaN 6.95 4.3 NaN NaN NaN NaN NaN 30.9 30.4 6.1 31.1 7.6 6.5 13.9242242458 7.1 22.8928371643 30.2117382165 6.7 30.5801158374 12.5060112703 6.4 5.6 6 5.8 5.9 6.2 5.9 6.1 6.2 30.220674489 5.9 5.9 6.1 6 6.1 6.3 6 15.8666666667 5.8 6 7.953428636 8.3042261031 8.9245006541 30.5 8.4453558739 9.6 13.2874920661 30.4716618094 30.5111111111 9.7 6.01898463 9.8 7.4 7.5 7.2 6.2333333333 7.5 7.5 30.1 9.9 7.5 30.1 30.6 30.9 31.1 30.6777777778 30.5761904762 30.4666666667
NaN NaN NaN 6.85 4.5 4.5 4.6 14.8 4.7 7.1 4.5 4.7 7.25 9.7 6.55 6.15 13.8 6.5 30.6 30.3242242458 30.0946277864 30.1267895821 6.7 29.6570224301 8.8661434492 30.6413293538 5.6 30.7391639897 30.7660740412 6.3 10.2167993852 5.7 6.1 2.1485927876 5.8 10.969983854 15.3545637691 15.7621827039 6.1 6.3 6.4 6.4 5.6666666667 6.1 6 15.9453558739 3.5267895821 3.3946277864 1.4714045971 25.79071197 8.5333333333 30.5716618094 7.4192754236 15.5602895721 13.0726779369 5.8333333333 5.1 5.8084518793 15.6681050248 7.2 7 6.9 6.9 7 7.2 9.7333333333 6.2222222222 7 7.5 30.8 30.8 31.2 31.2777777778 30.8761904762 30.2666666667
NaN 12.05 4.6 4.8 4 4.2 3.6 4.4 30.7 4.4 15.2 6.75 6.05 30.4 6.55 30.6 6.5 6.2 30.7242242458 5.9 10.7267895821 6.7 24.4333333333 30.49071197 30.0666666667 3.7267895821 30.4223216919 6.4 30.4499159511 30.4161994504 30.1135735976 30.7164737863 13.6892557464 9.4928371643 5.7 6.6 7.9147188482 20.4328101159 9.2694840324 6.4 6.1 9.103030303 6.2 6.1 4.59071197 5.9 27.6856743286 5.5267895821 10.1555555556 10.3333333333 6.59071197 20.9714045971 6.1768182948 30.3242242458 5.3333333333 15.9666666667 10.3333333333 30.2540925512 10.9134491708 7.1 6.9 6.9 7 7.1 13.0453558739 30.4615508071 30.5 30.1 15.5 7.7 30.8 31.1 17.4777777778 9.75 30.2666666667
4.6 30.5 30.1 30.6 4.3 30.2 4.4 4.3 4.3 4.6 6.85 6.65 5.95 6.55 10.9 8.7 6.5 6.913394791 6.7 6.2 8.7856743286 6.6 6.69071197 8.3892557464 30.2928371643 1.7925555291 30.2249319761 6.7127204931 30.3240453033 30.7578339874 30.3287267571 30.3740079158 4.0615508071 6.5 6.4 6.2 6.2 30.4 30.8 6.4 6 30.414274771 15.5768182948 6 7.5892557464 18.19071197 11.0333333333 8.6859549217 30.1956009364 5.7 10.8487248999 5.4042261031 22.753428636 30.7108185325 18.303030303 8.4555555556 16.5666666667 9.5666666667 13.1761904762 7.2 30.4289342698 7.2 18.7666666667 7.9 11.4333333333 13.3 7.9 30.1 7.8 10.4 30.6 30.9 30.6768182948 7.25 4.79071197
4.9 4.2 3.9 4.1 4.8 4.5 4.1 4.4 4.5 4.7 6.75 6.85 6.65 30.7 7.45 6.45 6.1 6.6 6.2 5.9453558739 6.9 30.578511354 10.7205792798 30.5615508071 5.5946277864 1.7315546285 4.7590193633 30.5539264695 30.7111149814 30.7967854397 6.2 6.2 6 5.8 5.5 5.3 5.6 3.8289342698 13.0067245426 30.5 14 6.4 6.1 6 5.3615508071 5.8 6.4787919471 5.9 2.3629494148 7.1 4.0904286252 10.8991289 12.9328101159 3.2 30.0768182948 30.2714045971 8.5869026671 30.6889883586 30.2006271054 19.3138488355 7.2 7.1 10.2 6.6550633642 7.8 10.2 7.6380952381 8.1 10.3 10.5 7.35 7.55 30.8564102564 7.15 30.7492063492
3.8 4.1 4.3 4.9 4.7 4.6 4.5 4.6 4.7 5 6.95 7.25 6.15 30.5 12.9 6.05 6.6 1.498142394 7 30.6666666667 30.29071197 30.6892557464 11.9384487607 30.3135735976 30.3267895821 30.2856743286 30.3784048832 9.0240453033 11.2801158374 25.8153372142 20.7897640738 30.3073155329 5.6 6 6.1 8.6714045971 5.8 6 6 9.2961517174 1.9193279424 30.4098388924 10.3892203723 30.5564102564 9.9618913743 5.7 5.8 23.6169601147 8.1892557464 30.3903557635 5.3742996679 23.4628248883 15.7666087768 30.7 30.0556550252 12.8585207206 30.1417852127 30.2134491708 6.4 3.8383691019 6.4 7 25.1524976531 7.7 7.7 30.1181350989 12.0703703704 7.6 7.9 13 7.55 30.5901371761 20.2644313952 7.25 7.05
4.1 4.8 4.6 4.7 5 4.8 30.7 4.5 4.7 4.7 6.75 6.85 6.15 6.85 6.05 6.45 5.95 6.6 7.1 6.5 12.3333333333 30.3928371643 30.1135735976 6.8 6.7 7.3570224301 14.8205455818 6.9 9.7120225406 24.756466985 30.2245602819 6.6 6.5 6.7 6.3 6.3 6.4 6.2 5.8 5.7934849615 7.0415013475 5.3 6.2 6.1 5.7 6 6.1 5.8 5.9 18.5 18.9207592179 17.4047379305 30.799404584 30.4587567673 27.6540382048 5.6528909085 30.5159705015 5.1417852127 6.5 6.7 6.4 30.2690047263 8.9595038309 16.4813298853 30.6955834467 20.3748334564 7.7 9.7666666667 30.7666666667 15.8 30.2666666667 30.5774851991 12.9314757273 30.1047379305 7.05
5.1 4.6 4.8 4.4 4.9 4.9 4.4 4.7 4.9 4.8 6.65 6.55 6.65 6.05 5.95 30.3 6.55 6.7 7.4 30.5 5.5 5.6 6.8 6.8 12.6570224301 6.89071197 6.7 11.1475950733 23.6573786367 30.8573786367 8.6380712638 18.2434849615 7.3666666667 5.2666666667 30.0666666667 6.7 6.5 30.5570224301 5.1235829038 5.9 5.9 5.9 5.9 24.0181192171 30.2729948341 5.8 30.5934562487 6.2 30.7872459465 7.1451780206 19.9205792798 30.2782210422 8.0890396954 7.8682213103 30.243952253 30.3351191813 8.7035521076 25.8903557635 30.0084518793 6.5 30.8573786367 30.1786892072 9.7813298853 30.4903557635 13.2417852127 30.2681050248 9.3374901471 7.1 7.4 7.2 3.4 7.9222222222 30.4666666667 30.7 9.85
4.9 4.8 4.7 4.8 5.3 4.4 4.8 4.7 4.9 4.5 7.05 6.85 18.4 30.6 6.85 6.55 6.35 6.4 7.1 21.435446344 6.6616480027 7 7 17.4 8.69071197 13.3892557464 6.9 30.1782174738 30.1381572756 30.8937128312 6.8 6.9 7.1 7.2 7 7.1 30.4084518793 6.9 30.3223216919 7 6.7 30.3240453033 5.3 5.3 5.4 6.1 6.2 30.2666666667 6.2 6.2 6.5 30.3666666667 6.6009114294 14.9958674673 9.7 30.8993623108 6.7 15.1813298853 4.9955834467 6.4302373727 17.7540925512 28.5911673208 16.5955834467 26.0417852127 20.8225890798 6.35 7.8956009364 12.8666666667 30.4666666667 30.2666666667 30.6666666667 8.25 8.05 30.15 8.25
5.1 4.9 4.9 5 4.9 4.7 4.9 4.9 4.2 4.5 4.9 4.4 6.05 6.35 30.2 20.4 6.75 6.7 14.7678658549 13.8181192171 17.5207704779 8.1905296316 6.8 8.4292657005 6.9 7 7.2 14.969104196 30.2522349452 6.8 6.6 6.7 7 6.8 7.1 7 30.1726779369 6.9 30.5090005921 6.7 30.5754153933 6.1 6 6.1 6 6.1 6.3 9.9666666667 7 2.3051154274 15.8742996679 30.5444323581 30.2838120122 20.1475304232 25.9237619586 30.641134965 8.093075142 16.5684525146 6.5958969948 4.7 27.4134491708 30.4393446036 30.2785371601 30.4384753952 30.5088191311 6.35 30.1 30.3333333333 25.0333333333 8.4 30.2333333333 29.8333333333 8.05 13.25 30.35
4.5 4.8 4.6 4.4 5.5 5.1 4.5 4.4 4.4 4.6 4.6 4.4 6.15 6.95 6.35 6.45 6.65 6.8 6.9 29.2955834467 7.526507906 12.1928371643 6.426286502 23.6637572938 13.9835203106 7 6.9 30.6703703704 30.740057876 7.2 6.8 6.8 30.3768182948 6.9 6.7 11.9564102564 5.3564102564 6.9 6.9 6.8 7 6.9 16.4843572659 6.9 6.8 7 30.261450055 5.8 7.7807843887 30.0098879263 30.5821701562 4.2983456956 30.0191643198 30.1487248999 30.6134491708 10.203030303 7.8761904762 14.7745942812 30.3132241218 30.4661434492 20.2889883586 30.1640561799 7.6457042423 30.3755853852 30.3670295079 30.3377707402 27.3222222222 9.3222222222 15.0222222222 30.1222222222 25.45 7.85 11.05 30.2547725789 30.3461399758
4.1 4.2 4.1 5.2 5.4 4.5 3.7 4.5 4.5 4.7 4.3 3.9 6.25 7.05 6.45 6.15 8.1768182948 6.95 7 20.9869632333 9.3570224301 6.826507906 30.6564484313 11.4685658488 23.9302373727 6.7 6.7 12.1 6.8 6.1268601941 6.4 6.9737387429 30.6746415108 7.5761904762 30.2761904762 17.2166666667 7 7.6166666667 27.4419755892 30.2916625669 6.8 15.1238672278 7 7 30.535446344 7.1 30.4827011897 8.7434982679 12.0923526966 30.3223216919 30.5850892186 6 21.9893298864 30.20209398 28.6273168347 30.8630813152 5.55 6.45 8.4111111111 30.2333333333 30.2333333333 30.2555555556 5.503030303 30.1222222222 11.7 6.15 9.6 30.7 7.25 9.75 7.35 8.05 8.05 30.4570227079 30.4245006541
5.8 6.2 5.7 5.2 4.2 3.7 3.9 4 3.8 4.1 3.7 3.9 6.55 6.35 27.5047650464 5.95 6.65 7.05 7.1 7.1 7.2 16.6603794978 30.0240453033 8.1911673208 11.7153372142 6.1618805153 1.61898463 30.1422194537 6.8 6.9270461645 8.9302373727 6.7 7.6869026671 6.7 8.2111111111 6.7 6.8 6.8 6.8 6.7 11.6444444444 6.1 6.95 21.8363636364 25.1083333333 7 6.6 4.2032244134 30.3376880965 7.2 6.9 6.5 6.8 4.0384487607 30.7765569041 30.4138991347 30.2239552048 30.2666666667 12.8111111111 10.3111111111 30.1570224301 12.347996552 6.25 7.7217300308 6.25 25.2 6.95 12.4067245426 12.5484520197 30.5081667897 9.7134491708 13.0406649427 7.65 30.178511354 30.5578339874
6 6.5 30.6 5.8 5.9 3 5.4 5.9 5.4 4.2 4.5 5.2 5.3 6.15 6.25 5.95 6.75 9.65 10.6768182948 30.497178591 6.6848537679 6.463570706 6.2540925512 7.0641856825 15.5471596063 3.34984391 6.45 30.2684525146 11.6813298853 30.4240453033 6.75 10.9134491708 14.2889883586 6.85 5.6570224301 10.3333333333 6.3333333333 30.1333333333 18.2059860233 10.4644437802 6.55 6.55 6.15 6.55 6.75 6.85 7.25 9.65 27.4815230842 8.3032244134 6.0194011491 25.0805354371 6.4838046346 16.8799677164 9.675118546 25.2476254443 28.0856826954 8.8813855149 15.4111111111 15.3111111111 29.0666666667 9.75 30.3777777778 6.25 30.2564102564 6.05 7.3564102564 7.25 7.25 15.2714045971 22.55 30.396961025 30.8937398861 12.9435428681 16.4043547631
NaN 30.9 5.8 5.7 6.3 19.9 5.7 5.8 5.7 5.7 5.5 5.9 30.35 6.65 5.95 5.95 14.99071197 17.25 6.5353191866 3.816476147 16.4598811283 6.3578339874 6.85 6.1091218061 7.05 4.1850406063 16.5266136648 6.5958969948 6.65 30.3120225406 13.2236890968 6.2393446036 6.25 5.6794273899 28.147996552 17.2555555556 6.05 5.7555555556 6.6302830782 6.25 6.35 25.6585392229 30.7839733804 6.55 17.6615508071 7.9829332032 15.1093499059 30.0490013082 6.95 6.95 30.6477344001 30.6603794978 14.4681050248 23.4417852127 11.4570224301 30.1621722674 7.8078695051 30.1883966975 8.2111111111 8.1111111111 30.3666666667 30.3761904762 30.4901371761 10.05 7.45 6.15 7.05 7.15 17.45 7.05 7.65 8.89071197 15.6589232249 30.6874474468 10.1148399063
NaN NaN 5.9 14.9 7 5.9 6.1 6.1 30.5 21.1 28.7 5.4 8.35 9.55 6.75 6.85 6.75 6.45 23.4622501134 6.85 7.05 6.85 30.2223216919 15.9260343862 6.75 6.25 30.2042261031 30.4511991882 5.75 5.95 6.35 6.8501731634 6.9440446391 6.3934119078 23.5084518793 10.3666666667 30.4969040394 9.4901371761 30.1094922192 12.4694840324 6.35 9.55 7.7266010238 7.05 6.65 10.0971540342 9.6373355562 15.5176752738 23.5617989856 9.65 30.5207592179 13.2302373727 18.2748334564 8.2178056689 9.138708522 18.6934562487 8.0048156164 30.0729948341 12.8111111111 9.55 9.65 7.15 9.65 30.6111111111 30.7111111111 30.9111111111 30.7111111111 30.35 7.25 7.05 12.35 9.65 12.5615508071 30.4923526966 10.1376880965
NaN NaN 6 30.8 6.1 6 5.9 6 6.1 13.25 8.25 15.8 23.25 7.05 6.95 7.15 6.95 6.55 6.85 6.95 6.95 6.95 19.4540925512 15.7134491708 5.4768182948 15.7758686137 5.3533326691 8.8705834467 6.15 6.45 30.7666666667 30.4777777778 9.7833333333 6.6897435897 6.05 6.15 6.15 13.6084518793 5.837864697 6.535208726 30.0651472445 6.95 9.7300971077 7.303030303 5.498142394 3.4768182948 6.85 6.85 6.95 30.4060112703 30.6219010501 7.15 8.3835203106 30.1574638207 30.3471417218 7.4758686137 30.478316797 13.5733912093 4.7158761576 30.4084518793 6.35 20.6333333333 6.05 30.4666666667 30.2666666667 10.7666666667 30.0666666667 30.0666666667 7.1666666667 21.7245006541 12.05 6.85 6.95 30.4311250567 7.75
NaN NaN NaN 5.7 6.3 NaN 5.6 30.4 8.05 30.15 12.95 8.05 20.75 30.3578685395 14.65 14.85 30.0270461645 15.1384487607 6.85 6.95 7.15 6.85 6.95 5.5615508071 10.4946277864 30.4267895821 13.51898463 9.078511354 6.15 30.2541587328 9.55 6.15 4.1295231453 5.8948749122 6.05 4.5333333333 11.7666666667 30.5067245426 24.8434849615 30.6811298163 6.55 6.25 6.95 6.95 6.95 30.1897785367 4.522521847 6.95 6.95 23.2235829038 6.85 6.95 12.1289342698 30.4116052299 30.1349737791 30.3117382165 23.92568603 13.7648090607 6.25 6.05 6.55 6.25 30.7555555556 30.4270461645 6.35 6.25 30.0761904762 30.4761904762 30.6761904762 30.5376880965 20.9135735976 23.1311250567 30.1 30.7147188482 7.85
7.45 7.65 NaN NaN 6.1 5.6 5.9 8.05 8.15 7.6 30.25 13.1242242458 7.95 7.15 7.15 7.05 NaN 11.8847858837 6.45 6.35 6.15 8.5333333333 11.1537203881 28.1316790289 25.7267895821 30.1856743286 30.1333333333 30.1333333333 9.75 9.95 6.95 6.95 6.75 30.3062672167 7.15 6.95 5.95 7.05 6.35 6.05 28.5207592179 6.65 15.3526087569 6.85 11.4850406063 14.0853397564 6.95 6.75 9.7705960277 12.5343272963 19.5874920661 30.2564102564 16.1 22.5564102564 30.4385891958 6.8417852127 22.3302373727 30.5937128312 6.85 7.15 30.3358404189 30.303030303 30.703030303 19.598142394 15.0777777778 9.2777777778 8.1777777778 30.1777777778 17.0777777778 14.9694840324 15.6311250567 5.3328101159 8.6660289775 30.6094922192 7.25
7.45 7.45 7.45 NaN NaN NaN 30 18.45 13.35 10.55 NaN 30.0558900823 7.95 7.15 7.05 7.25 6.95 6.95 6.1768182948 13.2513641714 20.9666666667 30.6 6.31056489 8.4011704976 5.81898463 30.1570224301 6.7666666667 7.15 7.05 7.55 9.65 7.6727487108 30.4175430751 21.5242242458 5.3393193566 6.55 6.05 6.95 6.65 30.4625444306 7.3570224301 7.4591076631 6.15 10.4328411419 9.0117382165 30.6060112703 30.6236890968 30.1453558739 30.3219010501 30.6115754658 14.9002554047 3.7222222222 6.45 9.2257618163 12.1977602346 12.25 9.5911673208 11.6118446873 30.4356117652 30.3208927697 14.8169517877 16.9222222222 30.3222222222 9.4202728564 16.8083333333 7.6083333333 10.0083333333 24.7083333333 15.0183739396 7.5450715499 30.5758686137 6.2192754236 3.5726779369 6.75 7.25
7.15 7.45 7.15 7.75 7.85 7.95 NaN NaN NaN NaN NaN 7.85 30.2893446036 7.15 30.302378304 6.95 6.95 4.5687796773 6.85 6.95 10.6969040394 27.0252444916 7.8418083139 30.2922860495 19.5665805837 12.7812466759 5.6666666667 7.05 6.75 7.35 6.95 7.05 7.05 7.25 6.85 6.25 6.05 6.05 6.35 6.75 3.138708522 19.3595038309 6.15 6.45 30.4318455014 30.6801158374 11.3326039052 10.2573786367 13.1683086365 6.55 10.2909187831 1.5752543046 7.873998276 9.4847858837 8.3963442264 8.5480057157 27.0101749826 5.5578339874 30.3523409952 8.0870412155 18.1421966066 9.3380952381 9.9380952381 30.1380952381 25.0380952381 22.6450715499 6.35 3.2758686137 7.15 30.2726779369 26.6578685395 30.6716618094 4.1084518793 9.19071197 7.25
9.85 7.35 7.3 30.45 7.35 7.45 7.45 10.25 10.35 7.85 12.95 NaN NaN 6.85 7.25 NaN NaN 7.05 7.05 6.6134491708 1.7915219852 6.85 5.5622501134 6.8340669095 5.7267895821 30.271505315 11.4197773382 6.95 9.65 9.85 6.85 6.85 7.1 16.3 3.6 6.05 6.85 6.45 6.95 27.5574638207 7.25 30.5993623108 5.65 6.35 5.95 30.2095238095 11.763570706 12.3055575185 9.8194193466 8.0088191311 10.4723311278 30.4248334564 18.8924010611 9.5761904762 8.4501096867 6.2314757273 6.5825157082 7.2 30.3047379305 18.2671695589 30.42568603 30.1833292142 6.15 6.05 30.1703703704 30.2726779369 30.4166666667 30.2578685395 10.2716618094 28.5453558739 7.778511354 8.5333333333 6.4 7.05 30.5245006541
7.55 12.75 7.35 7.45 7.45 7.45 7.55 7.55 10.35 7.85 7.85 1.8297141553 7.85 13.4302373727 NaN NaN 6.95 4.6 3.5570224301 6.95 8.0041568138 10.8347716914 3.0869632333 14.3666666667 6.7782210422 21.103083626 10.8198724248 8.0222222222 6.85 7.25 6.95 6.65 7.05 1.1 7.05 6.25 6.25 7.05 6.85 7.15 7.05 6.85 15.1111111111 6.25 30.2923526966 20.6419755892 30.1590193633 30.2092535051 30.6060112703 6.85 5.0329525334 6.65 30.2632972377 9.0687796773 17.6714285714 16.9333333333 13.2236890968 30.3 11.8240453033 8.6786892072 20.7282174738 5.85 26.2333333333 30.3333333333 30.2333333333 15.7333333333 30.5111111111 18.578511354 22.9333333333 12.9 12.0570224301 30.3540925512 13.3666666667 9.5270461645 7.75
15.35 29.8 7.95 6.1 5.3 3.2 9.75 10.25 7.75 6.85 6.95 6.85 5.2450715499 7.65 NaN NaN 6.85 4.5 4.6 4.6 6.95 5.3384487607 9.0225890798 6.9578339874 30.5174833192 8.3230658168 15.7504210912 6.65 6.85 6.95 7.15 7.05 7.15 7.25 6.75 6.85 6.75 6.75 6.75 5.3094922192 9.65 9.1333333333 24.7540925512 8.2714045971 NaN 19.747996552 22.4617874766 13.3889883586 15.4467825041 30.5417852127 30.6903557635 14.6146632187 30.1684525146 10.4190387257 6.2487248999 30.1648090607 6.65 4.6911673208 6.25 7.2540925512 20.1134491708 30.2889883586 30.1333333333 30.3333333333 30.6333333333 30.1333333333 14.0666666667 30.2666666667 18.2540925512 7.8453558739 7.547996552 7.4134491708 7.75 7.95 13.15
7.65 7.65 7.95 15.25 7.55 7.65 7.55 6.65 3.5761904762 3.4761904762 6.147996552 3.6666666667 8.3333333333 7.65 NaN 4.7 4.7 4.6 4.7 4.3 30.1669472598 6.2285580409 11.3574333907 16.0326204837 5.6604794146 5.6928362784 9.7 7.15 NaN 6.85 6.65 6.85 7.2 6.95 6.85 9.65 7.05 1.2 6.95 6.7513641714 10.4666666667 18.2 5.75 NaN 10.4660289775 30.3928371643 30.647996552 30.2883656714 30.2888888889 30.1955834467 30.547996552 10.1595038309 6.3422194537 12.05 6.1042261031 5.6741510037 30.1117159916 8.5268983415 4.9994484251 5.2 30.3393446036 6.75 7.9555555556 20.4555555556 30.5555555556 17.8555555556 5.7270461645 30.3761904762 10.2134491708 27.6615508071 10.0094922192 30.0660289775 8.5328101159 5.9108185325 7.55
